filename,published_file,sha256
vcm_test_015393.wav,fil50_00854_ref_tagalog1_TIMER.wav,8c72a0c80cc656a4ee7d3e06c20da6fbe44e96f96f9e4e1eefa14e70efb9df1a
vcm_test_015394.wav,fil50_10828_ref_tagalog6_ALARM.wav,3a39db1d5ef7a4e987a24633fbbb530bd759aadef7d4aa8fb174be64f2f43370
vcm_test_015396.wav,fil50_01660_ref_tagalog10_VOLUME_UP.wav,6d91ed7a0cba5e692be0a505f2a572de428b684eb61be5d6433a853f5847a444
vcm_test_015398.wav,fil50_13315_ref_tagalog9_TEMPERATURE.wav,1d057cee9a32c60fecb0539cfb2da6db16f4aba5bfe4f286cc0b61a73f55e627
vcm_test_015399.wav,fil50_07360_ref_tagalog2_MESSAGE.wav,1ac37d0627caf382ab6a67846070061db09507bbe3180d279a5c55912464b0c1
vcm_test_015400.wav,fil50_09117_ref_tagalog4_TIMER.wav,af806a9abc386ba7292a66ae8b95a55512c43b2354683250d5244321619689f2
vcm_test_015401.wav,fil50_05862_ref_tagalog15_ALARM.wav,50005b8b39e4c6d0796d7dd58a7c77e906f814296131672f28b212fa0a759619
vcm_test_015402.wav,fil50_05012_ref_tagalog14_ALARM.wav,93a0e0f263a4848ace70c4a2755edc5b99a606dc99fbf5a7e55d2bfe60e00180
vcm_test_015403.wav,fil50_09953_ref_tagalog5_COLOR.wav,fa4bd7fdcc8417453b6e38f4b07b6d48cd4c3918f119a5d08b3d0788b6437e40
vcm_test_015404.wav,fil50_04174_ref_tagalog13_WEATHER.wav,173f8e8048673f7ad37f3f3a4073f5684b6a58813f7ca19197ab1c7cabaeacd1
vcm_test_015405.wav,fil50_12501_ref_tagalog8_TEMPERATURE.wav,971e9561b1e57b8ce2bbfd416731ea5a604a92dc6c44e5513c7cc2cf73c76599
vcm_test_015406.wav,fil50_06700_ref_tagalog16_TIMER.wav,757b5d632e2d0cb49ed9464edb198d038e71031f7c2c1898bdcd2ae366c121b1
vcm_test_015407.wav,fil50_02516_ref_tagalog11_BRIGHTNESS.wav,c6a463716a4f4bc22f6a9538e3fddf126f6c236224c83258e01fe1752da98459
vcm_test_015408.wav,fil50_11649_ref_tagalog7_CREATE_REMINDER.wav,66550614d9f142d0275eb15e6534813acc1790e3150dbc40bc6aeef53352607f
vcm_test_015409.wav,fil50_03304_ref_tagalog12_LIGHT_ON.wav,278f7675a398edee9e53b637370e49e2f576487c0c2aafe6bb935659553791f3
vcm_test_015410.wav,fil50_00855_ref_tagalog1_PAUSE.wav,e98f6ebf7558a856ae5e320166a92ff7134ea9b15b7e35c30f49ed5605b7d4be
vcm_test_015411.wav,fil50_10829_ref_tagalog6_BRIGHTNESS.wav,761c49d205e39e3525a1900ba0061eeadbc2c9605cf97695762bed5c2bde7651
vcm_test_015413.wav,fil50_01662_ref_tagalog10_PAUSE.wav,6b78513eff3b0c1fe1aca9a827acf1f4760dde971c923d908283ede3763ae593
vcm_test_015414.wav,fil50_08268_ref_tagalog3_COLOR.wav,2e7262ab725a65bbffa6d9a6fa534439b75da163c9e56cfffdb2034335eb8107
vcm_test_015416.wav,fil50_07361_ref_tagalog2_COLOR.wav,c42efbc2ec1c014f57984597065ee44d594f566df56b4705b9f2282eb822217f
vcm_test_015417.wav,fil50_09118_ref_tagalog4_TEMPERATURE.wav,49644e028a436e3a40495f62e8004fd75404e12f20b4433d0c836ed559df14ba
vcm_test_015418.wav,fil50_05864_ref_tagalog15_COLOR.wav,db65bfaf3b7d3b2e6f6e0199e333f06b4e586b39023cd7e46d13cf97fc044cbf
vcm_test_015419.wav,fil50_05014_ref_tagalog14_WEATHER.wav,b7d7083b1f0d9b18fea969fd40aa690cb88f6a744b7b9936fe60cd937ce8c961
vcm_test_015420.wav,fil50_09954_ref_tagalog5_PLAY_MUSIC.wav,e8c7379db6289dd65f7a9f87de70fca977abf82ed2b3c8db6b784073bfc4b3a0
vcm_test_015429.wav,fil50_00000_ref_ilonggo1_STOP.wav,e9d6f4c813e42588469301b6c3ef194b175707e9ece998b7f79dd53f90c4d5d7
vcm_test_015430.wav,fil50_01663_ref_tagalog10_CREATE_REMINDER.wav,50214ded18b1ae17f971cd80c32be50af7fec3dbbc859021efcf2193a66ff2a7
vcm_test_015431.wav,fil50_08269_ref_tagalog3_STOP.wav,a4c6a5a28a5c8b020742c7ac2c02798765397fdf8cd3b7ac39edaeb5f5ba23e3
vcm_test_015433.wav,fil50_07362_ref_tagalog2_TEMPERATURE.wav,5f5ddd906275c10fbe4b620286de92478ba626625d0f93c1b4dc5cbb57cc78fa
vcm_test_015436.wav,fil50_05016_ref_tagalog14_CREATE_REMINDER.wav,35b614973ff9e6231f0d9d0065c8fb55236bbb91da292744ebe230bcd42f3aff
vcm_test_015438.wav,fil50_04175_ref_tagalog13_COLOR.wav,2bab22d8c1c37062f4c4a81614970ec9219cad98b47697c4fdc7dce809155074
vcm_test_015439.wav,fil50_12503_ref_tagalog8_MESSAGE.wav,93e0f1fd36592e2f791530e77bf037b0d09c9a46a05816ea42d509ceb2541c6b
vcm_test_015440.wav,fil50_06702_ref_tagalog16_CALL.wav,89fa591bdd83e7753572e3cdead4143d9ebb691d95229c3bbdf50e5f6c4bab36
vcm_test_015443.wav,fil50_03305_ref_tagalog12_TIMER.wav,b783d10b0e8a6486613227d185cb5f1870b8c022d44d220c8a76a19ca326e925
vcm_test_015444.wav,fil50_00856_ref_tagalog1_VOLUME_UP.wav,792a9291ccdf85ecd728ac53145ad0d0890f8308a20722b21b4d233114f7ff56
vcm_test_015446.wav,fil50_00002_ref_ilonggo1_TEMPERATURE.wav,9c3eb16f91b21a521d967a6625dea891fffa06c2f7f6cca2d87635680dc0b222
vcm_test_015447.wav,fil50_01664_ref_tagalog10_TIMER.wav,96a4b146a0a9ddde77723bb65190a20243335d94c43b7f5efe06f18e199e0195
vcm_test_015451.wav,fil50_09119_ref_tagalog4_PAUSE.wav,d552ec65cc27e8b8d919d96d7b434548f65008ad682e9dd43cee8173f8f530e5
vcm_test_015454.wav,fil50_09955_ref_tagalog5_BRIGHTNESS.wav,f1cd88ca000cc50be47511e13b7c4342af5e0d763ff5e2b4b300cf0761d6ca92
vcm_test_015456.wav,fil50_12504_ref_tagalog8_PAUSE.wav,db1c24d30aa9e813827a9eb08925e7d6c4924d0afa05700c151047449794b979
vcm_test_015457.wav,fil50_06704_ref_tagalog16_LIST_REMINDERS.wav,550af5a317b2a8303be4a8f7a9f853ced42209e5244554500128e6bad699a1d1
vcm_test_015458.wav,fil50_02517_ref_tagalog11_NEXT.wav,309e72d0e07ab94987d836cff5dd6fb96c18f35f698802972c1dcd4014981dbe
vcm_test_015459.wav,fil50_11651_ref_tagalog7_PLAY_MUSIC.wav,41c5757b06a5abb8fc87434b50091c9ec3d4ff1f4c748d208a62828eca1f415f
vcm_test_015461.wav,fil50_00858_ref_tagalog1_TEMPERATURE.wav,6cf06cc50144a85bcc7565a59cbbfa5754dd9978b3e2c48e09b7f7fb86b211b4
vcm_test_015462.wav,fil50_10830_ref_tagalog6_TIMER.wav,b0e3210e4a942a79526ea28c14ddcc1f826d9b761a60bb2b93fc49a2c4619ef2
vcm_test_015463.wav,fil50_00003_ref_ilonggo1_CREATE_REMINDER.wav,661e604d8e35224afda9910ddb67d50b6e767a03d06d110a018702c96ecd7b47
vcm_test_015465.wav,fil50_08270_ref_tagalog3_LIGHT_ON.wav,1e851862cfced58ab99fc66dcdd3fa8e79165df92ebfdcaad8cc99a742f60187
vcm_test_015466.wav,fil50_13316_ref_tagalog9_NEXT.wav,d41999484affdceb1d23135387b286eb4e750fd6ef5be9d46a42943d2e27b1f4
vcm_test_015468.wav,fil50_09120_ref_tagalog4_VOLUME_UP.wav,fccd9567f68b7e0016ed3e42b60f900997140dc5d5b49c7764d40eb4591cc665
vcm_test_015473.wav,fil50_12506_ref_tagalog8_CREATE_REMINDER.wav,fefdad690ba353a85df6bec884862582532af8638625715cae622df5bc3fb012
vcm_test_015474.wav,fil50_06705_ref_tagalog16_TEMPERATURE.wav,8f3532bdb412f312a10cb5c1ef195b5d8e0513efc80839af6dc25e42e38278ea
vcm_test_015475.wav,fil50_02518_ref_tagalog11_ALARM.wav,0f1cace6ef5445468dd3f338018a9ffa653aca76a4cc16a1ce76ab105c22f47e
vcm_test_015476.wav,fil50_11653_ref_tagalog7_STOP.wav,aba4c74b7d17ea5443ceaa6e809fd714e9441857e03c501a17829e4d2059132a
vcm_test_015478.wav,fil50_00859_ref_tagalog1_WEATHER.wav,51e4ddd5380dfc2737a6e09e2ce0e4d07673b718360d0deaeb32a10607fa46bf
vcm_test_015480.wav,fil50_00005_ref_ilonggo1_VOLUME_DOWN.wav,e4c3e7b829937a32a1abbcd69bb059771295d4e46e6c2fc0938c988475827ae0
vcm_test_015481.wav,fil50_01666_ref_tagalog10_MESSAGE.wav,2143eebbba2eb99b41066da22c89a37ea9fa7d7c604da8f5de11611f70fe7062
vcm_test_015482.wav,fil50_08272_ref_tagalog3_STOP.wav,bd2963ad2d0e77d582c3655216c36f1a7ec9b34c19f10fc156217ea3bc16bbc0
vcm_test_015484.wav,fil50_07364_ref_tagalog2_VOLUME_UP.wav,6f165a0f807bbd0d2a5baa44c6d3dc8f8b88b455910dc774b19b025f4b66d207
vcm_test_015486.wav,fil50_05865_ref_tagalog15_PAUSE.wav,f98e49623bc969094a4b9226128e98a50296a83e28e18e8fffb21f035b2d0a5b
vcm_test_015488.wav,fil50_09956_ref_tagalog5_VOLUME_DOWN.wav,559afde82c995714f4a754d19170e79c592acbef2d4c06633a53183380d318ac
vcm_test_015489.wav,fil50_04176_ref_tagalog13_TEMPERATURE.wav,c540686fadfb5bbc2a11c33d3816a65be75df12310a221ef3323a5b4e02ca2f8
vcm_test_015490.wav,fil50_12508_ref_tagalog8_NEXT.wav,20624ff24b48c9e52a0161c873344ea6f1ad3ec316dff0acda2c2fc0afdcf9ba
vcm_test_015491.wav,fil50_06707_ref_tagalog16_ALARM.wav,9220fb652b6265cd374e392dd5a8a1b8505d991c8a112112ce3775bb135a0954
vcm_test_015492.wav,fil50_02520_ref_tagalog11_TEMPERATURE.wav,a56348b4d64e1a795211e1e4b36db19e6a371d229a08d96a8a87ce30e81350e3
vcm_test_015496.wav,fil50_10831_ref_tagalog6_WEATHER.wav,72b2549b63271431173457eefc118f451d2a3c0393234e58880a9913350a37c5
vcm_test_015497.wav,fil50_00007_ref_ilonggo1_WEATHER.wav,c6e892908c0b8bca31a8fc5df000e358eab41ebaec0ac0b42a2ff7241cda5571
vcm_test_015499.wav,fil50_08273_ref_tagalog3_ALARM.wav,d24a6814d757269d352113543e3cc00d548e19de9d4000fb9b4f3b2d3302ba7a
vcm_test_015500.wav,fil50_13317_ref_tagalog9_VOLUME_UP.wav,a728d41c9b029dc447270873df4a2917a8af7926a08fa420aaded6fa46042163
vcm_test_015501.wav,fil50_07365_ref_tagalog2_ALARM.wav,0f2e004bfedf4ef9f4825b4ce75bccfc3cfccb868666751c3d40d0679a665ea3
vcm_test_015502.wav,fil50_09121_ref_tagalog4_COLOR.wav,9b5dc386f682de863b11b6e39f8de82d992315950c954b5baf2c30d91fb5cd1d
vcm_test_015503.wav,fil50_05866_ref_tagalog15_NEXT.wav,4b2cf191b7a98bb7375c64dddf66ab97c2d784451a3c830e6c3522135d7a7db0
vcm_test_015504.wav,fil50_05017_ref_tagalog14_VOLUME_UP.wav,8f8837d4be1fac080f9c8c74108ad83e9642337f506816e79072d051e7960c59
vcm_test_015505.wav,fil50_09957_ref_tagalog5_STOP.wav,2d3adc80e8c07bae8718778b14cb7ed67da28e975a08accac7e0525031dd4c00
vcm_test_015507.wav,fil50_12509_ref_tagalog8_TEMPERATURE.wav,e40988a870ffd551ce6e6cb867a5c73cb3b80067e698da0cd1e0d4c137fc5931
vcm_test_015508.wav,fil50_06708_ref_tagalog16_COLOR.wav,052792aa9344ba2d2dd4068c6312ded785107a88623bcb54ef02fbe96bc04fb2
vcm_test_015509.wav,fil50_02522_ref_tagalog11_COLOR.wav,a8a9f2a1e60acad0e494419f7b2291eceebacc9a634958ad3a096468e86bed94
vcm_test_015510.wav,fil50_11655_ref_tagalog7_VOLUME_DOWN.wav,6a2cd87a47bfbc6bb7067dff27295902766f024ef920c8fead9e796d576cc329
vcm_test_015511.wav,fil50_03306_ref_tagalog12_COLOR.wav,3598a026e0848bc768e56d2eeabab3d90ec68b00cd05ea766036b14c93fdf178
vcm_test_015513.wav,fil50_10832_ref_tagalog6_TEMPERATURE.wav,e895800aac2a4d5c6dc24beda1c8ae0d77796112745efeccc7eaeb8351b820a2
vcm_test_015514.wav,fil50_00009_ref_ilonggo1_CREATE_REMINDER.wav,23c04fc5e55a9b0d651add3ea6f0d6e15827edd1291687189a6c5aae736b4523
vcm_test_015516.wav,fil50_08274_ref_tagalog3_NEXT.wav,4fc96b59f31c3cbe645df44ce170509671a7a1eccbe6645b2a7ed3593a378d65
vcm_test_015520.wav,fil50_05867_ref_tagalog15_PLAY_MUSIC.wav,67fc6923a2f9ae692bb734dcf0d6b12eb2db070131353cdcaca007926b57678f
vcm_test_015521.wav,fil50_05019_ref_tagalog14_LIGHT_OFF.wav,8c5f298f2aa73fb239e7cd86f2c94789c0311794586358accebae0af4fd53ad8
vcm_test_015524.wav,fil50_12511_ref_tagalog8_BRIGHTNESS.wav,78713a133c920f993a6fde2e554b0271cb50545192cb07e945a4b5c33fde0f20
vcm_test_015526.wav,fil50_02523_ref_tagalog11_TIMER.wav,c1d299252593f862a2611f1790b4287d6185620e5041ddeef89807d071a69f34
vcm_test_015527.wav,fil50_11656_ref_tagalog7_PLAY_MUSIC.wav,e2b37b89c4b8a44ac822d6e07d0dba55390a8f62051dbef21298be11285fcdf8
vcm_test_015528.wav,fil50_03308_ref_tagalog12_LIGHT_OFF.wav,2edbf58b0d4a97d26517085ce17fc8b47d334b68323b95b00240dc79f4ebb59d
vcm_test_015529.wav,,279185f23f4acbfde7e6037f331d850eadad457468f6e807db6536b67e435243
vcm_test_015530.wav,,128c1f82809da86ea2904956e92f4452bafe7da990e2de02d7b6a0aad07dc4e8
vcm_test_015534.wav,fil50_13318_ref_tagalog9_TIMER.wav,9a068622c67a4a6fb0268ad157b77017e601dc98b2cc1949e19a001a3be140b8
vcm_test_015537.wav,,12aaaefcd4dbda2b6830d2c49b930301bd1f48584e14d7a0b8e6ed93a6aaaab1
vcm_test_015539.wav,fil50_09958_ref_tagalog5_VOLUME_DOWN.wav,d7fa4e23d3abde8c881ed8cd49b3fcd8cee1604e441d87b0026abfd49e26e636
vcm_test_015540.wav,fil50_04177_ref_tagalog13_TIMER.wav,d2cf242256758edcad42adafa25a11abfb078a224327d77fd091c0bbbd5e9eb7
vcm_test_015543.wav,fil50_02524_ref_tagalog11_COLOR.wav,39df1673f70b7b7f5e49264c09ece1c7f85259d7c1ec7a28a1bb0e1c3f9e90c7
vcm_test_015545.wav,fil50_03309_ref_tagalog12_TEMPERATURE.wav,8b9147e561afb172b9d72c463f2d51d6062c5b3ab1d100911cca3895c811213a
vcm_test_015546.wav,fil50_00861_ref_tagalog1_LIST_REMINDERS.wav,32015ba7fd66454f0987fa37a36a3be41c07320832ad5ad6e07194839ae654a7
vcm_test_015548.wav,fil50_00010_ref_ilonggo1_TIMER.wav,9105bec36e07738078419efaabac3b9977cc02cded79346deff846f082ad6660
vcm_test_015549.wav,fil50_01668_ref_tagalog10_PAUSE.wav,45f74e13fb3016facefcef6086e6fad0fbbcc77a2b6bc8114c14eaad8394fa9a
vcm_test_015554.wav,fil50_05868_ref_tagalog15_TIMER.wav,b1d12343740811076e38e40c1303b99151e556d61f69f836dfdd7a386a332132
vcm_test_015555.wav,fil50_05021_ref_tagalog14_TEMPERATURE.wav,7203ceecd915d8aea60790f6e55c94e5fb5bab8ffb631b2cf41cfb4461bffe87
vcm_test_015556.wav,fil50_09959_ref_tagalog5_BRIGHTNESS.wav,3a03eeaa7ce0527461a7a0d465410c65ba9f99d4579d936e8c7c5abcfe6617db
vcm_test_015557.wav,fil50_04178_ref_tagalog13_LIGHT_ON.wav,93d88954a93ebbeee815b403e06efc0a8e1e2d09c68421c827e9053c815412f2
vcm_test_015558.wav,fil50_12513_ref_tagalog8_CREATE_REMINDER.wav,650bf16ae7207128d1cbdc3016eae2e64a8c6ea3dedd6f62f7ba5de9cd85fa06
vcm_test_015561.wav,fil50_11657_ref_tagalog7_CREATE_REMINDER.wav,4693f5a719745f44b901227b103f2c26306591a663cab5017c8e8965fcd465c0
vcm_test_015565.wav,fil50_00012_ref_ilonggo1_PAUSE.wav,f4a5eedf9edf948e4e04223ca05948b386b63b97426becf4e719421cb0870cc8
vcm_test_015567.wav,fil50_08275_ref_tagalog3_WEATHER.wav,b60326fe5ea8cd4946f61705d3b6dc69c8f7e8e56b427eef85d12b388cbcfef1
vcm_test_015568.wav,fil50_13319_ref_tagalog9_NEXT.wav,cd86966a981efe45e68b449f1c16ffaebcf73671f47125e3574654411d53628a
vcm_test_015569.wav,fil50_07367_ref_tagalog2_TIMER.wav,e547c7f44158c3ec54906a25f0ff68ad3ba24adc6682f2b5cccf85da5ea4c768
vcm_test_015570.wav,fil50_09122_ref_tagalog4_TIMER.wav,c9fc2cefa5bf1de37a6df89df29c66b5947b8763636820e9e3529f0f41b07bd2
vcm_test_015571.wav,fil50_05869_ref_tagalog15_MESSAGE.wav,f69eb5a5fa655508b2a66b3ea30f71dd1ad2703a44a07f441fb7fd6aff637934
vcm_test_015572.wav,fil50_05023_ref_tagalog14_BRIGHTNESS.wav,aa8166afc1393752b4586200bf09e696d0eb364628468a7a74528f94f193d147
vcm_test_015573.wav,fil50_09960_ref_tagalog5_ALARM.wav,8371c2f8a5008daaa6a2204df31ed5665c8561715a0f39013c35ccb0d6791699
vcm_test_015574.wav,fil50_04180_ref_tagalog13_BRIGHTNESS.wav,08e9075abbeec119a9b181144e2f8e3121f757457db2a9d59c5e506c55a97820
vcm_test_015575.wav,fil50_12514_ref_tagalog8_VOLUME_DOWN.wav,a6eb5de839e70e3fc8ec4156676d0605f5bb6623ae682dd863bdae367ba48012
vcm_test_015579.wav,fil50_03311_ref_tagalog12_NEXT.wav,925ed870f6e1053e3262bedb92ac4076e8051fcfe66cd300826ddfbc5c7291f8
vcm_test_015580.wav,fil50_00863_ref_tagalog1_TEMPERATURE.wav,2e30f7213aacc9982ee06e9da4c269795f8bfe01cc15247e1cdca12378cd4ef3
vcm_test_015583.wav,fil50_01669_ref_tagalog10_COLOR.wav,0c7ff32743cae294561cee79934c51d931bfc0b764c9cbba2c23c9c8abef9029
vcm_test_015586.wav,fil50_07369_ref_tagalog2_TEMPERATURE.wav,4629d2e41e0801eda93be68e9a0100c0daea5c754b705b5f3b41e43d143b1384
vcm_test_015587.wav,fil50_09124_ref_tagalog4_NEXT.wav,096b025f4f95258bab0f0a2054b4a3dd4f462fb10391986ef74770e2f59dd1db
vcm_test_015589.wav,fil50_05025_ref_tagalog14_ALARM.wav,8a005c01ef888b6f20971a4e4d2137f48a97b862aeb0d80d962547c1766b93b9
vcm_test_015590.wav,fil50_09962_ref_tagalog5_COLOR.wav,bf6f58aed0a59d2f93e144af6c21b053ca7a55c67c5708e373ca6e9770a6a68c
vcm_test_015592.wav,fil50_12516_ref_tagalog8_CREATE_REMINDER.wav,e36026025855c7548f92c7d19b1e998fdd3676836de07fe15c5cfd7de04218f4
vcm_test_015593.wav,fil50_06709_ref_tagalog16_BRIGHTNESS.wav,df32b8da1341d61dea1b6e8e203dcd8d1b733fa1014dbf0f8afde8fc31086adb
vcm_test_015597.wav,fil50_00865_ref_tagalog1_TEMPERATURE.wav,8e8de719b24ce555cf8107a15602bc6d2a4e2ca207fa33a207c92cb5f763b747
vcm_test_015598.wav,fil50_10833_ref_tagalog6_MESSAGE.wav,a1f223a8d8b044ed0834a071229f34d6292f0675c938d040dbd143bcbe5dcfaf
vcm_test_015599.wav,fil50_00013_ref_ilonggo1_MESSAGE.wav,7c5bf9a8e53ae92d154ac4d1a52c10e0eb6aa36b1d8cdb913dee32d6994ad5aa
vcm_test_015607.wav,fil50_09964_ref_tagalog5_TIMER.wav,7a7461baf1cc1065ed24a9d7e1fc89124b4c9a014427c5c830fea5eb5396f49c
vcm_test_015609.wav,fil50_12518_ref_tagalog8_NEXT.wav,4d742cf4f0ca50bc9dc576e3d2a40266bfcfc6ef71bccb2f3c23e31773ad4281
vcm_test_015612.wav,fil50_11659_ref_tagalog7_TIME.wav,c6f3de88584cf5c3aaaacc1e0686c0f2c862b70303c02dd2ee7010c2b4525879
vcm_test_015614.wav,fil50_00866_ref_tagalog1_TEMPERATURE.wav,85fcf057609429dc1ebaa166456ba44712d2b7650be1f5dd1920802897894cd8
vcm_test_015615.wav,fil50_10835_ref_tagalog6_LIGHT_ON.wav,dd9c3817434e443737f779a2d3d295dd5cc80785ac9b6e10adc9ad5c5a4e1893
vcm_test_015617.wav,fil50_01671_ref_tagalog10_TEMPERATURE.wav,ca0ad182a0e6d2129155f0f5a566fb8b0fd7aeef71503035fd82d5a13b9e0060
vcm_test_015620.wav,fil50_07370_ref_tagalog2_NEXT.wav,de5ffd325ceaedbee97dd269d5aad060c1e8ea1e81f5887f9d735c9169efb322
vcm_test_015621.wav,fil50_09125_ref_tagalog4_BRIGHTNESS.wav,7534e1050e7790cd3beb5805a6e697ddedd880b9301f8313431cb034166a740d
vcm_test_015622.wav,fil50_05870_ref_tagalog15_COLOR.wav,71802da8ab00c4003edd6340557cf9909ef79db756c99bb26a18b1c880f5e38f
vcm_test_015625.wav,fil50_04182_ref_tagalog13_COLOR.wav,2d55fe8b61be000b2d2948e7e78e526f539d30f0376cc9c945314f0c12b7b953
vcm_test_015626.wav,fil50_12519_ref_tagalog8_VOLUME_DOWN.wav,df1c008ea7ee1be7664dbdbde9b4c9e6a465ad2e3b58280219520d62d53278ff
vcm_test_015627.wav,fil50_06710_ref_tagalog16_TIMER.wav,960f3ee1c09def045f1b59a66f3e6392fe45a209f3379831eeaab4ca3906b5a0
vcm_test_015630.wav,fil50_03312_ref_tagalog12_TIMER.wav,8b7d4ffed230acd32dfcc1f1311aa29e9408cb203d79426d473897a6f9e4185b
vcm_test_015631.wav,fil50_00868_ref_tagalog1_CREATE_REMINDER.wav,e9014b0328b2d72ff6b77af0477e47f23e072a1c3d68bd55fc15d9f2ba5becfc
vcm_test_015632.wav,fil50_10837_ref_tagalog6_TEMPERATURE.wav,3300ede9218709d80286c268fc231321fc47b751c9fd4c854dc8491705d14fa0
vcm_test_015633.wav,fil50_00015_ref_ilonggo1_TIMER.wav,437cb765acfb86cbf99c4329fe73556b1aace01f492b4337bb331e68bcacddad
vcm_test_015635.wav,fil50_08277_ref_tagalog3_LIGHT_ON.wav,a881f305d37bef52174c02ce84ebd4f67fe7da2fe5e2d1fde92062dab69cbb62
vcm_test_015636.wav,fil50_13321_ref_tagalog9_LIST_REMINDERS.wav,b1bbe93ab3d53b71e882cfed2c12f7922e371ef421a705aea31de3ef77abea1a
vcm_test_015637.wav,fil50_07371_ref_tagalog2_LIGHT_ON.wav,54458d546de39b1da5044dfbca5f0ec5a1c0f928c05d3bd1515fde6759334885
vcm_test_015639.wav,fil50_05872_ref_tagalog15_STOP.wav,b3c404ea8fdf8524d748e7aba852cb72527941dd9e64e7af05db81eaf31c4a84
vcm_test_015640.wav,fil50_05027_ref_tagalog14_LIGHT_OFF.wav,d84fa599446580db6317b760a73f2fff490a349b73099ff9bbd0ca4dc04e0b67
vcm_test_015641.wav,fil50_09966_ref_tagalog5_CREATE_REMINDER.wav,09f0303d4adbc968f112e8ddbd22bb233386e14f392101a4ca4ea9187c5a9de2
vcm_test_015644.wav,fil50_06712_ref_tagalog16_NEXT.wav,44f9bce113e4ac459085c1d668b784df0ac59b71a3b492bc7566ba2e140d1677
vcm_test_015646.wav,fil50_11661_ref_tagalog7_LIGHT_OFF.wav,ab688269f859f519f268ed5d5205656185a9b41723cd04ba594a56f2f4f98710
vcm_test_015650.wav,fil50_00016_ref_ilonggo1_VOLUME_UP.wav,64ede8e6141311d9ad3a273846e3089f8fdaac729d5d1aac65d0965f8e6ee1e5
vcm_test_015651.wav,fil50_01672_ref_tagalog10_TEMPERATURE.wav,aecf8739f4bd0830208608ed323200f3ed064db01dabf45578a10bfd541864cd
vcm_test_015653.wav,fil50_13323_ref_tagalog9_ALARM.wav,f6e35204bb53a69adc667cd8748ca18c300636c073bc7075a317ddac46629d42
vcm_test_015655.wav,fil50_09126_ref_tagalog4_NEXT.wav,d5b5637a32462412d9d73d5fd196ae6122be17c0181deaf0afcf7d16740b987e
vcm_test_015656.wav,fil50_05874_ref_tagalog15_TIME.wav,413064c5da52c697b1cb2fd5486e3a9c39ff576a1a1fc84639c6bf0498244a84
vcm_test_015658.wav,fil50_09967_ref_tagalog5_LIST_REMINDERS.wav,9d3636c07e636e7b821faea4acc62c19f9ae177c851f2e70a9856cf370df9047
vcm_test_015661.wav,fil50_06714_ref_tagalog16_COLOR.wav,3409d3a9d3220ada3f6ab259b27bcc7b9b3e951694c83ee4b0e457ca54970880
vcm_test_015662.wav,fil50_02526_ref_tagalog11_LIST_REMINDERS.wav,0d73ad5a0e4b69782a675dc05b16bc832c86ab18c262753242758627d9676aef
vcm_test_015664.wav,fil50_03314_ref_tagalog12_CREATE_REMINDER.wav,74370de430f0e4b89800c2395262a2cc8dcfb3083bd377a35cd7de2d6c28b800
vcm_test_015667.wav,fil50_00017_ref_ilonggo1_LIGHT_OFF.wav,876280f3850f71e14e91b4bfb58bc1f1fa50412ac96ca9167d7823fc6e8fce00
vcm_test_015668.wav,fil50_01674_ref_tagalog10_TEMPERATURE.wav,e4b98378f73468a606f824d5e5f17d6722394b56afc94a0340aa3f76564f03b3
vcm_test_015672.wav,fil50_09127_ref_tagalog4_STOP.wav,b86765e21e925c6737b1c9f6551d66ea781973b935e132b41d175a57f3930975
vcm_test_015673.wav,fil50_05875_ref_tagalog15_COLOR.wav,d81f75080372722df87e05be8394b3a5bb7ebcb9d305e30d28500ee6dc5afea2
vcm_test_015678.wav,,5fdc452887f7c8556fe0a468ca76bf59c0eaacaec46bae261bd66f982c7086ab
vcm_test_015680.wav,fil50_11663_ref_tagalog7_ALARM.wav,1d420423bba732be942a6fc6ee79bc255e81d0b014a66c23497bed38c0b0780c
vcm_test_015681.wav,fil50_03315_ref_tagalog12_BRIGHTNESS.wav,8555273b92766b15760c604f5350aa079d161a57bdf06aefceb7789e62c3c96d
vcm_test_015683.wav,fil50_10839_ref_tagalog6_TIMER.wav,7fbb961649b9968b3f90d60fd87975d3acf0c8c774080e8be4fa1456d2910422
vcm_test_015684.wav,fil50_00019_ref_ilonggo1_TEMPERATURE.wav,d26ddf758253d7ea4e95fb356a95ae1117e5eb3adbb7e826f5b45a2ed6229c9d
vcm_test_015687.wav,fil50_13324_ref_tagalog9_TIMER.wav,fd1c940df2f75ccacca19cbd1fac2ec7d36d301ad3ee555004b5544b2acd5707
vcm_test_015690.wav,fil50_05876_ref_tagalog15_TEMPERATURE.wav,35321dfb7beba077b8cc9929e7572161763916f551e402b512f947e9e079a236
vcm_test_015692.wav,fil50_09968_ref_tagalog5_CREATE_REMINDER.wav,4f9fc37f79d64e6963fd6ffb84d25c8ced76bdc57d0cdc5c6b94f471ec183446
vcm_test_015693.wav,fil50_04183_ref_tagalog13_COLOR.wav,1a32e40a3653229994bedf308ed472993a695efa6578a3dff53895de70c393cb
vcm_test_015694.wav,fil50_12521_ref_tagalog8_ALARM.wav,1e980cc833fdac215072de10afa96575cb029ceda25116c926610c03e3ac0fce
vcm_test_015695.wav,fil50_06715_ref_tagalog16_TEMPERATURE.wav,efc2275b0f3b8765af76256f2b9b164c73866039642f239008af9612cffab0fb
vcm_test_015696.wav,fil50_02527_ref_tagalog11_COLOR.wav,d084af54f8f5f3baeb2d15f5ea129b565bf35f08b2c3b593348ad12e494f319d
vcm_test_015697.wav,fil50_11665_ref_tagalog7_TEMPERATURE.wav,dad19235e1546ce575c8ff2a1da79367d5aa38441874fe7b468cb2678b004f52
vcm_test_015698.wav,fil50_03316_ref_tagalog12_PLAY_MUSIC.wav,18fb26b9477944dadb5bd51c2ea1dd37c6cdea1a157f897a209bcc5d8dff6f5c
vcm_test_015699.wav,fil50_00869_ref_tagalog1_TEMPERATURE.wav,44a69b36de9a38dd2b812ae95ff2ca6ab0ca5a1cebd5c60df64d2e7e99d5a355
vcm_test_015700.wav,fil50_10840_ref_tagalog6_TEMPERATURE.wav,2627ea41512b1c615f63eac0cbda31431abcff0a069dbd84a00ed151b9296c22
vcm_test_015702.wav,fil50_01676_ref_tagalog10_COLOR.wav,45c8e853b991e83ed946879cd164e0bc67152cd6ef68f0459a39b4b11f0fb261
vcm_test_015703.wav,fil50_08278_ref_tagalog3_TEMPERATURE.wav,dd2207a71ae213447a4828fe5bb5d2d45ebb001eb953a97bf6d4ed8c0bcb373f
vcm_test_015704.wav,fil50_13325_ref_tagalog9_COLOR.wav,1aa74445845d7b84600378c9714faa88631db0ef2ea46fdb8a3e7f9fa276f124
vcm_test_015705.wav,fil50_07373_ref_tagalog2_ALARM.wav,03fa8baf4d54c1cf5b8e60874c60b9ded97bae77b066b0c91be69359646586f0
vcm_test_015706.wav,fil50_09128_ref_tagalog4_VOLUME_UP.wav,87287d047e7115716fd5ceccb1a3569d511b6e98bdde98d1711f6334ad242bd3
vcm_test_015707.wav,fil50_05877_ref_tagalog15_COLOR.wav,6980b6d9e10977d611575117ff5e2ab6bdf7347d3a563dc8f9a6840bc54e27bb
vcm_test_015708.wav,fil50_05029_ref_tagalog14_COLOR.wav,40c11066f8e1c6b28b9ff5b61ce20739c092dda5545def25691c6a818b680303
vcm_test_015709.wav,fil50_09970_ref_tagalog5_ALARM.wav,71031cba5f6c8e8577977369a4d9d3dc79d4e8da907465d0225ed0ea6ff94381
vcm_test_015710.wav,fil50_04184_ref_tagalog13_COLOR.wav,cc8d3d80b5aaa0f96798ffbc377b9ed5e3c4f3e56b8bcbc4ab2dba632a82ab4d
vcm_test_015712.wav,fil50_06716_ref_tagalog16_LIGHT_OFF.wav,2880db2909e8d6717703c8dc6fa82b70c754a8957d963dbc9c1d3db84e2709e9
vcm_test_015713.wav,fil50_02528_ref_tagalog11_VOLUME_UP.wav,efd35274562a224ebaced1f7b106da0b3a4b2ebeedcde7737de2d5d7a99cd339
vcm_test_015714.wav,fil50_11667_ref_tagalog7_BRIGHTNESS.wav,0c1396d6aab4e1a00884e377b1362c8e23f5341e3a8ac34876d580f47b9142d6
vcm_test_015715.wav,fil50_03317_ref_tagalog12_STOP.wav,cd0eff143eb66c8438d3a7c37bfc751f0f3eeecc8c89fbfca1d82c844c441f7f
vcm_test_015718.wav,fil50_00021_ref_ilonggo1_TIMER.wav,861cd6a253aa7bfc4d3878b37510472201d16a74d33f148869b4bf41766dcf9e
vcm_test_015719.wav,fil50_01678_ref_tagalog10_PLAY_MUSIC.wav,b193cb5651c55589c818fe7bc85f70b99cd5f355dfe596498bddc0b369b6b787
vcm_test_015720.wav,fil50_08279_ref_tagalog3_TIMER.wav,336518290d5cbf6f459e1501f11453b183552717ac06e8f22483868ba9746e6c
vcm_test_015721.wav,fil50_13327_ref_tagalog9_CALL.wav,029eb56f41c8414afe2b9437c64368855b186cdbc5166dd15c3b326d8de35f13
vcm_test_015726.wav,fil50_09971_ref_tagalog5_COLOR.wav,faa242e000fc6af6b458d34a2f211c134c00d4cad0c5616a5b5ad526e0de8448
vcm_test_015728.wav,fil50_12522_ref_tagalog8_ALARM.wav,6ff8fd0091913565310230fb05daf0e137f871088cbb6da26f8c7e0d84690065
vcm_test_015729.wav,fil50_06717_ref_tagalog16_TIMER.wav,0f5ed7fe5f30ce027f3437643ac6e510bdc1b186d89b2c4ad9f8c89289df6212
vcm_test_015731.wav,fil50_11668_ref_tagalog7_TIME.wav,3d44dc0f62562de9cbeaf5644cff1d483522654e7ff1511fb5a2fc92c4e476c3
vcm_test_015734.wav,fil50_10841_ref_tagalog6_CREATE_REMINDER.wav,e2c746f18c4a23137ae3e5b7255b7b8247e553fc40671f6b0d62f9e82477b06b
vcm_test_015736.wav,fil50_01679_ref_tagalog10_ALARM.wav,c0e228411287a918760031df9965b52ae202c1ec4040122589306d234bc5a265
vcm_test_015737.wav,fil50_08280_ref_tagalog3_VOLUME_UP.wav,4def6f9ee70c884aad40de4bd03e013b73be3a7aabfe1e76e5b9e5584585e44b
vcm_test_015739.wav,fil50_07375_ref_tagalog2_COLOR.wav,e5755f4656ffb1b85dc64cc12a75e56106c7db03c0ead94a1d084329369aee4a
vcm_test_015740.wav,fil50_09129_ref_tagalog4_TIMER.wav,0bffb3c536b69264ef6be35deeb271d95188c2c120c9043eb6cf3d1e9094731b
vcm_test_015741.wav,fil50_05878_ref_tagalog15_CALL.wav,4e514bd70170cb3cf6112634b3b90b93c944c143ec05ccd3ac218838c2a326bd
vcm_test_015743.wav,fil50_09972_ref_tagalog5_CREATE_REMINDER.wav,911f833731369c6ac57b1a5c0aceb03a2618aef87cc0f2e85bedceff9a72357c
vcm_test_015744.wav,fil50_04185_ref_tagalog13_TIMER.wav,2715aafb33709d101ef7ebdf9371a4b6bd254b764729b9f589c33cfdcc5e8a6f
vcm_test_015745.wav,fil50_12523_ref_tagalog8_ALARM.wav,780e91ffa430186c3702cb880f5ddcd018749272c158abbe3935db0696977291
vcm_test_015746.wav,fil50_06719_ref_tagalog16_VOLUME_DOWN.wav,173e35af0a04ca829531b48dd59655051525659e787dfc9b1e1df09f4294ac83
vcm_test_015747.wav,fil50_02530_ref_tagalog11_WEATHER.wav,50efca8aa1ce9357e7ae89223cdc4778a6eed042987a7301a06148f086a3d06a
vcm_test_015748.wav,fil50_11669_ref_tagalog7_PAUSE.wav,8ce1dde8757f29ae5b3068283380b1575835199df7628f4f8675d29421f00185
vcm_test_015749.wav,fil50_03318_ref_tagalog12_TIMER.wav,efbd7d45d3df4e698a2c6c8e58aa74e369252efb880dc558e61ea79845180ff4
vcm_test_015750.wav,fil50_00870_ref_tagalog1_BRIGHTNESS.wav,eb42d3221cf6157a6d792146019a76672572e6dd9c401c9e034a84bb2a1b4d57
vcm_test_015752.wav,fil50_00023_ref_ilonggo1_TIMER.wav,5735b501902aebe20bd8b50960be2b884b427cea6a1a12ae71229e439a48214e
vcm_test_015754.wav,fil50_08281_ref_tagalog3_LIGHT_ON.wav,157883c8e52423156afaa31fc0241ee33e4ee62f7ed76c1695f0bbdc0872cb63
vcm_test_015755.wav,fil50_13329_ref_tagalog9_TEMPERATURE.wav,e77bfb466439f8d6b5c74f789e92bf4028d772150888eea92e400ad56e32830f
vcm_test_015756.wav,fil50_07376_ref_tagalog2_ALARM.wav,d7a5db0e9e8397a11de0e37b1e7e3874828a0505d35cbfde741b57baf89ffd58
vcm_test_015757.wav,fil50_09131_ref_tagalog4_COLOR.wav,e7d721595e5efa502e12e17e188ecc599add67249953f2b88fd1860a62abae84
vcm_test_015758.wav,fil50_05879_ref_tagalog15_ALARM.wav,a046ad79962caef952c25baf1c7082f5401deab8f9edfa77e5c271dd41d040cb
vcm_test_015759.wav,fil50_05031_ref_tagalog14_MESSAGE.wav,eeb247d891250dd7f4450b8de943df960c56dc39673771816c20a11bdf250abf
vcm_test_015760.wav,fil50_09973_ref_tagalog5_COLOR.wav,61002673c5b8856ae21536a4735b448d5867520972477d05aa9c82a662740ffc
vcm_test_015761.wav,fil50_04186_ref_tagalog13_WEATHER.wav,8ba8b3b8097abcfaf9824e14055d0aac888c8c255e4ae482f31fa9e5cd69e39e
vcm_test_015762.wav,fil50_12524_ref_tagalog8_TIMER.wav,b029f58f119776313ba13782189866c17dcdfea01b536cb6cc139414c2493c5c
vcm_test_015764.wav,fil50_02531_ref_tagalog11_ALARM.wav,5465b05c9ae11ac6a01418c3e665b8385043850a9e78fbff21773065ac44514a
vcm_test_015768.wav,fil50_10843_ref_tagalog6_WEATHER.wav,56a146157033521409368c771786282fde7e87a82f42d87315cb43fa16eb9d15
vcm_test_015770.wav,fil50_01680_ref_tagalog10_ALARM.wav,e44a564a8a9a9a8cda152b8a9d8c1c62ecf348aeccab50423f5928da91f2e5c6
vcm_test_015771.wav,fil50_08283_ref_tagalog3_CREATE_REMINDER.wav,52ba8000b50749268234237ccab86c5cefeee8b457b9ffaf61be0546b859562e
vcm_test_015772.wav,fil50_13331_ref_tagalog9_ALARM.wav,c2c29aa2a17535bc5e8b9ebd55340e58c3c58b5a7965953491cfe823b513a807
vcm_test_015773.wav,fil50_07377_ref_tagalog2_TIMER.wav,3bb02a0bc0d644e48198c7f006aa0d829193c626b314c3adb5804558ea19bda8
vcm_test_015775.wav,fil50_05881_ref_tagalog15_CREATE_REMINDER.wav,ffaade86a16fd3227c7902d237e90ea0f819f48123e9278b16bea25c1366f507
vcm_test_015776.wav,fil50_05032_ref_tagalog14_WEATHER.wav,0b20591e342edc3886ee8eeb3226f341f260852f6d7ffbb1d5c0d2592f28a9b8
vcm_test_015777.wav,fil50_09975_ref_tagalog5_MESSAGE.wav,a0bb8a547cd314d23a0af801d138dfc81af80f07cd2b1d10314959fba0196185
vcm_test_015779.wav,fil50_12526_ref_tagalog8_VOLUME_UP.wav,0a54f3750cad98770e6f86d6df7111a8455b3d57d4ad62c045008481deccd542
vcm_test_015783.wav,fil50_03320_ref_tagalog12_TIMER.wav,d7235194d8ff62b6779eef2634dbe958a511079effe2903affc1d906f1630f7f
vcm_test_015784.wav,fil50_00872_ref_tagalog1_STOP.wav,ad790b9e65a4a6375ff465eaf608d412e514ab7f62d1d704a937daca6a8c16c8
vcm_test_015785.wav,fil50_10844_ref_tagalog6_PAUSE.wav,3c10961c64a2cc94b9f1ac09336e4dc25e65c6bc982f811bca003068d0cba7d9
vcm_test_015787.wav,fil50_01682_ref_tagalog10_BRIGHTNESS.wav,9c4d3d2ca7743cf936d5b2d5aac2ad782b6fd4df2fcb94a6defcbbe828cf2059
vcm_test_015788.wav,fil50_08284_ref_tagalog3_STOP.wav,9ca433c562cbecea2f76d93da91cfefb73d0a47d88d5569f7c846aded4c8e5f5
vcm_test_015789.wav,fil50_13333_ref_tagalog9_COLOR.wav,f0f355ea765186bb5367f717709b1325fe7467025a51c6463f829525fc12225c
vcm_test_015790.wav,fil50_07379_ref_tagalog2_TIMER.wav,a8bfa7f4eaad4338c3bb5be896dfef924d1261106cb10e557b4cc654d4964baa
vcm_test_015791.wav,fil50_09132_ref_tagalog4_WEATHER.wav,423da1297dd75988489dd987dfcfc6d94fb29965072dafb05900b23fabf7bd1c
vcm_test_015794.wav,fil50_09976_ref_tagalog5_COLOR.wav,b6218f3c26619a7e7d06880021d439d7cd2c5f0e6a9f3e2871c524d8e402cba5
vcm_test_015795.wav,fil50_04188_ref_tagalog13_STOP.wav,b0e5672f046511cd2469c5ab78f9eacf2d825988434af75342d8ff4e6fa53940
vcm_test_015796.wav,fil50_12527_ref_tagalog8_ALARM.wav,55ff22d8eedfc7020e34581d9f8ce6144c5ab8e0c1bab6dbc51e000109bac900
vcm_test_015799.wav,fil50_11670_ref_tagalog7_NEXT.wav,8feed55b330889ff14eeba291fd0cf16aec115ec0d6fddb8d49bb9df3f184620
vcm_test_015800.wav,fil50_03321_ref_tagalog12_NEXT.wav,379f18b5c1cc26ad7501324a51ae57326f350fa7ab46f789ca46f126eb893fab
vcm_test_015801.wav,fil50_00874_ref_tagalog1_TEMPERATURE.wav,2c5207dc1691c915df7196a2a9482b340c50732ca3c09ade274b80bfc29de80c
vcm_test_015802.wav,fil50_10845_ref_tagalog6_STOP.wav,5a9443eaef37f4ff971bd54d83ea8f004c109d544d13f7389c87c899e4a01ec9
vcm_test_015803.wav,fil50_00025_ref_ilonggo1_ALARM.wav,2824fe0f23c253d85c5628717694c942a1f8477bef8e1768ccd2963edc23df88
vcm_test_015804.wav,fil50_01683_ref_tagalog10_CREATE_REMINDER.wav,93f8f8e500468e5bfaf4cd17e63261237365baf0de14812fd283ad83a540f703
vcm_test_015807.wav,fil50_07381_ref_tagalog2_NEXT.wav,050ce4704b169524fc1f22a544eb19b6c251ad89fd6f4f314838d3d4dc36d7fa
vcm_test_015809.wav,fil50_05883_ref_tagalog15_NEXT.wav,b8390ece802b52f42546fdfa9bbf6d16092d419a88bac41d887bdb5b80a25664
vcm_test_015811.wav,fil50_09977_ref_tagalog5_CREATE_REMINDER.wav,9972d6227e99c3cb64fa9496c15b80ce3d9ab66ef80156ced22133576d2718e7
vcm_test_015812.wav,fil50_04190_ref_tagalog13_ALARM.wav,e5687919e0ab332c54217e044a8b2500e703dee28dd37266dcdf4aab878b8b85
vcm_test_015813.wav,fil50_12529_ref_tagalog8_ALARM.wav,afef35b2df8999fdcb0636d5cd194ead40f6667a34f93d3b600090b56a584a17
vcm_test_015814.wav,fil50_06720_ref_tagalog16_CREATE_REMINDER.wav,e6e9df2371218e8862e4bc7f46b5fb6d4c0669423d6d4f6d1c2e948e0bb4f17f
vcm_test_015819.wav,fil50_10847_ref_tagalog6_PAUSE.wav,79bc50371dcc9a0f41425896d01be9eaef880b8fbb6771366ba108c8f93b8356
vcm_test_015820.wav,fil50_00026_ref_ilonggo1_VOLUME_DOWN.wav,c1cdef02090021f093d39eb67a431aca432ce24c459d9fbbf7f4fe0389f9b8ac
vcm_test_015821.wav,fil50_01684_ref_tagalog10_BRIGHTNESS.wav,4980b0273a4340aeb0afacb5f4af2393a6bb885d242db79e21c93954af06f1cb
vcm_test_015822.wav,fil50_08285_ref_tagalog3_COLOR.wav,aa73d0a6d25a8c87ac1bd80cfff37b13874957eeb71d012f33efae64cdc14c9e
vcm_test_015824.wav,fil50_07382_ref_tagalog2_COLOR.wav,a430833ef8b65628f144df3c98c21d23aa31afdc08568d63dd5f4b0460478366
vcm_test_015827.wav,fil50_05033_ref_tagalog14_MESSAGE.wav,1b5049e0dcc6aa0fbb1786db26f8e19eea30514c00f5fbf95407fba6f7ef11f6
vcm_test_015828.wav,fil50_09978_ref_tagalog5_TIMER.wav,53dd5f52ea5bd3802db66c6581e13bdd932413c2cac34782af38caeb113243a7
vcm_test_015830.wav,,97da06a27815cf4f3bfa185d4048ac8bf36b161f50760f6e4ebc7b27af352555
vcm_test_015831.wav,fil50_06722_ref_tagalog16_TIMER.wav,7ea793f3dd1e14d399b50e27512734f640cefade003da3b583c0f628a0fc7da6
vcm_test_015832.wav,fil50_02532_ref_tagalog11_PAUSE.wav,a8f23335d3f1f665d66bdc2418b3d2ddfbc5877cb8149faeb07b3feb7d4ece49
vcm_test_015833.wav,fil50_11672_ref_tagalog7_WEATHER.wav,1abb387c31ab56a3de052f93442a7a6ac42de451431349a6cd69dd96c3cf30ee
vcm_test_015835.wav,fil50_00875_ref_tagalog1_BRIGHTNESS.wav,535da8cd335d97a0902ec8aac368a92900d1ec5262102396a62d99fa0e7816fe
vcm_test_015836.wav,fil50_10848_ref_tagalog6_COLOR.wav,a3c6526897e285c8d0d01d384b0d3a57c5f45c8c964d39930be8ca92b655386a
vcm_test_015837.wav,fil50_00027_ref_ilonggo1_CREATE_REMINDER.wav,1f551c89adfa7e57b27516f058eb9d9ccf9aabfb3c1f6a6caa97be8f1df5879d
vcm_test_015838.wav,fil50_01686_ref_tagalog10_ALARM.wav,8938c03dac3bc447516df497a56ec9e777685908078bc59f8bf516e423def3cc
vcm_test_015840.wav,fil50_13334_ref_tagalog9_TEMPERATURE.wav,71112d0b2635c5af8f05736360014277c4d61ebc4dfbaccb6354fd9ad21dd83a
vcm_test_015841.wav,fil50_07384_ref_tagalog2_NEXT.wav,8010b4ba68af26fe8a41896c7b1d8d72c4c93aa66b235f4588fce57387e941ec
vcm_test_015842.wav,fil50_09134_ref_tagalog4_BRIGHTNESS.wav,705906f9c044bfb91c60d10e334263c97b369624511a5119fec553946c41535c
vcm_test_015843.wav,fil50_05885_ref_tagalog15_TEMPERATURE.wav,fd1078ca32f2048519c3e1c535a9865fd21daae31f866cb08fcbcb7a1b8b31ba
vcm_test_015844.wav,fil50_05034_ref_tagalog14_BRIGHTNESS.wav,6bbaa3a263887c1b4ec2c611c1eeb0304334748f58c3222a37afade20ff2b6d6
vcm_test_015846.wav,fil50_04192_ref_tagalog13_TIME.wav,1f6688429a3fb4a32fd43596968a346828d0b2ffd41da21a4d16c00a28bdeb63
vcm_test_015847.wav,fil50_12530_ref_tagalog8_VOLUME_UP.wav,6a073e4cdb74a353b9b10fff8a577eebbef14bb22685ca540e3b1682a4ea5885
vcm_test_015850.wav,fil50_11674_ref_tagalog7_ALARM.wav,37a36a6dc1f42f0ea41081b271e0822d4977ffe6a5cce2d1a6918ed5d05f1ea5
vcm_test_015852.wav,fil50_00876_ref_tagalog1_TEMPERATURE.wav,3d768f547e72c8501ca49ea777ac3f21ad2594b9a6d44659d657e988736b2e56
vcm_test_015853.wav,fil50_10849_ref_tagalog6_TIMER.wav,092c9a1e0c9e012ee5cf62e6b6644d5d693002efa30398e87547a14511ee8e60
vcm_test_015854.wav,fil50_00029_ref_ilonggo1_NEXT.wav,15f3cd1c19c933c0fcb5004204efa1943b0373a765af99d1f571d336805e23ad
vcm_test_015855.wav,fil50_01687_ref_tagalog10_COLOR.wav,3027d2810ea0e65298a2ca97ecc3fec2326f5619543487283e5c47675ae97a2d
vcm_test_015856.wav,fil50_08287_ref_tagalog3_ALARM.wav,22a5f96e8c370961ca0df01e7966a7044ffcf2d6dd70680dad091e2415563236
vcm_test_015857.wav,fil50_13335_ref_tagalog9_LIST_REMINDERS.wav,9e679cae2a0ea474338286a5577fbdcdd141f5eb2216967827d66c819d4d397b
vcm_test_015858.wav,fil50_07386_ref_tagalog2_CALL.wav,19a8b45175ef05e1851da1f366dac0c10c0fd8e98e9a79d6fd527baf696a6eaa
vcm_test_015861.wav,fil50_05035_ref_tagalog14_COLOR.wav,a43dc39fe4c1ede231ea8306233e70ddff09bb4e1848ac6a4cf6b1ac675b0cac
vcm_test_015862.wav,fil50_09979_ref_tagalog5_COLOR.wav,353330acbbb731f98b53b84ac17f84fedcf833e3a9829dad94c5e9747f060227
vcm_test_015863.wav,fil50_04193_ref_tagalog13_LIGHT_ON.wav,85e47166693927f19b9062aaf736a5534e3f3cc2cca5a3879f3b3dbaefcc6096
vcm_test_015864.wav,fil50_12532_ref_tagalog8_CREATE_REMINDER.wav,567b10422588bfeda77171798767dfea727d203cbf674a69ccdbf098e14d909d
vcm_test_015865.wav,fil50_06723_ref_tagalog16_CREATE_REMINDER.wav,3c8b9f4b1071752ce95c565f20217243b44a334e8f26b9ec25b40383df8cd24e
vcm_test_015866.wav,fil50_02533_ref_tagalog11_ALARM.wav,682dbc8b8969211062c2a8f4b23bde6e272cf318d122944835536d6ba35818de
vcm_test_015868.wav,fil50_03322_ref_tagalog12_TEMPERATURE.wav,5e81f1cb10a3c4532f8cfd23f60f947b11c66a8724b58f54a4718b509b4a0e8f
vcm_test_015871.wav,fil50_00030_ref_ilonggo1_NEXT.wav,9577f155de236a01acb6988f2e00f746ab6ef2df46ce5f9932a8c400525cf31c
vcm_test_015873.wav,fil50_08288_ref_tagalog3_CREATE_REMINDER.wav,89aeab2f174e19616a8fa37b8468132b0ba4e2dce40c8638d01e7a8f15889548
vcm_test_015877.wav,fil50_05886_ref_tagalog15_LIGHT_OFF.wav,7c7d6d511ef916dba9ceca7a852c7efdae69da91d385cfa07b5903b388ab883c
vcm_test_015879.wav,fil50_09981_ref_tagalog5_CREATE_REMINDER.wav,e87832bba1f30f3fbadf806692fa331233bf81c657cbc21771064221ac9c6c14
vcm_test_015880.wav,fil50_04194_ref_tagalog13_LIST_REMINDERS.wav,23896289c34a8916cd3386d3f467b344f4a25a7ad804d590f16b907ad8bb19a5
vcm_test_015883.wav,fil50_02534_ref_tagalog11_TIMER.wav,8772a63d4742ca9efd676a56879ba2cebe90431cca909189325fb63de03a4dca
vcm_test_015886.wav,fil50_00877_ref_tagalog1_CREATE_REMINDER.wav,bb6830f411a3260599218d881bbd58a431fca63ed2ab05dd279389ef264afc6b
vcm_test_015887.wav,fil50_10851_ref_tagalog6_LIGHT_OFF.wav,650ee328699cea061001b57d2c159b61e45df6bcc22a50939ab5d80ff782f1ad
vcm_test_015889.wav,fil50_01689_ref_tagalog10_STOP.wav,b01a6dd827d8db75d150a45f7809250110572051f2a85eb784242f048ea146ed
vcm_test_015890.wav,fil50_08289_ref_tagalog3_CREATE_REMINDER.wav,c7f04849e86c99378d0346692c5eede084732ebe9a1d4f83fbab43b9ca987270
vcm_test_015893.wav,fil50_09136_ref_tagalog4_CREATE_REMINDER.wav,4763594e57039074b2dbc5da845cd53d7a7361f68537fbd1eb9a28353ede9202
vcm_test_015894.wav,fil50_05888_ref_tagalog15_VOLUME_DOWN.wav,0cbaa4e8398113bc7653799f0863391f350aff9934ae47190f77d6325de5bd71
vcm_test_015895.wav,fil50_05036_ref_tagalog14_CREATE_REMINDER.wav,55ee99ba3c8604491a80a01ba5a99eee72a79830178890ad8bb8f83630d4fcf2
vcm_test_015897.wav,fil50_04195_ref_tagalog13_PLAY_MUSIC.wav,0ef8ed5c37e2bb6da9bf2ee388414748a8fda6927f3f6c9a26c5f75d37fbac0c
vcm_test_015899.wav,fil50_06724_ref_tagalog16_COLOR.wav,4594f497303bd4cc956af596f6efbb553f1e269691dc6058ca130a8dcc0157cd
vcm_test_015901.wav,fil50_11676_ref_tagalog7_TEMPERATURE.wav,42d95fbabf0787eeca9856c8c2a0ecb4c29c6cca601efdb71d7eb106ad089bb3
vcm_test_015902.wav,fil50_03323_ref_tagalog12_LIST_REMINDERS.wav,b26b7d3ea02f145bbe89cb6311e2b11566264a6bed5b2850218228c150adb9ce
vcm_test_015903.wav,fil50_00878_ref_tagalog1_ALARM.wav,2bcb2f8074d35b9defbb568c8f99cb201cbf48ba42c0dfe38faa7238db1c4de6
vcm_test_015905.wav,fil50_00032_ref_ilonggo1_VOLUME_UP.wav,f899e028ca579f1e28b267c68a6cf8a26e29f9d2ccb6f05c03064649d12da66a
vcm_test_015909.wav,fil50_07387_ref_tagalog2_PLAY_MUSIC.wav,959db896d4f1847405f3113c3286f7b377f2733ac354c53be4b26492fcb827e0
vcm_test_015910.wav,fil50_09137_ref_tagalog4_VOLUME_UP.wav,78a7433eb9b8e6cf448a9f3f4270364feecea972ef2e5a95007f25ca2378d7b7
vcm_test_015911.wav,fil50_05889_ref_tagalog15_ALARM.wav,319b878de832a52f9c490a45373fb126d24fb6a39861308bde9ab567b9e6ad3c
vcm_test_015912.wav,fil50_05037_ref_tagalog14_TIMER.wav,fd8a5e9e10e3c9df608b752cd9c0d8c9075b539b86489de3ebc2542fcbc914fa
vcm_test_015913.wav,fil50_09982_ref_tagalog5_CALL.wav,f6b91a382f3fcce9860bf3b3f021a8e31e570650a2f044a27022d38c0cd2e1fb
vcm_test_015914.wav,fil50_04196_ref_tagalog13_STOP.wav,e6d3d16714da4fd269f33556ca143504a7c5c00ae8e9d505ac52a9dad29c3bb8
vcm_test_015915.wav,fil50_12533_ref_tagalog8_CREATE_REMINDER.wav,d979508b7cf19671b359cf6159dfd4dacf6363edb41b0d57745a597d0404c9eb
vcm_test_015918.wav,fil50_11678_ref_tagalog7_TEMPERATURE.wav,f4e3c31b9ffa0ced8a7b1c4853bba1f6f35f3001bb66ab677ab2ec49cdf9cf94
vcm_test_015921.wav,fil50_10852_ref_tagalog6_BRIGHTNESS.wav,39e9963d893ddf02f1513b6fecdec86f531b160357d75474cb4cf302c67b087d
vcm_test_015924.wav,fil50_08290_ref_tagalog3_LIGHT_ON.wav,6f4aee560c1ce03b5cf5abc5d11880f9dbd757f3d4f20d640c4f5b1312f49959
vcm_test_015926.wav,fil50_07389_ref_tagalog2_LIGHT_ON.wav,bddfa445359d1efc62295209eed1dbc911368db8ba8dbe9faff697183498538b
vcm_test_015927.wav,fil50_09138_ref_tagalog4_TIME.wav,0b2af51f32a43c4d8f3634ff73cc1ce0cef0ac695a1b146004797ad3680af405
vcm_test_015928.wav,fil50_05890_ref_tagalog15_TEMPERATURE.wav,cb4f3f616f99fe74973e8fd830acecc0d44f943ab40630961d16da1e3001c004
vcm_test_015929.wav,fil50_05038_ref_tagalog14_STOP.wav,0058b2bef7eba3c09c53cddc78a0499ed54aded639c7601d2cd886b2520fff27
vcm_test_015931.wav,fil50_04198_ref_tagalog13_NEXT.wav,8b0dc8e8290dff31570531c005c8240534adfefed8bda44a0f15239b54a89e45
vcm_test_015933.wav,fil50_06725_ref_tagalog16_VOLUME_UP.wav,21d60b9028ab3dc8685ac252f9f51d6dc66511a55ef5071191256153ad1a1c87
vcm_test_015938.wav,fil50_10854_ref_tagalog6_BRIGHTNESS.wav,736fde5feece3b102b350cd0dd8bb68a0bd1aee9ac9be4877dbef2c1ef2a6585
vcm_test_015939.wav,fil50_00033_ref_ilonggo1_BRIGHTNESS.wav,c2e945f434d652c408a1a0c810a4947a768387761deb7ed379536acc8fdef294
vcm_test_015941.wav,fil50_08292_ref_tagalog3_NEXT.wav,e5f06fc1eb3ef2ad29c83e795bb809f6dc91ff9b578f61d996553ccc2ed84550
vcm_test_015942.wav,fil50_13337_ref_tagalog9_LIGHT_ON.wav,a872d1aa3501220e3c8b5879360ca4d8038e9accbbaab9e8722df70dab1f56ba
vcm_test_015943.wav,fil50_07391_ref_tagalog2_PAUSE.wav,c6b68650a9ef33766adccf0e29ad0baa1b111b1351288e4fd53fddf1215906e1
vcm_test_015944.wav,fil50_09140_ref_tagalog4_VOLUME_DOWN.wav,485f26f6a07ce0a946e5acf52b13ed439dc6edbffefb9ba2105c5e56bc7f4de0
vcm_test_015945.wav,fil50_05891_ref_tagalog15_BRIGHTNESS.wav,b6f3dabc33d8c871deb97e5f51db216b5dc5cf85e434ea9d603b881262b40669
vcm_test_015946.wav,fil50_05040_ref_tagalog14_CALL.wav,ed9e5ecf37de03eafc8a73c677d03f135a22dba4af0e26447b02ae009cd0a6f1
vcm_test_015947.wav,fil50_09983_ref_tagalog5_LIGHT_ON.wav,167aff98100f9d55a3d62ebc081dea36f70e936b034e550937cc8038738cb9be
vcm_test_015949.wav,,08dfc5f4c02fa484c8b32edb4af61d0a1fa7d179a1619094ea5d3acb9f059453
vcm_test_015952.wav,fil50_11680_ref_tagalog7_TIMER.wav,b4daf649797130e94f43d0113990439e1aa7ead51d813a239d02fc478992c377
vcm_test_015953.wav,fil50_03324_ref_tagalog12_VOLUME_UP.wav,528d42c531523302d1eb01d38713de0f911b1c00f1e3291798662f249ce41491
vcm_test_015958.wav,fil50_08294_ref_tagalog3_MESSAGE.wav,f355b05d6d3e017478a970a2eb179d1d0a8e5a404b22cbfd59b6abe5aaebe388
vcm_test_015959.wav,fil50_13338_ref_tagalog9_WEATHER.wav,b3972d18f851d8075e460324a2601cb0b34ba02eed06f3a771ee754f1db6e97b
vcm_test_015961.wav,fil50_09142_ref_tagalog4_NEXT.wav,b47bc78f71d3db029535cd6e817ee58157ff71b30a7b1f8ea5da5b01de0abf25
vcm_test_015962.wav,fil50_05893_ref_tagalog15_TEMPERATURE.wav,c90cf64e11166483b9da39ff2f90427c8865b1e7f73c820dcdafe8825d0fbc6b
vcm_test_015965.wav,fil50_04199_ref_tagalog13_STOP.wav,3302040933980f44efe74d03315cbb3073cec56d0cb95abfbd727719e3554a59
vcm_test_015966.wav,fil50_12534_ref_tagalog8_VOLUME_DOWN.wav,31dd26e8294b3fa564203c46c89a597b9fa44535b73fe7d3e4d065e08d08dbd5
vcm_test_015968.wav,fil50_02535_ref_tagalog11_BRIGHTNESS.wav,7d675aabf457efa2718e7769a780227a12454295313db28a8825680a2d2f0bbd
vcm_test_015969.wav,fil50_11681_ref_tagalog7_PLAY_MUSIC.wav,7ce1d2345c44940c64428458fd885d211f3092aef4dab665d77d5ecc2d92660a
vcm_test_015970.wav,fil50_03325_ref_tagalog12_BRIGHTNESS.wav,e2119a4fdb978687447df29937aae804950eac35221030aeaf8b241ee916cffb
vcm_test_015971.wav,fil50_00880_ref_tagalog1_NEXT.wav,decb83d5a3ceecc8fd9714aa7dd1f5c2be24e6f01b72b2314d0602acb4522251
vcm_test_015972.wav,fil50_10855_ref_tagalog6_COLOR.wav,3612e1fa002fdd8de7434167ef6f4532a7d4b84aa669095a61321f939edf8c56
vcm_test_015973.wav,fil50_00034_ref_ilonggo1_LIGHT_OFF.wav,d87dd22ff30cef7f4beb5ae1f52fe4dd158d51100be60391e18a69cd37adb381
vcm_test_015974.wav,fil50_01691_ref_tagalog10_STOP.wav,5490e718805ccdd5b7deecc11bfc7470c249b372d3f21d6d3e1ac397d41f613a
vcm_test_015976.wav,fil50_13340_ref_tagalog9_CREATE_REMINDER.wav,02213ce38ca20f9d98065d69f87453a7942a2ae18182a27612ecc58fecc0ea05
vcm_test_015979.wav,fil50_05894_ref_tagalog15_CREATE_REMINDER.wav,7b4047d04c1772c3eab6b59b121fbadf62c59ff707dcf615af4ebf7fad71dada
vcm_test_015980.wav,fil50_05041_ref_tagalog14_VOLUME_UP.wav,0136f3c09febdf916a9c2992257fa0522ba55a10d2ce9e649bc8ba0d0a24be5c
vcm_test_015981.wav,fil50_09984_ref_tagalog5_TEMPERATURE.wav,2cdc0c873d61d3de5bfd5e0c87122d3bd863818101afb57573a1c4223fc91aff
vcm_test_015982.wav,fil50_04200_ref_tagalog13_ALARM.wav,bab34c99eb12f26fc18ed6cd5fc7868987431ec16aafffea51c648e7b7524c95
vcm_test_015984.wav,fil50_06726_ref_tagalog16_TIMER.wav,a2015b469a69aa43ebf172934fb0c7110ddf53afe6b76540c7b93502e45d08d7
vcm_test_015985.wav,fil50_02536_ref_tagalog11_BRIGHTNESS.wav,f8351669dd7f21c0f42113c43ef1e18fc65c1b245f7c12cc55a4a7ae5f94df0a
vcm_test_015987.wav,fil50_03326_ref_tagalog12_TIME.wav,2aa3d08a81ecacf1360e6a4a0515f1ce4ae072104c75878e2050f3af0faa45a8
vcm_test_015988.wav,fil50_00881_ref_tagalog1_LIGHT_OFF.wav,c3ea69c19a614d34fa81ffe88a405f92efe3c716f25ce465a0fa34c24cf7fc43
vcm_test_015989.wav,,0a2555ef71c11d89b5bfd8f681dc14923267de0b177caa645219c6871f505259
vcm_test_015992.wav,fil50_08295_ref_tagalog3_CREATE_REMINDER.wav,d3cde496ef8526b0934af946db8e9d29086def88b4f855eec0288b4309375377
vcm_test_015993.wav,fil50_13342_ref_tagalog9_TIME.wav,9adee81c7261367a1b0ee9d20f7243baef4176bb3ed98b9c76c2fa7d694c68cd
vcm_test_015994.wav,fil50_07392_ref_tagalog2_ALARM.wav,36d2233f2febb217723837100a42983f7918e7cef0f801cc75520b11f0fdd5d1
vcm_test_015996.wav,fil50_05896_ref_tagalog15_NEXT.wav,f5491d046c4180cd94b33572f856f1e3747c5037960fdc1de2d60fae35936bff
vcm_test_015998.wav,fil50_09985_ref_tagalog5_LIGHT_ON.wav,3af36a9d46f21578f1b8cbd58f72fe40b7d6ded820aeb967c4ace8e84e696e2d
vcm_test_016000.wav,fil50_12535_ref_tagalog8_BRIGHTNESS.wav,5c6135f5e6332ed4a74cb5bdc73a8ef43df8281d4fadc9e11402251522517068
vcm_test_016002.wav,fil50_02537_ref_tagalog11_LIGHT_OFF.wav,3ad9eff6734c02fbf3f1dded0366a9086ba5cd897c39d1df623172b193c6a863
vcm_test_016003.wav,fil50_11682_ref_tagalog7_LIST_REMINDERS.wav,49a5b63723bee2d80717a4401a171a537c50def7aeba42cb9f5e0f06a9fddf6b
vcm_test_016004.wav,fil50_03328_ref_tagalog12_TEMPERATURE.wav,e12c334b4bff47afbfc7db6da8f251cea8ed86fe9209f237734d75cd17d0b1df
vcm_test_016008.wav,fil50_01693_ref_tagalog10_WEATHER.wav,f5c1cd437601a6e2ccedaa2f4f3527b3c30b6b666805d5b46b2d7c050c8c1a84
vcm_test_016009.wav,fil50_08296_ref_tagalog3_BRIGHTNESS.wav,7d74b982db6185947cc4a1b22898eaab71c860045605d5183934fb4010bb517a
vcm_test_016010.wav,fil50_13344_ref_tagalog9_BRIGHTNESS.wav,33c5b9c18b8cadfec9138eb9fbe9abb4e8ec1e771137a881eb743c4c653d4058
vcm_test_016011.wav,fil50_07393_ref_tagalog2_TIMER.wav,063d08e122fe1161af9bab3ea445a95a83ca41f80951b0646e6a70cc3c27d0df
vcm_test_016013.wav,fil50_05898_ref_tagalog15_BRIGHTNESS.wav,bee202b9ad98d9f798df6822cc55b3f9de761e5c27dc63b3da2440fee17429a9
vcm_test_016014.wav,fil50_05043_ref_tagalog14_TEMPERATURE.wav,8cc4f02488213c4c58df7c010436016c0043f351509f7a7aaad48d6c0f275bc8
vcm_test_016016.wav,fil50_04201_ref_tagalog13_NEXT.wav,e870d41db3dbd14316f4011f25c7080ee2256659e68e970644208c27a0f5fa42
vcm_test_016017.wav,fil50_12536_ref_tagalog8_CALL.wav,042ceb9cc35377627ed746fc57e825267d1715572745bc62412127ddecc82da6
vcm_test_016019.wav,fil50_02539_ref_tagalog11_COLOR.wav,7990021cf0807fc130cb610e800cf2004c25566dbd1a37f4b6cdee72bd06e556
vcm_test_016020.wav,fil50_11684_ref_tagalog7_LIGHT_ON.wav,12a8d27bb8bfd5af3ee3f2d1df15d61532b74c57ee82d6b50a56362fca38a823
vcm_test_016021.wav,fil50_03330_ref_tagalog12_STOP.wav,30d96dde3fdd58101828af9b0abff729502cea7005e3daf27d3b2b34bdc68add
vcm_test_016022.wav,fil50_00883_ref_tagalog1_ALARM.wav,2ed525a0ff9da7c614fb18284ca5b3ed01f227bf4b19ae3dac2f4b469564d132
vcm_test_016024.wav,fil50_00036_ref_ilonggo1_BRIGHTNESS.wav,4614c6f84af41864df15539ae652ba6891783e0cd2936743f067d1ee7d28c2f2
vcm_test_016026.wav,,5588607568545b5379b345a19156e905515ca1f2fc4d0149d5a7ccf8c6088338
vcm_test_016027.wav,fil50_13345_ref_tagalog9_COLOR.wav,5e7b7bef8d06df00600ac8e2bb552c6de1f63e553446e8a23b8cfafbe0ab1686
vcm_test_016028.wav,fil50_07394_ref_tagalog2_STOP.wav,aaf12be08134047a58f97b0191a0934e5d13e25b777b71f8e39b8b247ae10120
vcm_test_016030.wav,fil50_05900_ref_tagalog15_ALARM.wav,d1270f65f07c97ae371675d8d6a024d1ed8a8bc6ce2b1f3b8631f3b97e3bac37
vcm_test_016032.wav,fil50_09986_ref_tagalog5_NEXT.wav,0072feee7f91a30676b4288ad9e5286203e9e27b52d2b99a11e1daba6dd8c6eb
vcm_test_016033.wav,fil50_04202_ref_tagalog13_ALARM.wav,4296f43d6e6e4040d887f98fc5b75358b59eb1190b2d980c1badd300350832e9
vcm_test_016034.wav,fil50_12537_ref_tagalog8_COLOR.wav,89973db92dd3211a99ef9e94cbc39c75488d8f29a0ebc4c95faf69bfb6bddbcc
vcm_test_016036.wav,fil50_02540_ref_tagalog11_ALARM.wav,17a579a78a25bf2d855535df405be4996210b838cd70fe1b65f57b4a4bbbee20
vcm_test_016037.wav,fil50_11686_ref_tagalog7_TEMPERATURE.wav,d0835403b8ece820a03f123398cdf06d1cf6c97d15b97e344b265ec2ab09107a
vcm_test_016038.wav,fil50_03331_ref_tagalog12_COLOR.wav,cba6ef206b5c8a9d444e079d26bb5bf05a4300e5ce2e87e62a81554643000d60
vcm_test_016042.wav,fil50_01695_ref_tagalog10_PAUSE.wav,49822195f6a617677b808115c82b7849ee2c732cd5b3257384fe99b03fde640d
vcm_test_016043.wav,fil50_08298_ref_tagalog3_STOP.wav,68f5ba741ec8032c9284010f3e9a9f3245db885108f5eec080360d1bb8cfd220
vcm_test_016046.wav,fil50_09143_ref_tagalog4_VOLUME_DOWN.wav,147cb26286e9f109f5bcc6992efefe795c9ec5336073e7d22ec12ba1d20b9ace
vcm_test_016047.wav,,c6294441782da097c8593de33607b9756f92550815d6fd474b669f96874674b1
vcm_test_016051.wav,fil50_12538_ref_tagalog8_TEMPERATURE.wav,0149feb6a34617e92dda548002d5816dff9374ad5fc73d5996129abcdd388e74
vcm_test_016052.wav,fil50_06727_ref_tagalog16_TIMER.wav,c2fbfc3e21285419306828c7bc84e7f9c74f0e8d040034efae1b9f30e969043a
vcm_test_016054.wav,fil50_11688_ref_tagalog7_TIMER.wav,c86a7c539eb869ec0954bce41794feb10cff5cce2f37861e2134bdcbc814f7c4
vcm_test_016055.wav,fil50_03333_ref_tagalog12_COLOR.wav,24cfca151d1dbb89d3b7632e6bf80288bb9fa6013ccc16abb3567e795c92f7f7
vcm_test_016057.wav,fil50_10856_ref_tagalog6_TIMER.wav,d0b3aeed6eb1994a2b896ee897352cde7a7d1082c43c8d3eecf9b4cbba3bbb91
vcm_test_016059.wav,fil50_01697_ref_tagalog10_COLOR.wav,b1535d333eb253b2c275ac6086cef4984578b5cca5c63a2c722235333a650a4c
vcm_test_016061.wav,fil50_13347_ref_tagalog9_PAUSE.wav,3339fcee9b3d9ddbbe99dba423e25adce7b106eebd18c8ad907701e0f5b2f360
vcm_test_016063.wav,fil50_09144_ref_tagalog4_NEXT.wav,6c4175cb1d7c2c362a199bb2c1172968ce60fc6c06ed8de4fbb6134b2d4d6003
vcm_test_016064.wav,fil50_05902_ref_tagalog15_MESSAGE.wav,208155bbcc4a55c2bc72fbc5fc76693e9d20979befc0345ca092e030496f6a0e
vcm_test_016068.wav,fil50_12540_ref_tagalog8_COLOR.wav,66208caa5639ae73c5d1df5403da8cfb8a23a82a9994e0a70062df4396c57c2f
vcm_test_016070.wav,fil50_02541_ref_tagalog11_LIGHT_ON.wav,2003f02a1bd49158668b29353fac1032d4779a788660fe441d378b729c017d7e
vcm_test_016071.wav,fil50_11690_ref_tagalog7_WEATHER.wav,5794a65d4d67b3740e6a6c4ee144032859a2ecd8ba8f03a12d6d578120b22aba
vcm_test_016072.wav,fil50_03334_ref_tagalog12_LIGHT_OFF.wav,a840a20e137cef54804a39dbefecdc7b17b8cd92d1f2723b7a28df7b090ef505
vcm_test_016073.wav,fil50_00885_ref_tagalog1_LIGHT_OFF.wav,d42daa3858cbd5b41d7e618ad4ca2afc2a424b941b1daa95a1e160b66623769d
vcm_test_016075.wav,fil50_00037_ref_ilonggo1_COLOR.wav,1819530d7e3fb54f48b9dfad45d596a2d807c8c1e6cbccc79c3b4bda48e35ce5
vcm_test_016077.wav,fil50_08300_ref_tagalog3_MESSAGE.wav,12d32ca9e35886d5edde631282ffa2513405bba6e5c663d1c34bd531c03eab1b
vcm_test_016080.wav,fil50_09146_ref_tagalog4_ALARM.wav,25ba642b2b92a42ed112ac0877deaba9a3f99f826115aa1c06185eb66a0fbf0b
vcm_test_016081.wav,fil50_05903_ref_tagalog15_VOLUME_DOWN.wav,c97ba7a55fe5582522faab86c44be35b9c907de46d215d1a12678c0b5821c48b
vcm_test_016082.wav,fil50_05044_ref_tagalog14_VOLUME_UP.wav,477c3b808aed8e7443f9ec776820f060ac3ce6d73ac9430b258d05e9eea78ab0
vcm_test_016084.wav,fil50_04204_ref_tagalog13_CREATE_REMINDER.wav,1b9e518144942e6e19f5291aa2ac16ae48162af2ebd9880389b580dd71b04a3b
vcm_test_016090.wav,fil50_00886_ref_tagalog1_TEMPERATURE.wav,91281d8d64712fbcf798dc2a73bf5b7195236e7bccf727f87cc949e41fab9f37
vcm_test_016091.wav,fil50_10858_ref_tagalog6_CREATE_REMINDER.wav,6329068a92e4ac34ac6fd878027979e9762f19d9e08195d76f8f240a4246f466
vcm_test_016094.wav,fil50_08301_ref_tagalog3_NEXT.wav,2752d6c6c6e90a6a1848460438b4954fb4e24378e7a38e96bceb7f46b314880f
vcm_test_016096.wav,fil50_07396_ref_tagalog2_STOP.wav,6734179dfa691956fc60430e0e451c1e837e66e7cd996af7f8b0ea3eddea007a
vcm_test_016100.wav,fil50_09988_ref_tagalog5_CREATE_REMINDER.wav,fbb1e29da259506068a71b9c452d55bbda24958a16c81b6119dad3bb9fafe03a
vcm_test_016101.wav,fil50_04205_ref_tagalog13_COLOR.wav,90290f3926d34c3107a929ebb7bb4fa539ce7e4ba06b19c8d731d601254bd00b
vcm_test_016102.wav,fil50_12542_ref_tagalog8_MESSAGE.wav,9005684ba64b3844eeb5ba9317c3f0e38c3d4e0c820b6a317eed7c1276ba9dcd
vcm_test_016104.wav,fil50_02543_ref_tagalog11_MESSAGE.wav,25b6fea609535c2df484dcf7735906da97efe4b6ad75dbf24c83906901d4eb9e
vcm_test_016105.wav,,00d48caf0bfc935a305d76fc5e9524148753d5fdca47c4d22c248ca9714e00b6
vcm_test_016106.wav,fil50_03335_ref_tagalog12_PLAY_MUSIC.wav,7e82df555c6e2527d80df49abb888958dbf38f86d188e49d28e70d8b7fee596e
vcm_test_016108.wav,fil50_10859_ref_tagalog6_VOLUME_DOWN.wav,2cb0edac25688ef0b6c694ac822419c0f5c393b57666e07b8893d40e4b442269
vcm_test_016110.wav,fil50_01698_ref_tagalog10_NEXT.wav,285a29c958998ca6d94d9a091085b153d486feb05318398adbb5624e85f89d92
vcm_test_016111.wav,fil50_08303_ref_tagalog3_STOP.wav,b8406244fd16f47f3db63b39cbcf2a505a8e1cad27fb75eb406eafbcb5f32c5f
vcm_test_016113.wav,fil50_07398_ref_tagalog2_PLAY_MUSIC.wav,af4190f9a07fa7296fc14201fd14cdd8f32c30b962f0b16f370ee8845ce8f23f
vcm_test_016115.wav,fil50_05904_ref_tagalog15_TEMPERATURE.wav,75ba2b81284c0fc45144d8a14d95e624661ac2dcdefe942fb229e797efeee458
vcm_test_016116.wav,fil50_05046_ref_tagalog14_NEXT.wav,faa42918623709fef83fa70175aa638f91ed2f72c2bfda5e43eccc0b31d96ef9
vcm_test_016118.wav,fil50_04206_ref_tagalog13_MESSAGE.wav,32ca3929ea78f773fef59933ff5dc2f6e99b59c9e77488c621da14cfba4fe105
vcm_test_016119.wav,fil50_12543_ref_tagalog8_VOLUME_UP.wav,881fe74ad843acf7c1bcafd959298fac3bfa9c705c5da7ebec33cb187dec63f6
vcm_test_016120.wav,fil50_06729_ref_tagalog16_TIMER.wav,88bbe453d3f247c29fce2d17d875f5ffb1b65bdb67c0f12ac29b0a485d4f7b93
vcm_test_016121.wav,fil50_02545_ref_tagalog11_CALL.wav,3b6d67b99c3be425e77f8dc6a4d581cedb5cb28bd0b92746a78a10ab9d65fb24
vcm_test_016122.wav,fil50_11691_ref_tagalog7_CREATE_REMINDER.wav,540aa059d636cc70cef136a9b069817b8a9833416af8e7d38e717699b14b3376
vcm_test_016124.wav,fil50_00888_ref_tagalog1_NEXT.wav,478fbda3ad092e679bc619db23dd517cc71718dc7400b9249a1c73fdbd0eaa1f
vcm_test_016125.wav,fil50_10860_ref_tagalog6_CREATE_REMINDER.wav,149facbb31bcac426b7b7d97e84e475ede82d64ad571685dc63b1c2786bca610
vcm_test_016127.wav,fil50_01699_ref_tagalog10_TIMER.wav,8377feca96512aeaee3c8b33ca7891e1f85c4a0b5991c07cae87c7e55bdab9f4
vcm_test_016130.wav,fil50_07400_ref_tagalog2_COLOR.wav,1217ebcb643eeb7c7dafe520654bacdbe06ec7d651c76e2db4ac83293dcddaee
vcm_test_016131.wav,fil50_09148_ref_tagalog4_COLOR.wav,aaed0c213fde6dcb57ff04efa8c3c5f26ef1ca149d71b255eb121086d5ab7643
vcm_test_016132.wav,fil50_05906_ref_tagalog15_CREATE_REMINDER.wav,56caefd0046baab95ab12cf9d3b3d32cdb0cb4ee0e4fad489944292276cb11f5
vcm_test_016133.wav,fil50_05048_ref_tagalog14_NEXT.wav,5226730e671d7841c70a366cc65a99e2782eb1440fefd217a85cae71a2e98262
vcm_test_016138.wav,fil50_02547_ref_tagalog11_TIME.wav,5dbafb21e13646c5390142c171fc67967ad6196ef7f28a8e0366abed5e35d225
vcm_test_016141.wav,fil50_00890_ref_tagalog1_BRIGHTNESS.wav,6f47260e2bf91160b4892238f42b251fc520ab8e5403fb476c623be617dc9ab9
vcm_test_016142.wav,fil50_10862_ref_tagalog6_LIST_REMINDERS.wav,5c2daac043a7beadb4eb7d52f1bfbca7d4c80178169ff55d10f7c54795bfe354
vcm_test_016143.wav,fil50_00039_ref_ilonggo1_NEXT.wav,d1d41aafe39cb1ce20a58d7468b9720988f71d6defb301f9e2ec2f43bf2bfa72
vcm_test_016144.wav,fil50_01701_ref_tagalog10_NEXT.wav,d08d234b2d8a76df9abd72267668053e5b7d9cc699ccd46c7a6ea0ba7107286d
vcm_test_016145.wav,fil50_08304_ref_tagalog3_TEMPERATURE.wav,04360f956b384d3012db32876d9fc0f27a68d7fdc5b96dd90cfb3ab509779a44
vcm_test_016149.wav,fil50_05907_ref_tagalog15_COLOR.wav,c29680191e41160ecfed48f62fcc5d51b7b8360bf3bb1f558d5d8e877d3eb037
vcm_test_016150.wav,fil50_05050_ref_tagalog14_VOLUME_UP.wav,e8adad7b1b5808cc2cc64d5cce2086da4a7f0e6851d759bc79b3fcd67df71f14
vcm_test_016152.wav,fil50_04208_ref_tagalog13_COLOR.wav,d653f9acf3119e0584a7b7c1629a0138a87c2e4a4b14e0a95d21f3e9cb16b3d8
vcm_test_016158.wav,fil50_00891_ref_tagalog1_ALARM.wav,6f7729e4c0a82b511f220df0dde1b6c418b0aae15ad848a62674536707ce01fe
vcm_test_016160.wav,fil50_00040_ref_ilonggo1_CREATE_REMINDER.wav,7003bb261bbcb1a090d5150f02e172ecb31961fa3d821f0377d7e12431114478
vcm_test_016161.wav,fil50_01703_ref_tagalog10_TEMPERATURE.wav,0930b8f8ae1576918c2813610550a453d9a27ee3e9bfe4b16c808e49dc7b0e16
vcm_test_016162.wav,fil50_08305_ref_tagalog3_TEMPERATURE.wav,022e06355d08bd48286324053bd7e10e181cb167b41b06add75cd8b56ebcc3f3
vcm_test_016163.wav,fil50_13348_ref_tagalog9_BRIGHTNESS.wav,df9bf88bd56338c93ef84ee1ac78c714a2f8a60df626458c01634315c3cc3e77
vcm_test_016165.wav,fil50_09150_ref_tagalog4_ALARM.wav,dbb20a201ef8d221c2d172c538c0dfbcb7b3ac6eb9c136e45744c76a9dadfbf8
vcm_test_016166.wav,fil50_05908_ref_tagalog15_STOP.wav,a00fe081941fae826047dd883bd506eb915ab96ac712d265911da8708cec8ad9
vcm_test_016167.wav,fil50_05051_ref_tagalog14_PLAY_MUSIC.wav,5c02e4fe28db3a93baf587d7fb8a9e5d0234f1477d0c4d15c1abf7c9d23cd35f
vcm_test_016168.wav,fil50_09990_ref_tagalog5_TIMER.wav,598c66eb28076e7045b09886715488e438e78c35cf2ae0a4b90d48ec930aa18b
vcm_test_016170.wav,fil50_12544_ref_tagalog8_WEATHER.wav,d6f4995a6c7f371f11c89387ea96e2f0937768b9c36789bded5de4a57664b555
vcm_test_016171.wav,fil50_06730_ref_tagalog16_ALARM.wav,c0d8df34e621158777a0923c5228ab9d1192ac4c497893d3fd0448f76f9129e2
vcm_test_016173.wav,fil50_11692_ref_tagalog7_NEXT.wav,d848e0cee86bbc0c401794f94791ab0359adda0260f0ba98efd0dee833ef177d
vcm_test_016175.wav,fil50_00892_ref_tagalog1_PLAY_MUSIC.wav,dfcee692e983ba07975eec636a85da7887f8b312b42546f1f4e40699aa1b4487
vcm_test_016176.wav,fil50_10864_ref_tagalog6_BRIGHTNESS.wav,302ecae1939cf844a7db4beab39bc5c86f7c19686c5115d3a3ae2f07b45a936e
vcm_test_016177.wav,fil50_00042_ref_ilonggo1_COLOR.wav,52123fccfd44ad7423af81038798d14f20afef4865dcb67413fa29af632ceca7
vcm_test_016178.wav,fil50_01704_ref_tagalog10_VOLUME_UP.wav,c4bc8dff72105e912e2ee0f7d7149f088765d38f715d1148ee08a9986986084e
vcm_test_016179.wav,fil50_08307_ref_tagalog3_ALARM.wav,293d256ac145b7be84c42911fd3817d583cea75e1445a9efaa9c43722ad7df19
vcm_test_016180.wav,fil50_13350_ref_tagalog9_LIGHT_OFF.wav,d78c66fe0cccc7a1ddf605dba3fa284a164fbe81cac6e218d8e8e85cf7d3d589
vcm_test_016181.wav,fil50_07401_ref_tagalog2_NEXT.wav,17f8d9ea70dffc94db91ec5ecd9b0fef3a22b30ca5aa315a665ccc8e27d75000
vcm_test_016182.wav,fil50_09151_ref_tagalog4_CREATE_REMINDER.wav,b124ea7ca9f47d0b376453913b9df19a0de19aeb600550be1b72ffc4cd5bd828
vcm_test_016185.wav,fil50_09991_ref_tagalog5_STOP.wav,cdf3660746da61482ce8961f2614be50a2899ef83e57e177e336882caf5f5d19
vcm_test_016186.wav,fil50_04209_ref_tagalog13_CREATE_REMINDER.wav,690678cecb6fb7af5e31002622bf77637bd5e2dd67a9c778eea344b5eb79f1ef
vcm_test_016188.wav,fil50_06732_ref_tagalog16_VOLUME_DOWN.wav,37226d88ff2722c5f5f573f4f985fed06a1229f3345c8d996dae974a4b7b9d05
vcm_test_016189.wav,fil50_02549_ref_tagalog11_ALARM.wav,7c5b3029172a9e7580c17ad4a931e7630a28aa2cc440e7171b146fca2e85cbd3
vcm_test_016191.wav,fil50_03336_ref_tagalog12_CALL.wav,bd35ad8a5695802a4d0995f723faa78a84da0b41450e2012c25db036b51ab791
vcm_test_016192.wav,fil50_00893_ref_tagalog1_TIMER.wav,0e21d95ed4b19b5cbd46489a4c11f579807114ad11d0a81920f8e56840325b90
vcm_test_016193.wav,fil50_10866_ref_tagalog6_NEXT.wav,de5fdc577c9fdee8ffacaa835c280cc59d5c5b1c5b9f7da293230713f4547c70
vcm_test_016194.wav,fil50_00044_ref_ilonggo1_MESSAGE.wav,d90ef8df7804932b7dd87045f05c4a3e5dfd6ed5f814c7d8c6b1a0fa88174c81
vcm_test_016195.wav,fil50_01705_ref_tagalog10_LIST_REMINDERS.wav,a379d59e0a476350b7354836126622ba5e3956be283d692c04ca43bf01f199dd
vcm_test_016197.wav,fil50_13352_ref_tagalog9_BRIGHTNESS.wav,769cb890f3fd36001b9a8b477dc310318f1e2783e04571d42193a947fabc3ad6
vcm_test_016199.wav,fil50_09152_ref_tagalog4_BRIGHTNESS.wav,987d75a376b98647d0adc70c78e0f9c48a1729be1805ead3cefe435725d5a2c4
vcm_test_016200.wav,fil50_05910_ref_tagalog15_CREATE_REMINDER.wav,14ab4e03245a85402ffc72525fb964221d40e78aa6a1f30f8c34ce2663100743
vcm_test_016201.wav,fil50_05052_ref_tagalog14_STOP.wav,f2fe456d436f2361c07b35fc23f24628ce8934f71424ebcc148e0ea450dd261f
vcm_test_016202.wav,fil50_09992_ref_tagalog5_LIGHT_ON.wav,d8ad708cc739190768d47c8f1e3f88f28513730e032907a7dd16d74e6eb2ec29
vcm_test_016203.wav,fil50_04211_ref_tagalog13_NEXT.wav,3a47e4cdaa922f75a4e5fc76cb576cebb53c03106678b65e71d5b55a23fd6323
vcm_test_016204.wav,fil50_12545_ref_tagalog8_LIST_REMINDERS.wav,037766e93709b05464014680213e02a17fdeea0f32c965d6295edc88114934f2
vcm_test_016205.wav,fil50_06733_ref_tagalog16_CREATE_REMINDER.wav,e5b37262befec7c503493018847127c1f106a714943f18733e5e824b81a4dc06
vcm_test_016207.wav,fil50_11693_ref_tagalog7_PLAY_MUSIC.wav,8fb83490ca1d5d9eacef212265647c607187abd48fed9c92e3824ec3e36c497d
vcm_test_016209.wav,fil50_00894_ref_tagalog1_ALARM.wav,867ccecc447ba7a8d40a7b5bacf3c235b1963a1e99fce557c8c7b6c1de74b188
vcm_test_016210.wav,fil50_10868_ref_tagalog6_LIGHT_OFF.wav,fa08d6882de07bfe764a3c065a47a29ba3eaa21dad907dde336e256e5a22d2fc
vcm_test_016211.wav,fil50_00045_ref_ilonggo1_ALARM.wav,1a3d098e49424738304a8a83543fa7a3ef359b640ac3be18454b1496d4ae41a1
vcm_test_016213.wav,fil50_08309_ref_tagalog3_PLAY_MUSIC.wav,5ba8e9aa9d3808802c0050a35abf9833ac3d02b05316cfddea56b711e6836e8b
vcm_test_016215.wav,fil50_07403_ref_tagalog2_VOLUME_UP.wav,fe9cdb5ff290b3845c583983788416874b734625ad024325f2d0d87ee9874ea1
vcm_test_016216.wav,fil50_09153_ref_tagalog4_CREATE_REMINDER.wav,834ca7180ec745d7025f34c4b0007a6c5eb999d8994ff76bd0e3802b8e7bacf0
vcm_test_016217.wav,fil50_05911_ref_tagalog15_MESSAGE.wav,5fe13f6a856b309e839c57d5559e5b0eb1a0ae83eced75e46050b2bf5394a5df
vcm_test_016218.wav,fil50_05053_ref_tagalog14_VOLUME_UP.wav,82717d08aadc51507ef9f188da8aeba5daf8f85eb4fc188299268e093fe279e9
vcm_test_016219.wav,fil50_09994_ref_tagalog5_LIST_REMINDERS.wav,44958e3ec883d044c826e4c5864d9a1781b3ffaf469a9754ecd5bf73ddc23a97
vcm_test_016220.wav,fil50_04213_ref_tagalog13_STOP.wav,569a22573a61721a8df59621ffbbb5420a4ce6e30603d58fa6cd3e615f4947af
vcm_test_016221.wav,fil50_12547_ref_tagalog8_PLAY_MUSIC.wav,2f19607a82e25ebed79ed805216e827b3cba3d950fe00f65f91d2aaf1db1c70b
vcm_test_016224.wav,fil50_11695_ref_tagalog7_PLAY_MUSIC.wav,58861f186d7a8944880996533779b640657c4c97c2cd37293cd6d0f731fc0092
vcm_test_016230.wav,fil50_08310_ref_tagalog3_TIMER.wav,52d94180c86c37070e847c8d44d78a196dc8f095c1ec171f91769f6610c47c6c
vcm_test_016232.wav,fil50_07404_ref_tagalog2_WEATHER.wav,8177dd2a5b4511cabe4708a86ebfad3be8dffa57c9f35463d853478f8e4937c3
vcm_test_016234.wav,fil50_05913_ref_tagalog15_TIME.wav,341a0e1933552a0750383628ba24f898e36c887446c34161fc0e707745da0179
vcm_test_016237.wav,fil50_04214_ref_tagalog13_ALARM.wav,c3aae2d4e49228110d5745c4c745af5334988f768b6535e178afd29fa1a8e876
vcm_test_016240.wav,fil50_02550_ref_tagalog11_COLOR.wav,a347a4647ac39e14c8207448d35bcbd05585a08573c679218f633348a509120e
vcm_test_016243.wav,fil50_00895_ref_tagalog1_LIGHT_OFF.wav,5df856a949d11f2909fcf8e59b9a2815d60b916a3531d8cb00087828641262fb
vcm_test_016244.wav,fil50_10869_ref_tagalog6_ALARM.wav,4015c5f6fb0f8b1180b19f8f4239900ca1054370eec08aaac64216e84b4e2b10
vcm_test_016245.wav,fil50_00047_ref_ilonggo1_TIMER.wav,e6bc7cbbc507680d7d4dda3e90b563ecbfdc2da3c6972bbf9114c2d6a9f11718
vcm_test_016246.wav,fil50_01707_ref_tagalog10_VOLUME_UP.wav,7e141fc6d9f102af707afedf3f9de38ad12e50b3ba233f9aac0031e5ca86ce53
vcm_test_016247.wav,fil50_08311_ref_tagalog3_TEMPERATURE.wav,8bb705ac6510f60d52d6a99739cafa3772338ce0cfe0650307997f4d9891d1c7
vcm_test_016248.wav,fil50_13353_ref_tagalog9_ALARM.wav,937b7bf75a792217ff5ec2486c63b97a82c8db3e64b98efec5fe34f763f37d7f
vcm_test_016249.wav,fil50_07405_ref_tagalog2_CREATE_REMINDER.wav,496b090f18938150a8ae88de81e51307333f6bffc066b41d74d0ca9cfe0184d6
vcm_test_016250.wav,fil50_09155_ref_tagalog4_STOP.wav,0cb7672d092e7100f4b813f4db653e212cb904314d6b17bdae77a390f0eca0a8
vcm_test_016251.wav,fil50_05914_ref_tagalog15_LIGHT_OFF.wav,2b44c301bdaea1bcdcebbe021fe3928282d5431184f794ca2f92a884969e13c2
vcm_test_016253.wav,fil50_09995_ref_tagalog5_TIMER.wav,dc3caa4b9162c43a03834d269e50512d84fbfd682a44bcbcefb77e795d4fb983
vcm_test_016256.wav,fil50_06735_ref_tagalog16_COLOR.wav,9ea11d73d0465be65c96f4eea5497f1038c122cf13f92652cb38f29eafa91a67
vcm_test_016257.wav,fil50_02551_ref_tagalog11_TIME.wav,151d30fc138bf733760ea1bfa917495def7290e545e37ee787f1891b154798e1
vcm_test_016261.wav,fil50_10870_ref_tagalog6_COLOR.wav,71992f2ca2563e204f3b054e7b780fe76e10655581ab1e3667ed8c5c13096284
vcm_test_016264.wav,fil50_08313_ref_tagalog3_TIMER.wav,f4612056dd758d98a0052fc401f7fbb74aae42c11f39b50a5a8c578f03e4c7a8
vcm_test_016266.wav,fil50_07406_ref_tagalog2_TEMPERATURE.wav,90a77b87102a9c01787319ec0d5d783ec7f43715da9922daceeeebd1550b17b3
vcm_test_016268.wav,fil50_05915_ref_tagalog15_TIME.wav,d09b2de254da5a3d4928a598c637d857b0b4288aefdf1591d7fe0545d66a8766
vcm_test_016269.wav,fil50_05054_ref_tagalog14_CREATE_REMINDER.wav,3f59f92bb3c1c5f91b17e6d9fc73549f02048ca4fc16c8141798b91a1e6bdb94
vcm_test_016271.wav,fil50_04215_ref_tagalog13_CREATE_REMINDER.wav,af5fa4f26d36b8e77e8c3c091543aa081acad9d6489e0616bd8669243c8d097a
vcm_test_016272.wav,fil50_12548_ref_tagalog8_LIGHT_ON.wav,1a19094118742062f0a38fc845676e7c0aee7ec272def698f3e654e2194ec81c
vcm_test_016273.wav,fil50_06736_ref_tagalog16_NEXT.wav,52f59485abe39aba6b8f0777ad2e282cda9c6a466382a69cf3f36ed992b07d6c
vcm_test_016275.wav,fil50_11696_ref_tagalog7_BRIGHTNESS.wav,c527bf47f40bc9a3ab3d0c26650ac629b2089dddf1e52613fd6f2ec346027534
vcm_test_016276.wav,fil50_03338_ref_tagalog12_ALARM.wav,187425ece1790634e0bd6c000726563d1593ab8d499d6e119e80bd5b3d685c6e
vcm_test_016278.wav,fil50_10871_ref_tagalog6_ALARM.wav,434211fc5415c93e1b77f5e9d3f5c67e63816e04faf58f43f25e6854b3365660
vcm_test_016279.wav,fil50_00048_ref_ilonggo1_LIGHT_OFF.wav,7300f7bc0bfd1fdb96d1f0dc70bafe0fd36af5f4cf45d311e2864594275c6f1f
vcm_test_016280.wav,fil50_01708_ref_tagalog10_COLOR.wav,3b040a15145e109eead6a871c4ddf344396ecf9aa7135f7d35039b877beb0102
vcm_test_016284.wav,fil50_09156_ref_tagalog4_BRIGHTNESS.wav,cb7a8c6ef48738a0de521ecf5312b0360dfdc26d362966efb0dd6653e62343fc
vcm_test_016287.wav,fil50_09996_ref_tagalog5_LIST_REMINDERS.wav,5ebf5fa313e83a152234f1ea909cbe14d6ac29498943e0fe83f8825a6eb53ff6
vcm_test_016288.wav,fil50_04216_ref_tagalog13_COLOR.wav,7922ec469ea316e62a0c15de4fc60cf78e7e2b43f7ec7620c2e575622be45314
vcm_test_016289.wav,fil50_12550_ref_tagalog8_NEXT.wav,556b54b7e111be065fa1fe6fa13f10bcb26066532e1169400a310357664c2cdb
vcm_test_016291.wav,fil50_02553_ref_tagalog11_ALARM.wav,db4e4f8acc1ee1f3a554396faa4192652398e5d885843f977aac48cdf39f9765
vcm_test_016292.wav,fil50_11698_ref_tagalog7_TEMPERATURE.wav,2cc2e56364837c819e8ce53474efaa34ef1a71a5aa74765cc7cff7f1f8042147
vcm_test_016293.wav,fil50_03339_ref_tagalog12_MESSAGE.wav,fda0aaaebd1570219417cdb0493e8bcf84d576734236ff209399343ceed0a1e3
vcm_test_016295.wav,fil50_10873_ref_tagalog6_TIMER.wav,b603e7331e8e322a014f33cea2e6a977d2f762563f8db257d65ca1ddf8aaf3e3
vcm_test_016296.wav,fil50_00049_ref_ilonggo1_TEMPERATURE.wav,d285027de5e606e9a9d0c30d653d65129c9ec08da901e72e67f6e60143c24913
vcm_test_016297.wav,fil50_01710_ref_tagalog10_COLOR.wav,b19a79add367f209a56e13c6898d29677fb4351c8854034580b3a906039c0173
vcm_test_016298.wav,fil50_08314_ref_tagalog3_TIMER.wav,8719a7b366dc3cfdb18127af5ec704eb7e387d65a6cffeac3a993959d01de2af
vcm_test_016301.wav,fil50_09157_ref_tagalog4_PLAY_MUSIC.wav,bf6e871e8d08c8920d70e702057402847f04afe21a2fd253c84cb3fe9b3c692f
vcm_test_016303.wav,fil50_05056_ref_tagalog14_TEMPERATURE.wav,e677fa6d64940b32f3345aa57873383ff8d03d9fcd9617a9f4b1347e9b28fc35
vcm_test_016304.wav,fil50_09998_ref_tagalog5_LIGHT_ON.wav,d9248100238aeabeaee02da3a4b720986478b2e3894687ba5cdaedbe9db57fa7
vcm_test_016305.wav,fil50_04218_ref_tagalog13_LIST_REMINDERS.wav,8ded2a4729b5af246ea99034f140dc570cb48f2eb30f9b7aee852e0bdedeff11
vcm_test_016307.wav,fil50_06738_ref_tagalog16_PLAY_MUSIC.wav,833fc485d23677fcdf09815bf5b59473f54c27343a0958617326ab25a77f941c
vcm_test_016309.wav,fil50_11700_ref_tagalog7_CREATE_REMINDER.wav,b84d3bc3f3716f1a9cf60f40c41b8ef3c75418c5b864b4d56bef0c61eb46896c
vcm_test_016310.wav,fil50_03340_ref_tagalog12_TEMPERATURE.wav,920d57b4d335c13c50052680fc296cfcdfd043239639d7e68d7ca374aa71448f
vcm_test_016311.wav,fil50_00896_ref_tagalog1_VOLUME_DOWN.wav,67065cf6e101094d11a9aa5b273a87afb328a71b2c1a6dbc5c2065aa7d4f6eec
vcm_test_016312.wav,fil50_10874_ref_tagalog6_TIMER.wav,ab0b8373672c0f226fb6bb16f941bd96c6df55caaf2533857be6a112a07aca23
vcm_test_016314.wav,fil50_01712_ref_tagalog10_MESSAGE.wav,1bda2f5eae864bcd360b946495540e639e00fa8a5c84c0fd0af699fb57f83db6
vcm_test_016315.wav,fil50_08315_ref_tagalog3_STOP.wav,97098d2f32174084db4f870ab823723f46540956c04acdccf08ba9d3b8cb14de
vcm_test_016317.wav,fil50_07408_ref_tagalog2_TEMPERATURE.wav,20484ae502af0ec367c74698ce7d4d41df8e64e11e88af43ffe0479c966a99c8
vcm_test_016318.wav,fil50_09159_ref_tagalog4_TEMPERATURE.wav,49ba60e5e49f9d98efb6cd8547effa3e03c47090cb92debcafeaf9378abd22b2
vcm_test_016320.wav,fil50_05058_ref_tagalog14_LIST_REMINDERS.wav,fd3dd39191907fa63f1ab6b8238538ed1e932018b1defc08ee07a2eafa594326
vcm_test_016321.wav,fil50_09999_ref_tagalog5_BRIGHTNESS.wav,b58625df0a1e97074ac36c067e0df3dbbb78362c0832fb423690d3de455ac7cb
vcm_test_016324.wav,fil50_06739_ref_tagalog16_CREATE_REMINDER.wav,6e06758442c2c7064108420f0695895e4293317b965755a77a016d4af5a7c882
vcm_test_016325.wav,fil50_02554_ref_tagalog11_CREATE_REMINDER.wav,f599a6b2619042df0b6e2f472b515aa300ed16d700ca6e4366f641106f2ed2f9
vcm_test_016329.wav,fil50_10876_ref_tagalog6_MESSAGE.wav,452bd5cd1e02d37d4529c48de6c6e59625e6c62f4c5c299de8659bfa824faec1
vcm_test_016331.wav,fil50_01714_ref_tagalog10_NEXT.wav,3c35d3c9025c5acf45d519642b025ccaa02ffe89e0c4c544e58f505830f004ac
vcm_test_016332.wav,fil50_08316_ref_tagalog3_MESSAGE.wav,792be21e96c6afc37a2b99d0702c9e5c1d016d2b689cbfc46ba4ed27c5bd9a54
vcm_test_016335.wav,fil50_09160_ref_tagalog4_TEMPERATURE.wav,1b38b995b962dc8767cd9666b0bc4e96aa97fe44e115d0a52e199633d25e5001
vcm_test_016336.wav,fil50_05916_ref_tagalog15_COLOR.wav,c4e7b7319a4021571f89b4e677bff484aab8b1968216bf15cc38a1a6278cb756
vcm_test_016337.wav,fil50_05059_ref_tagalog14_LIGHT_OFF.wav,3d3d34d52368f4f57ee1cad10025cf26893f64bc9b7b79f1185884a7b44e4905
vcm_test_016340.wav,fil50_12552_ref_tagalog8_TIME.wav,ee63073e13cb5cd752a9f25bd9f72e454e1b6eb4e4f330a1333c89d81996c728
vcm_test_016342.wav,fil50_02556_ref_tagalog11_LIGHT_OFF.wav,81785865309d37d6d76bf16a83ba35973952d127336fadae9ba32cf6dac0bc63
vcm_test_016343.wav,fil50_11702_ref_tagalog7_VOLUME_DOWN.wav,5d79c4b982b05b96cea747391d199610af701460f9f74ed3b01d9bde559abd27
vcm_test_016344.wav,fil50_03341_ref_tagalog12_TEMPERATURE.wav,4776693fe7e3ab01ec734d5d8e3c8b62e9716adcb292dd77f40b5749788ee0d7
vcm_test_016346.wav,fil50_10877_ref_tagalog6_COLOR.wav,730a2a638f0dfe1194366408087c4eec061532211739e327e31376097f8b99f3
vcm_test_016348.wav,fil50_01715_ref_tagalog10_TIMER.wav,bc8e1d5c15171b1890c7dd26984738ff6960af4099210ed4e3b7ad2c6f31fe0d
vcm_test_016349.wav,fil50_08318_ref_tagalog3_LIST_REMINDERS.wav,1dbcfce9243fb3257c507391bd49e8d7a2fabf8f0997f52322d4e51027334a5e
vcm_test_016352.wav,fil50_09161_ref_tagalog4_CREATE_REMINDER.wav,5ac914cba9e942f9ded7bd9d008b96ad5810cc3a6348888abd507995ad141b7c
vcm_test_016353.wav,fil50_05917_ref_tagalog15_LIGHT_OFF.wav,8471a077392c98e229f412ac4c224b3b1db00cebf882521961be0aa96c44539a
vcm_test_016356.wav,fil50_04219_ref_tagalog13_TIMER.wav,8c87e051e8b41f6c66f4baa43d260eea60be283701299f047a61781da186bae2
vcm_test_016357.wav,fil50_12554_ref_tagalog8_TEMPERATURE.wav,90f023ef5a4ad0b05860a0f1ed62220d41af7b395053e1f94529593157231598
vcm_test_016360.wav,fil50_11704_ref_tagalog7_LIGHT_ON.wav,9c33ba338c8dc8d3009512a7536fbdc9f20f43a148c730acfd8a1dea45feec86
vcm_test_016362.wav,fil50_00898_ref_tagalog1_COLOR.wav,75aed119d37d8e133394b4c35db8b73e9803de648a9f654b14c490848630f721
vcm_test_016363.wav,fil50_10878_ref_tagalog6_COLOR.wav,4b8a5914dcec0a7b6da2db42f43f4147a128d59de19ff47e194e14ce48794ba3
vcm_test_016364.wav,fil50_00051_ref_ilonggo1_COLOR.wav,3453d98bf301c23965511e0b9b8f89e8904e5f22661db413d7cb8b629248a46f
vcm_test_016366.wav,fil50_08320_ref_tagalog3_NEXT.wav,56c341cf63af69e73fccf7be4c6e237864b0d62469136e3780639bd6005ae0fe
vcm_test_016370.wav,fil50_05918_ref_tagalog15_LIST_REMINDERS.wav,b06ea44a4d2a0600208c1e0d3ebe4c76e0a3ddb8c9c072effd66be1749b8b8e4
vcm_test_016372.wav,fil50_10000_ref_tagalog5_CREATE_REMINDER.wav,3bee0e654735cccb2f5dd0503c91da59956a9972080f855ecefff1909fe5b5d4
vcm_test_016376.wav,fil50_02557_ref_tagalog11_CREATE_REMINDER.wav,6af1bda7f80e9b37de8534b322d76241cdf80d1fb6a38bebb2204a3bf49fedba
vcm_test_016379.wav,fil50_00899_ref_tagalog1_STOP.wav,dd1c67c68f310e122e43ae47c291fcad8cfccd3bd89543989c0364b97f121cea
vcm_test_016383.wav,fil50_08321_ref_tagalog3_TEMPERATURE.wav,c591ac2bdfb70e649d1571b248fd2c0496e006d60fd298b7fd88b431c6139a93
vcm_test_016384.wav,fil50_13355_ref_tagalog9_CREATE_REMINDER.wav,dfedd3959aba17c1d0737a793c2d2d390d900a334b8b2fd913bd1a777d219e82
vcm_test_016385.wav,fil50_07410_ref_tagalog2_VOLUME_DOWN.wav,b56d37253457838d4fe98d9552e3e4635bb00f7794fff9f037b8dfb733b3fb4f
vcm_test_016386.wav,fil50_09163_ref_tagalog4_VOLUME_DOWN.wav,6abd7c3f11daee9d4d43cbc6e7469e1aec5b05f28cb2919c4f644c6041bce32b
vcm_test_016387.wav,fil50_05920_ref_tagalog15_TEMPERATURE.wav,7718c890f0d38432fd760c0df451d6ef5d4cf15a5007ab1f7a1fdabc7954d09f
vcm_test_016389.wav,fil50_10002_ref_tagalog5_TEMPERATURE.wav,7fb4ec4d0a46e96dc7aabe22de4358125224a85d1e7bdbb5f25457209ebfdd1d
vcm_test_016391.wav,fil50_12555_ref_tagalog8_NEXT.wav,6eea74f3d6c5f130a03b4b499579049b481425542b60228fb920a74e1a2d0176
vcm_test_016394.wav,,647f9ab447048351650f3f3aa8cdbbf29e68be315339310ae74d2dc76f4be1a9
vcm_test_016395.wav,fil50_03342_ref_tagalog12_ALARM.wav,c4a7c28f8305f1ab91cce32982bd65f833fbf01d3d34ea5a23d9a652a67e5457
vcm_test_016396.wav,fil50_00900_ref_tagalog1_CALL.wav,3958f030d0d106269202dce86e8805d4a701906d53a517174d068d2195f038d3
vcm_test_016397.wav,fil50_10879_ref_tagalog6_COLOR.wav,5f1d21221331a3ecd78c106a90399758ba5bb59627e3fae051c0086ba25aeb55
vcm_test_016400.wav,fil50_08323_ref_tagalog3_VOLUME_UP.wav,9e199757679faf9898ee85e9a436c011206a71a0d3db7e1900cc4a2d898d084e
vcm_test_016407.wav,fil50_04221_ref_tagalog13_ALARM.wav,9688c5a1723b17af7834f4cef797979e305fe88e4e6eab6dc54c0e57210de518
vcm_test_016408.wav,fil50_12556_ref_tagalog8_LIGHT_ON.wav,ee4564df7567a545bd172ef60808fb65b4d88f6b5cc570e4099060d22bcfbef2
vcm_test_016411.wav,fil50_11705_ref_tagalog7_TEMPERATURE.wav,1b1fd96210cdaca5ce9d585bf154c8413caec0560b360cc01292b7455db6b114
vcm_test_016412.wav,fil50_03344_ref_tagalog12_BRIGHTNESS.wav,9e8b4dcfdb506c13ae0180155764ff8a7132ee70ec95915b7c2a3ba084cc8165
vcm_test_016413.wav,fil50_00902_ref_tagalog1_BRIGHTNESS.wav,c4efae7c027826b92aa94da4917bdb6daff58660cf72ff51409aa708ef2791fa
vcm_test_016415.wav,fil50_00052_ref_ilonggo1_COLOR.wav,6f2fd426981c8d86cc40f98869017adbb0d67dde34850a634f6fb1a1e5d7b4b2
vcm_test_016418.wav,fil50_13356_ref_tagalog9_CREATE_REMINDER.wav,779a2a3608432049f9518aab6989f1071c593d11ea76f0e5305ce3f571b7196a
vcm_test_016419.wav,fil50_07412_ref_tagalog2_ALARM.wav,447e1ef62385283847aa0f8c6c30073cea2b7339625311c6768a22344fd7ea93
vcm_test_016420.wav,fil50_09164_ref_tagalog4_COLOR.wav,1dcd917c432707402a8b8e7c74a34c23868b401ecf652cfebebb5b0595de4a13
vcm_test_016422.wav,fil50_05060_ref_tagalog14_TEMPERATURE.wav,e22b36ab5e7feb09fc4da58b5099f65cfe201006c87b5df898c2a8b9c1923286
vcm_test_016427.wav,fil50_02558_ref_tagalog11_PLAY_MUSIC.wav,f8a4b8814fe1584f6b86986ef4d1fa2f88e5b8093a5400b3f4d95f4ad651a60a
vcm_test_016429.wav,fil50_03345_ref_tagalog12_CREATE_REMINDER.wav,7f7d54b6dffe21659822a7f29e0a1f92cd37c1df33040f042df8ff3c157c530c
vcm_test_016432.wav,fil50_00053_ref_ilonggo1_PLAY_MUSIC.wav,f61a9a89b5f116de1d21609c5bae97ee8ae159f62d2a301d79e483b33a53b6b1
vcm_test_016433.wav,fil50_01716_ref_tagalog10_CREATE_REMINDER.wav,973bafc4a82fc71e42fec257a841a9f8d1bb2f99a5458351a75b48fb956b08c3
vcm_test_016434.wav,fil50_08325_ref_tagalog3_COLOR.wav,0d2da82b526fac37017e701d9211da6188f71a826bf30f2a3ebb7f7b31a11cfb
vcm_test_016436.wav,fil50_07414_ref_tagalog2_PAUSE.wav,152340ff5cbb806ceaf21f99886d570628251ec1b3718fce1ced30ecfd45e025
vcm_test_016438.wav,fil50_05921_ref_tagalog15_BRIGHTNESS.wav,56ae957880be801def553a7ddd18b7ebeb7fa066fbac41e7b9ced8f810267fd1
vcm_test_016439.wav,fil50_05061_ref_tagalog14_LIGHT_OFF.wav,dae6e51f26e06de30e3681d845d823718d357664665718f60e8bdf3d29e2fb86
vcm_test_016440.wav,fil50_10003_ref_tagalog5_TEMPERATURE.wav,10706edff4116194fe10d071b45785c5e5141cba5f0d785f008d0edc601d308f
vcm_test_016442.wav,fil50_12557_ref_tagalog8_BRIGHTNESS.wav,9406644d3ed8fb02449f51d6c89c1b038db7dc9fecd192b8b7fce6bec29d6399
vcm_test_016443.wav,fil50_06741_ref_tagalog16_ALARM.wav,aca19ee7cddf004e9df13bd05de343db70c04b253c2e9081036113b5ac21e43c
vcm_test_016444.wav,fil50_02560_ref_tagalog11_WEATHER.wav,27a08b60e2370e38d0fde9d702df891274ea0335fe41105d213b4e4d4e20da36
vcm_test_016445.wav,fil50_11707_ref_tagalog7_ALARM.wav,159ded959674bf6470b21a70dff06a5daa46393b6c4ce4b7e068449fa89471a4
vcm_test_016447.wav,fil50_00904_ref_tagalog1_NEXT.wav,feca61aeacbb9fdbbcc882608cb9f9124af1deed043a7c3fc1dd6bf8627194f1
vcm_test_016448.wav,fil50_10881_ref_tagalog6_TIME.wav,109ddcdb4d2ce96c070490b286d4dd3b81eab5c04bacc983100d7634e49e6ac9
vcm_test_016450.wav,fil50_01717_ref_tagalog10_TEMPERATURE.wav,ec9fddd250e1c81a3653789e78265bccd24f99abddb6dbad1a4b83394216ea5f
vcm_test_016452.wav,fil50_13357_ref_tagalog9_VOLUME_DOWN.wav,3f360d769675a00354e2007742fe36e8197a361b944594de922012e5ed5daf13
vcm_test_016453.wav,fil50_07415_ref_tagalog2_LIST_REMINDERS.wav,ff140d018366ee14d9bb827e8568e885db63f34fa1192af47f51147f748bd99e
vcm_test_016454.wav,fil50_09165_ref_tagalog4_ALARM.wav,6589209d5ee2da52558579e111f5042bf6aab0ab85616d82f6987a82ebf069d5
vcm_test_016455.wav,fil50_05922_ref_tagalog15_TIMER.wav,2f620af129f319e0e8c642b1805b3caf9fda5daa696cfb74db76cd0aab0b33fb
vcm_test_016456.wav,fil50_05062_ref_tagalog14_CALL.wav,b28479bd94cf6ee9696ea24b310ef03cc29bf3ed5d7ce5d018359ec2b687c0b2
vcm_test_016458.wav,fil50_04222_ref_tagalog13_STOP.wav,a295ddcd8bf90c165613f01bf0b98c6248ed834e6407d08a33a391d402b09a17
vcm_test_016459.wav,fil50_12559_ref_tagalog8_VOLUME_UP.wav,7f235763c5e219b47e68975c0e5741b90fea4170b4bab63ab7d8769266ceeb48
vcm_test_016460.wav,fil50_06742_ref_tagalog16_ALARM.wav,efd440be798e5a56af0f547450201b7fe8a929d33828c956f6b64e26208875c1
vcm_test_016469.wav,fil50_13359_ref_tagalog9_TEMPERATURE.wav,d1a53d126ddeca198986939b6ef79603fb9de2a8d2000e5f3c8dc17eba041a0b
vcm_test_016470.wav,fil50_07417_ref_tagalog2_PAUSE.wav,3cdb33233f8b2b1355eebbbac4e7a98e900dc51f306722343c7ad1f4aa61097e
vcm_test_016471.wav,fil50_09167_ref_tagalog4_BRIGHTNESS.wav,3489ce2a6e935800ed14ee4d56c6aff4362d2836df1c30139d3ae6b011b4b46b
vcm_test_016474.wav,fil50_10004_ref_tagalog5_COLOR.wav,6ca4547df8e15e95ec1c63508843b9fb6b763341d64c3613c32d0ba2d51ec727
vcm_test_016476.wav,fil50_12561_ref_tagalog8_WEATHER.wav,96cd3148c2e997d1134b5d331fe9246c480e9b17ef8300169e9a274cbe66d0d3
vcm_test_016477.wav,fil50_06743_ref_tagalog16_BRIGHTNESS.wav,de21764a7ac0e06b29c8900aacb7c2a3c1ff90b5e174b6e751c796846207ffb2
vcm_test_016481.wav,fil50_00905_ref_tagalog1_LIGHT_OFF.wav,3adb7a7e21361d5d86494356b319728d33628c656bb0b80b945c9ccacc485f77
vcm_test_016486.wav,fil50_13360_ref_tagalog9_NEXT.wav,dcd2dda8a0dd4408618002f0e967d77ecc97f1ee505ccf582d99a7cd83351387
vcm_test_016487.wav,fil50_07418_ref_tagalog2_TIME.wav,28db79bae1812a7def0a187b0ca23e7dc518b2f22187dbdb41dee33afc209130
vcm_test_016489.wav,fil50_05924_ref_tagalog15_CREATE_REMINDER.wav,70b63a414ba1e07759c061727305c8c2e88aac3e04163f996136509480d1343c
vcm_test_016490.wav,fil50_05064_ref_tagalog14_VOLUME_DOWN.wav,b4c0be19e41337281b46cffa36d2967c5606383816aaf324146c756184ffdd67
vcm_test_016491.wav,fil50_10006_ref_tagalog5_VOLUME_UP.wav,e7f8a5eccfccd3f7cfd98dfef350b9413924a5024933a8e53addb4e99191c3f3
vcm_test_016494.wav,fil50_06744_ref_tagalog16_ALARM.wav,e16ad681e45d91743e9e63ed1acf9cdce66281eab70075eaa5e38fc70a42bf50
vcm_test_016495.wav,fil50_02562_ref_tagalog11_STOP.wav,1e8ba221d728622afeddd5fc6f499aa40f74bb462e4972f98696501ae841606e
vcm_test_016496.wav,fil50_11708_ref_tagalog7_LIGHT_ON.wav,245053361a9da1f0770e3eade43216fc5a88db35ea532fd386e528f99d3a2b20
vcm_test_016500.wav,fil50_00055_ref_ilonggo1_BRIGHTNESS.wav,29f7aa4a3518978dbfbaff3c5ac0e981c7a8687e473ec26dd859a2453465b000
vcm_test_016504.wav,fil50_07420_ref_tagalog2_ALARM.wav,8a30a9aa35019fa2e3962e65a6123c96b0f5658bd394fe3c8f99f61eaed6b5be
vcm_test_016505.wav,fil50_09168_ref_tagalog4_COLOR.wav,f467a17a14377f59b67c08c15fc2555d0ec35423da701931cdeed0e6829526e0
vcm_test_016506.wav,fil50_05925_ref_tagalog15_COLOR.wav,5e2ab4c42f39eafdef1ffb6a1c9b1d3f5d37d68480694c8aad1a835ea6d608f3
vcm_test_016507.wav,,942cbfb69eee73b79e1dfd7ee5ef5a2b1d65f108a5fa80e2ef255ee4f6f8d571
vcm_test_016509.wav,fil50_04224_ref_tagalog13_COLOR.wav,0218bb4cb119e9cb9d9f15105b7c83791ecf3c5f60957e32e7c0b6be2ac2c047
vcm_test_016510.wav,fil50_12562_ref_tagalog8_LIGHT_ON.wav,b1025e55591a2dd4bd96f8e8ffb303b0153820009002d04c9821f2607ffc4025
vcm_test_016513.wav,fil50_11709_ref_tagalog7_BRIGHTNESS.wav,096e76f11e64f0e3173244e88feffb0485064bc6eb4aeffc8d519367192720ef
vcm_test_016515.wav,fil50_00906_ref_tagalog1_TEMPERATURE.wav,4d8577f14309e7b0ec8f8569becca0916b8c22f58f10668b823d70d6f2c71721
vcm_test_016516.wav,fil50_10883_ref_tagalog6_ALARM.wav,e99c8e3263205c4b04bcf1e2152922b0bc31defe1b4acfcd87ac742a233d1d34
vcm_test_016517.wav,fil50_00057_ref_ilonggo1_BRIGHTNESS.wav,3f21af79bcaad863e3614921771a85b095482c1a8cf5293c4d46ed1765ddd5bb
vcm_test_016519.wav,fil50_08327_ref_tagalog3_LIST_REMINDERS.wav,72e74c63a5c23f66e7e014780156c8303bdcda3407a7bf50e25731587109d9b2
vcm_test_016522.wav,fil50_09170_ref_tagalog4_LIGHT_ON.wav,1662951d3961423741133d3259985467b06123381a51efebccb567b570ce49bb
vcm_test_016525.wav,fil50_10008_ref_tagalog5_COLOR.wav,d4ea566b26fe1a73a2b002222f4820c141a8b2559ae0d0fc240e90787326aba8
vcm_test_016526.wav,fil50_04226_ref_tagalog13_LIGHT_ON.wav,01680e91a8b7b100e6e5fc2a70626715146ea044529081963a11e7d297c4f4ee
vcm_test_016527.wav,fil50_12564_ref_tagalog8_LIGHT_OFF.wav,eb25ec889b1f38b40bafc7ad59b6920fba0731f4a2a9c94c735d429df8ada84c
vcm_test_016529.wav,fil50_02564_ref_tagalog11_TIMER.wav,82c9dc4537da83ec36a26495be52ad739f6a0c17252f3f991e6bb34b88c0f26f
vcm_test_016530.wav,fil50_11710_ref_tagalog7_ALARM.wav,280526f968f9258db1666860b7f2a11104b70901947e5ae423a63e98ef5737da
vcm_test_016532.wav,fil50_00908_ref_tagalog1_NEXT.wav,41474ae69a3e985936a9b177402aa0886be546fb382e67b610d6a251e112d94c
vcm_test_016533.wav,fil50_10885_ref_tagalog6_MESSAGE.wav,b650be8a7944d4c673fa18c50d3046528da3453b86dfb5880576ae8f692feb3b
vcm_test_016535.wav,fil50_01718_ref_tagalog10_NEXT.wav,5ab4ced19d73323b0c36ce430fb65218a34cca5abe66507e35abec70814384b6
vcm_test_016536.wav,fil50_08329_ref_tagalog3_TIMER.wav,90c30d2318feaa903a5ad8cd157912cb9ce56357de6df4e335792afde8f4e27a
vcm_test_016539.wav,fil50_09171_ref_tagalog4_PAUSE.wav,2d824538b873b6a2b7c5804e17c9f8311d5884139cc90773dac6a42c709715d6
vcm_test_016543.wav,fil50_04227_ref_tagalog13_CREATE_REMINDER.wav,70a69f215c897345143f72dacc214c7fd586424ba8bb4f95b723c52dad0b4c38
vcm_test_016544.wav,fil50_12565_ref_tagalog8_PLAY_MUSIC.wav,a1e8ba6c348937481a701e10e0177067b0483050ea655bc444c4a21cfe293fa7
vcm_test_016550.wav,fil50_10886_ref_tagalog6_BRIGHTNESS.wav,daae43e0455ba127517a18501bacacc591a7f55d4af70db86f8ef3e3a8f2a2c0
vcm_test_016553.wav,fil50_08331_ref_tagalog3_LIST_REMINDERS.wav,eb89c3bfcd1d0e9f97c3462cc4e0f703aa2f199d2eb5f053b9a69758e54b1e2c
vcm_test_016554.wav,fil50_13361_ref_tagalog9_CALL.wav,51fcf161d422dcfd2185aaac3c9f8d7654773875fc5184c9f0a760a8c05f5cef
vcm_test_016555.wav,fil50_07422_ref_tagalog2_WEATHER.wav,41dd51cde24cb15367133291ec9d128660bf062ad201470c44f32b11c81e14b5
vcm_test_016557.wav,fil50_05926_ref_tagalog15_MESSAGE.wav,6f8bde87798346b3ede938d65d60ad80048f7fe9c966a36d54330548a3e773e4
vcm_test_016558.wav,fil50_05065_ref_tagalog14_BRIGHTNESS.wav,8891db9e2fee3e82a6cbb61ad2a43fdd53aa8c6b97c6ce3fcf8c5940c0dbb16a
vcm_test_016563.wav,fil50_02566_ref_tagalog11_TEMPERATURE.wav,25111ac78238b981e1cc273cd9cf6c14af61428f01f2d8eb8474ef2da5d10b82
vcm_test_016564.wav,fil50_11711_ref_tagalog7_COLOR.wav,49dddc3b457e75a803007d0e312aa34b01164ff653a4cd227b167c8448874868
vcm_test_016565.wav,fil50_03347_ref_tagalog12_COLOR.wav,4d1f11054784d73951f3da0f1b6ea4a8c44a2625d47711c3314ad29e030b2a74
vcm_test_016567.wav,fil50_10888_ref_tagalog6_ALARM.wav,40192f2bbc05ddcfbe92508b5d3533aa1d63984a38033da65343276fd016855d
vcm_test_016568.wav,fil50_00058_ref_ilonggo1_STOP.wav,f3bc7a0cbbbbd058c7fd2c2668a377308b1e43776be9a225ea21ead83973bad4
vcm_test_016570.wav,fil50_08333_ref_tagalog3_LIST_REMINDERS.wav,beefeeeae37f8d8582b8a361d87c4bca13b725ce88dd32cf7c55775ab4f4d012
vcm_test_016571.wav,fil50_13363_ref_tagalog9_TIMER.wav,7125c4ea8c0f59e7d49fa7980e23ecd473f795a6b7a1257fc04054f7d17db143
vcm_test_016574.wav,fil50_05927_ref_tagalog15_NEXT.wav,aeb2e4bc720cec319fae197a69edc3f60dc40e586b33d591f7e1ff9f15095043
vcm_test_016575.wav,fil50_05067_ref_tagalog14_LIGHT_OFF.wav,ef9e7a74b93788f4e8c04dc5019ad4109f967119a58f27df5f9ad07817998282
vcm_test_016576.wav,fil50_10010_ref_tagalog5_TEMPERATURE.wav,3f1cff17bbbedbc5eeb1877188c4c1fe5aff4b0c3541c76efd8fdd179d606720
vcm_test_016578.wav,fil50_12566_ref_tagalog8_TEMPERATURE.wav,22047a0d37b7e3cb5359e9c2fa851a2d05653aa647078c0b7cd4fa20a0ca5f37
vcm_test_016579.wav,fil50_06745_ref_tagalog16_TIMER.wav,aa7cd46ce37f6e3c2daaace64240f9ce69f6810dfa91ebdf51a9479466d7d668
vcm_test_016580.wav,fil50_02568_ref_tagalog11_TEMPERATURE.wav,99964c6b8763ffb852201a9e7ead40b92daf83f4d24f5fc574d16d49b9b72476
vcm_test_016582.wav,fil50_03348_ref_tagalog12_TIME.wav,0ac491f2909fb54c0fdbce5e47203f5a74264468b23cb82c6e2aa28255ab64e5
vcm_test_016586.wav,fil50_01719_ref_tagalog10_LIGHT_OFF.wav,eb3dd2ad2e4fe7b0ae1bd7c7eaeec6fc4e2457e6a67c24ba4dd65f2cb55130f0
vcm_test_016589.wav,fil50_07423_ref_tagalog2_TIME.wav,b87197d7b2216d8cbbae1c4ff10d7f5613bf04374798834eec78e65fd937aa2c
vcm_test_016590.wav,fil50_09172_ref_tagalog4_BRIGHTNESS.wav,f83763c2db7f64140455e28e1e51b412555b2155238d055b186a8d61db7e586f
vcm_test_016591.wav,fil50_05929_ref_tagalog15_NEXT.wav,f0b044bcfc5dac189bc88e6d2aba8b468bd723f51f5fdc52ec8ca4612f41f770
vcm_test_016592.wav,fil50_05068_ref_tagalog14_LIGHT_OFF.wav,4d553141c9f7e14e5737875bfe1c77b57af27a3085d9efca6d56dd0851734f9a
vcm_test_016593.wav,fil50_10011_ref_tagalog5_BRIGHTNESS.wav,0172e98f85608d2655f6094f742641835cd88cea46b3fbcff75f1b3f1c4bbdff
vcm_test_016597.wav,fil50_02569_ref_tagalog11_LIGHT_OFF.wav,f96fc80350bc3811cc4315190a41bd9991d2740fe187c4a230e38fa9e65c5533
vcm_test_016599.wav,fil50_03349_ref_tagalog12_VOLUME_DOWN.wav,f9de52be8f9db96a8df3f8f47878b99ec831b0b7b7bcaa003bfdaeae91dd32e6
vcm_test_016600.wav,fil50_00909_ref_tagalog1_TIMER.wav,944e60a7fe21d697b46eddf8acf8cb4c31a9f870d47bc4dc349979e8c9e3fc80
vcm_test_016602.wav,fil50_00060_ref_ilonggo1_TEMPERATURE.wav,97a81cb8e8a5c0e2ac442b483b53da9cf50503d55f0de61d81e9c5b96bc42f92
vcm_test_016604.wav,fil50_08335_ref_tagalog3_COLOR.wav,0296fa3bc78de6af153764c569f8d68cf7ade7af55ae18e1dc836bb8f6f0fcf9
vcm_test_016606.wav,fil50_07424_ref_tagalog2_MESSAGE.wav,e058c6b29868ce018a4425cace5f1f7ae2293c1beabc990d3703d089e9d67433
vcm_test_016611.wav,fil50_04229_ref_tagalog13_STOP.wav,5068f6576926230a762a590aec55d7e39c9e9963f9b6825bbe8859af031c62a6
vcm_test_016612.wav,fil50_12568_ref_tagalog8_LIST_REMINDERS.wav,fbda98003e972f35365406bc48ec8b21c4a9f7607ca7d03988aec7866f7d6081
vcm_test_016619.wav,fil50_00061_ref_ilonggo1_TEMPERATURE.wav,370643f093ba6206d0e8af43497c14289998c29f154bf01d3998bee94c413f52
vcm_test_016620.wav,fil50_01720_ref_tagalog10_LIGHT_ON.wav,6c59d96bb7cd427aad41da6d499a6d20f693e51c7748739fab163f2c2c089d81
vcm_test_016621.wav,fil50_08336_ref_tagalog3_WEATHER.wav,ec1c535cf49eb5af92b481b8245f99ab4faeb274c443ad554f93d5dd375c70c9
vcm_test_016622.wav,fil50_13365_ref_tagalog9_TEMPERATURE.wav,abf33198dc0942a8bb423149425401f9901b20cefa0409ee015bf4f2fd3844ae
vcm_test_016626.wav,fil50_05070_ref_tagalog14_TEMPERATURE.wav,73cbe8a03f0af9ef05978dfef8354f646a50bf02cdac5ba49efe43db79658229
vcm_test_016627.wav,fil50_10012_ref_tagalog5_COLOR.wav,81e6f34ca7864d14238b609c91ae358fdd66f75e65f3ba87699dfcfb0da51997
vcm_test_016634.wav,fil50_00910_ref_tagalog1_ALARM.wav,1ddf88dde2af0eca50e8e8ea43b09b77c1f156765c882a8b1caea91cdb90a1f0
vcm_test_016636.wav,fil50_00063_ref_ilonggo1_MESSAGE.wav,81bf239845818e4c3b0f921507288ce2d0b6a246570ba1a49ba82d655253b0a8
vcm_test_016637.wav,fil50_01722_ref_tagalog10_WEATHER.wav,392835c8e732cce8c1aa3c7e3b8bbeae531138f4e6f855aaa437b39c30ab0fc6
vcm_test_016639.wav,fil50_13367_ref_tagalog9_TIMER.wav,9936545281b8a44dcb62a49dc709c071f82caa8fc6e0f18949d2311740039b92
vcm_test_016640.wav,fil50_07426_ref_tagalog2_BRIGHTNESS.wav,d40ac9691c2fdd8ad5bdcd5ceda8577a7511654b942ebcf479667d13a32c2132
vcm_test_016642.wav,fil50_05930_ref_tagalog15_LIST_REMINDERS.wav,ff2aaff2790d6569da41ef0dd47dd691f63fc9baa60cbc84be741f6aa90b104f
vcm_test_016643.wav,fil50_05072_ref_tagalog14_COLOR.wav,e9ce4ca2307e0445b9000578122d2dfe2279c0e0d08fff107b35939365971dad
vcm_test_016646.wav,fil50_12569_ref_tagalog8_ALARM.wav,c9d42c051fabc5552d8bf5e7c76228047635ae8ea06c42b6a072abecc756e5f4
vcm_test_016649.wav,vcm_test_016649.wav,f98a7e812cd41efa3e36d9f051cad82ed54ee0dfd25888455bc04f86a3081e45
vcm_test_016651.wav,fil50_00911_ref_tagalog1_CREATE_REMINDER.wav,94fa2d6f40f1fd1086b77efc0b4db4f1717a93045603ff016d6b6f5e745f3541
vcm_test_016652.wav,fil50_10890_ref_tagalog6_WEATHER.wav,8a8cd6d4a4d859f7d8622f8b311f7b9297b2b04f951056f9659f49a20293a2eb
vcm_test_016654.wav,fil50_01724_ref_tagalog10_VOLUME_UP.wav,cd7cd930770398bd358e0abe8196eb409be2b13fa3876e6d688d938658f4f940
vcm_test_016656.wav,fil50_13369_ref_tagalog9_COLOR.wav,8ac531929c622b9f542690964f80ebab582c97b5818d987c97c91ddd918f6c8e
vcm_test_016657.wav,fil50_07427_ref_tagalog2_NEXT.wav,5a1e3d09203023f5c0282a8465be2f96273c28dc5a75cc6a17dda69e1c41a0d5
vcm_test_016658.wav,fil50_09173_ref_tagalog4_LIGHT_ON.wav,db708f30bf7a6da5496e64a94418a54949b624b0c768e8f2ab3420ea222a4631
vcm_test_016660.wav,fil50_05073_ref_tagalog14_TIMER.wav,58be77a1715878645a7083590e1f02b51921aa2aacc241063ee45386bf58e1b4
vcm_test_016662.wav,fil50_04230_ref_tagalog13_NEXT.wav,6022fd4ad5eb8f208ea8f03796d5740c012ba7762d97a157733e5dfd4275c461
vcm_test_016663.wav,fil50_12570_ref_tagalog8_BRIGHTNESS.wav,df2173dd6d792c3de3b38f8e18b4f709aaac39fb8312ec30406598648de9536e
vcm_test_016664.wav,fil50_06746_ref_tagalog16_BRIGHTNESS.wav,ef2871fe7ebe56fbf26deacb798ce2b939ca6b9c32413e8ad796b754109300f0
vcm_test_016667.wav,fil50_03350_ref_tagalog12_VOLUME_DOWN.wav,2a73bea8ed841c52cf4cc781be130efc65da2b6b8919f637e337a3c1a33770ac
vcm_test_016668.wav,fil50_00912_ref_tagalog1_LIGHT_ON.wav,40334a62091325673e2feafb32fb00295fb4bf16d93e7e4bbeb35c6053d875ff
vcm_test_016669.wav,fil50_10892_ref_tagalog6_CREATE_REMINDER.wav,7412101c3f55ed78145f2b19a27090defcf7c4a6c7fb9f45e59ca0a6b5c70971
vcm_test_016671.wav,fil50_01726_ref_tagalog10_TIME.wav,e7547779f81886e2c9be5a128dd449607c0ff513b5a4a3cf29d2e1336e395e72
vcm_test_016673.wav,fil50_13371_ref_tagalog9_ALARM.wav,223444c05f11dafc0b0f024a029443d43fafd5794e47c89be57a5d89914b2ecb
vcm_test_016674.wav,fil50_07428_ref_tagalog2_VOLUME_UP.wav,e2391721958c1c99140c019700c3c2a0d0bac3a4b89106f6428fc12e16812699
vcm_test_016675.wav,fil50_09175_ref_tagalog4_CREATE_REMINDER.wav,7c4f9ffc156429df693bedd27012c003cc946eced852dbd9d5a1211d72b18b0d
vcm_test_016677.wav,fil50_05074_ref_tagalog14_ALARM.wav,727035d09af6347cd0fe9d900760efee2fe667afdf875d01df7877d8b8721e49
vcm_test_016678.wav,fil50_10014_ref_tagalog5_TIMER.wav,833e923b0a18ca5b7336827a4b86d8861190fc03f9da7ad29375828b8bb1edda
vcm_test_016679.wav,fil50_04232_ref_tagalog13_TIMER.wav,23314be6caed7a96f3bf04466a4d584810232cb6ed1d3f9086449bc9a2e533da
vcm_test_016680.wav,fil50_12572_ref_tagalog8_COLOR.wav,f22275f28b779eaf2eaf9a3f59ed605a37e553c0b4bc601f67d273b69cce9066
vcm_test_016683.wav,fil50_11713_ref_tagalog7_TIME.wav,e7c783759991c2f07ff441131ba5175d623480333a1060ef31bd3bde3c3f3c7b
vcm_test_016684.wav,fil50_03351_ref_tagalog12_NEXT.wav,edc8cc99f2d8f182026f27c0633359697054ded6590d16edfb3c053227569046
vcm_test_016686.wav,fil50_10893_ref_tagalog6_VOLUME_UP.wav,47b2050fc995712d444c2b55edfe754184cfbdad9a0f38968bee3d31fc8d0005
vcm_test_016688.wav,fil50_01727_ref_tagalog10_COLOR.wav,8a408851d2c54b8bc0e815105d1a2e08175f6ca4f236d441766c40eb418fea7a
vcm_test_016693.wav,fil50_05932_ref_tagalog15_ALARM.wav,d3173211542052d5590f53db179259b283360befcb466408e3adc247f87eaac9
vcm_test_016695.wav,fil50_10016_ref_tagalog5_VOLUME_UP.wav,55d1e9b2232027d0beaed03b520da9051f09fdc07ee3a310dc7a5e9950c62a01
vcm_test_016696.wav,fil50_04233_ref_tagalog13_MESSAGE.wav,ca46c1b56358727bcc081233cce16095a70990787123508d93043b11c70dbc05
vcm_test_016701.wav,fil50_03353_ref_tagalog12_CREATE_REMINDER.wav,13055a1558f0b2ab443cd898db7814207c5a48dbc3a4560ac2135ba88bcd15a0
vcm_test_016702.wav,fil50_00914_ref_tagalog1_TIMER.wav,ddb4a26e58e23d7e43622e1244e9195587b9b9048d30b8c1c9d0c9692034699c
vcm_test_016705.wav,fil50_01729_ref_tagalog10_CREATE_REMINDER.wav,376f119ed36ba829348bb7cd3fc593f68f46c58e484041d0beedcd6113fdf271
vcm_test_016706.wav,fil50_08337_ref_tagalog3_ALARM.wav,048ad603a00e2e6bf88526e99c1cfdfc40e9f44169b2cb39ad45ca086d460752
vcm_test_016707.wav,fil50_13372_ref_tagalog9_PLAY_MUSIC.wav,ecd2b2adacd6eb33ca2699f835d7c4e89f3692c76315721c1f7155501d448192
vcm_test_016708.wav,fil50_07430_ref_tagalog2_COLOR.wav,b15d8623defe596b992c0ee41a31fa10c56fe159a9a218a151b427492838b98f
vcm_test_016709.wav,fil50_09176_ref_tagalog4_COLOR.wav,cc4addfc8692763052b314b9e37faf2b25c49bd6257f0acb9a4926e53f070cb1
vcm_test_016710.wav,fil50_05934_ref_tagalog15_LIGHT_OFF.wav,bd942f1156e5a3454de009c1e29d39e12dc73cb65cb4cb10a16c5f38e6cc7eae
vcm_test_016712.wav,fil50_10018_ref_tagalog5_BRIGHTNESS.wav,024f988ffc46a40dc9d4f0450af3bf4c6bf1e794f27436c9b2fb66d83c9b8aac
vcm_test_016714.wav,fil50_12574_ref_tagalog8_ALARM.wav,a827c3e4403b873f7c057b67cca752a2709c9c97610d3011a42040bd7eae2c3c
vcm_test_016719.wav,fil50_00915_ref_tagalog1_CREATE_REMINDER.wav,abc00e3f6a6e552071844e232e61dfd581ab7b80ed4896364917d6be091b6f11
vcm_test_016721.wav,fil50_00065_ref_ilonggo1_TIMER.wav,a3e3f48a0506db1741957a0d4e73bf469cd2459b94d9615fe1a6959f6b7fd2b4
vcm_test_016723.wav,fil50_08338_ref_tagalog3_COLOR.wav,d00e9bd04b4c4424e848322787d3ea30c47e4a6f464c769bf425f097ddd9e289
vcm_test_016724.wav,fil50_13373_ref_tagalog9_VOLUME_DOWN.wav,53ad483e422d553fa0a96b8926ad6be00ae69da6250a50afd9ff8d990462aebf
vcm_test_016725.wav,fil50_07432_ref_tagalog2_CREATE_REMINDER.wav,8965d5ede1c7c0875aa6d3dedb95d7c63c9d8f8703b8000ed9fb0ba734e8445e
vcm_test_016729.wav,fil50_10020_ref_tagalog5_STOP.wav,4f2b71b2b2a471e151f192b23eb096ef063063be5c12edd4e1599e18572c89e0
vcm_test_016732.wav,fil50_06748_ref_tagalog16_TIMER.wav,8a42b0e4b9bea1a8ad161125c35f444a749ea90d152102c8cd99106f5afa9424
vcm_test_016733.wav,fil50_02571_ref_tagalog11_TEMPERATURE.wav,8bc8982c320f9754b3d08fb5eeda980e5b75573a1601afab2c783e863676bf73
vcm_test_016734.wav,fil50_11714_ref_tagalog7_CREATE_REMINDER.wav,7353a99f285a5c455a11ff12930eab0def222ea4de1bb3601099aaa287a9d570
vcm_test_016735.wav,fil50_03354_ref_tagalog12_CREATE_REMINDER.wav,ae2f86b23596aa316bd28ad5b3c041e7b1c6ed66797e155ab39e717e3b07b38a
vcm_test_016736.wav,fil50_00916_ref_tagalog1_TIME.wav,a94783ebe7bad69c3c02791bf23bc9550c53695279e4deb88ae3046f4f369524
vcm_test_016737.wav,fil50_10895_ref_tagalog6_LIST_REMINDERS.wav,8c4e11c595ba7649400bf3fe8c7171bc59181fcdf40e503734124b36b8f06bc7
vcm_test_016738.wav,fil50_00067_ref_ilonggo1_COLOR.wav,99db84eb040537f05a78d08269dc036add566a376fff7f67caf685113a0d3d63
vcm_test_016739.wav,fil50_01730_ref_tagalog10_CREATE_REMINDER.wav,081e4d787d29a8370863c8dfb58b2ca87549c1b72399569f3a3b72428d733500
vcm_test_016743.wav,fil50_09177_ref_tagalog4_CREATE_REMINDER.wav,938d840c6109062b614baea035e0179b1d59609296611acb8e3ce4db2409898a
vcm_test_016744.wav,fil50_05935_ref_tagalog15_BRIGHTNESS.wav,52de9f705a6950265f3c89a223d857bb757fcb408f5c117e428d71f48420ebe8
vcm_test_016746.wav,fil50_10021_ref_tagalog5_ALARM.wav,4c76304e3317183d13de102152911fa09a6ded5c44aabebde71e223d273da4f5
vcm_test_016749.wav,fil50_06750_ref_tagalog16_TIMER.wav,55118f0cde9b2c158959ad4a0329e1b54d19c1d26d9612526d2656c16720529c
vcm_test_016750.wav,fil50_02572_ref_tagalog11_TIMER.wav,88fdca183c774df11cb4fa54a1a00137fe51b7a6eb808db91833115ee2a8c8f3
vcm_test_016751.wav,fil50_11716_ref_tagalog7_LIGHT_OFF.wav,ce508b087d978dbb338292cae0d894da1c2ea936418aff9d113db2653f3d4d25
vcm_test_016752.wav,fil50_03355_ref_tagalog12_COLOR.wav,a33210472c3496f08db68c18cb215b5218cfa1e85bcffdce75536f935cee9744
vcm_test_016755.wav,fil50_00069_ref_ilonggo1_ALARM.wav,1e0d1790d29b6b523a0a9b2c242f4ab3b0192cc74f94a2158021b4d6ecd94672
vcm_test_016759.wav,fil50_07433_ref_tagalog2_TIMER.wav,b425924bb2d6ec0190f27f7afbab8d1f7a612946f7ac75a75e7d511d03524c52
vcm_test_016760.wav,fil50_09179_ref_tagalog4_LIGHT_OFF.wav,2da88f8ff9c41b59f1e40293f66a6c5170f80291794db00291c0e5903a29644f
vcm_test_016762.wav,fil50_05075_ref_tagalog14_WEATHER.wav,3fcfcc6a2d78737bd5a8ada148177386cf733cb96be839185673b9a18f7c1084
vcm_test_016763.wav,fil50_10023_ref_tagalog5_VOLUME_DOWN.wav,3083ebe0baf6899f589866f55a7da5e8cd366abd6642412458f752dbe2568f43
vcm_test_016765.wav,fil50_12575_ref_tagalog8_NEXT.wav,b48a0b2e343197d3dd08789da24a376711bc5d353f5507cb93c9e43c0cd8f999
vcm_test_016767.wav,fil50_02573_ref_tagalog11_TIMER.wav,5cbe6a34bd24d6b45a012ae7cee4d657b693d1281636aed5b752689fe5071c0f
vcm_test_016769.wav,fil50_03357_ref_tagalog12_TIMER.wav,2b75ade1068b83a3e7b783614fc94e4585d5df647cd5f455bec8900ec38ced0d
vcm_test_016776.wav,fil50_07435_ref_tagalog2_TIME.wav,351b381fa873a6b63239270237543bd5befaaa601199505ea2cb529fb6c1a9ac
vcm_test_016780.wav,fil50_10024_ref_tagalog5_ALARM.wav,f60c3b3ffdb0cc78e17429a2a40106606797a20883f1e38c819dbb12b5783ac5
vcm_test_016782.wav,fil50_12576_ref_tagalog8_TIMER.wav,1fb6cbcb0864278db3a6643bcc4cac466f937bfc9d72e9937f2e21328757b94e
vcm_test_016784.wav,fil50_02575_ref_tagalog11_NEXT.wav,eb78c950e3fa0ae98f1a4a365a5463e64cf59e8050f4f3c6c35dde4627fb62bd
vcm_test_016785.wav,fil50_11718_ref_tagalog7_ALARM.wav,3635cd61bfebe36c8a60c3f7c3ca1066a09deca8072481d323ebd34954517fee
vcm_test_016787.wav,fil50_00917_ref_tagalog1_VOLUME_UP.wav,c01a1b7de6cca06fc44822f1fffd1e2a8585c723bcd25b6f272f853c5d41a412
vcm_test_016788.wav,fil50_10896_ref_tagalog6_BRIGHTNESS.wav,37a10538677a67940bec4e94930579d017a8d4ee151165ea04697302edb22358
vcm_test_016790.wav,fil50_01732_ref_tagalog10_NEXT.wav,9322a9d78c8a4c70146f2e07f6c9514e890692aa3077580db85a69ab894c8064
vcm_test_016792.wav,fil50_13375_ref_tagalog9_LIGHT_OFF.wav,7f7c72fa7082eaa240226ddf370c9dd4e1486d143ab52859d2aa9c80e4b2a668
vcm_test_016794.wav,fil50_09180_ref_tagalog4_PLAY_MUSIC.wav,91d5f8c04e20a8b5ab183cf6ff9d578172a6541c3f39586803d3cd4475386cf9
vcm_test_016798.wav,fil50_04235_ref_tagalog13_VOLUME_UP.wav,07592ea08876e00a4927fed3b7e03d25d691c610c87db771062b3be6f0abf692
vcm_test_016801.wav,fil50_02576_ref_tagalog11_ALARM.wav,a1fdbfb80eb956138799395c9870abd80fb1136c296a95a1d2930ac8b52d39e6
vcm_test_016802.wav,fil50_11719_ref_tagalog7_TEMPERATURE.wav,07b2adebe8f1ee0abc94563945ba0a8682bc39d7d5b440410efcd2d9e7331bd5
vcm_test_016804.wav,fil50_00918_ref_tagalog1_TIMER.wav,76c68956109eca368018622543fe4f9a2e42c8404ba303ccd860a318c4cd2086
vcm_test_016805.wav,fil50_10897_ref_tagalog6_TIMER.wav,8c8ea59dedfc8471a5a5315ec8c8a8028872f2aaa1a7298be1acb85b8e043523
vcm_test_016806.wav,fil50_00070_ref_ilonggo1_TEMPERATURE.wav,a00bd3aff72e11d449fbcf801bca1962f9f8c2c11d2784299fd3915aeae63f04
vcm_test_016807.wav,fil50_01733_ref_tagalog10_TEMPERATURE.wav,cd267a36aba4cec69e0e62d41e4ff7eaae9ed874b121292fd7e01ab5b1a019f6
vcm_test_016808.wav,fil50_08339_ref_tagalog3_PLAY_MUSIC.wav,61b2c10c4b6a04d066ace1be947ecd4c3577024f425801d9390da95081899a30
vcm_test_016810.wav,fil50_07436_ref_tagalog2_CALL.wav,f1863f0f77ee2c37fbf8c457dc71c89750642e5608d6725efdc807570f5cb74f
vcm_test_016811.wav,fil50_09182_ref_tagalog4_CREATE_REMINDER.wav,7eea12215d68276b396d3bc89ccaf2fee89b21a25e193e90a08e88c41044acd6
vcm_test_016812.wav,fil50_05937_ref_tagalog15_VOLUME_UP.wav,e9095fb66d44f3f41c96cb4b4a7cac016b13d0e7abffce8dbcf4189b0590baaa
vcm_test_016813.wav,fil50_05077_ref_tagalog14_TIMER.wav,fba419f876d6b5d8b4376be46d57c2949f173ecb864065d62d27c26fda5da322
vcm_test_016815.wav,fil50_04236_ref_tagalog13_COLOR.wav,8e15fabf21a20ab050532f837639456d6c08b23908e8ee52ddbbc76b63929863
vcm_test_016819.wav,fil50_11721_ref_tagalog7_TIME.wav,075f0c45ce16e5e1113ca30e04da3acae90d1ad9f13cb0b7ff4c01c1aa048656
vcm_test_016820.wav,fil50_03358_ref_tagalog12_COLOR.wav,eb2111c0fc824142e49e74cc872535059b1124080c1947576897f865b1c7412c
vcm_test_016821.wav,fil50_00919_ref_tagalog1_WEATHER.wav,73be54249531dfdacb221300ad77b713223ae914dc7108d86fc6c76c0880bf41
vcm_test_016822.wav,fil50_10898_ref_tagalog6_COLOR.wav,a1b47b02f54fca5261ae959a05b983ba783fa04c5a6caf8bfb03e6ba8d41cb00
vcm_test_016824.wav,fil50_01735_ref_tagalog10_TIMER.wav,b33518dcdf257b41b0ef412565b922cbb85f8610d6199fcb90cf830bd5105154
vcm_test_016825.wav,fil50_08341_ref_tagalog3_VOLUME_UP.wav,fe56a4479e177059233ace829f76c0d8d7a7ed28fcd4eb79436e230b61da1e2e
vcm_test_016828.wav,fil50_09183_ref_tagalog4_CALL.wav,80ddb9093bbf992bcc7584fb2ee0c325d9ece4e6c73173884a77d99228b635b8
vcm_test_016829.wav,fil50_05939_ref_tagalog15_LIGHT_OFF.wav,5b882f1ea63f5cdfe6c57c61d8db758a708359ccc4b34e0f6805e19f5bc536b7
vcm_test_016830.wav,fil50_05078_ref_tagalog14_TIME.wav,6d7a78b993b865496db95a8ebbd9538ccf324ba6896465d1e6ed1dea34f2b60a
vcm_test_016831.wav,,9e92960ac290289110f5f8f29f79e20d6cbd0b5559d841433fbcd6599ebfbb58
vcm_test_016832.wav,fil50_04238_ref_tagalog13_NEXT.wav,83ae364c895c32ce7b155e04621859d3b84458682e52ac5805a5205cbbeff25c
vcm_test_016834.wav,fil50_06752_ref_tagalog16_WEATHER.wav,1701cc52a510deeb54e17a61d1ecea740284e9458c20131e6e0b04cad703d9a4
vcm_test_016835.wav,fil50_02577_ref_tagalog11_CREATE_REMINDER.wav,7964a2dafca9fa3f593324ea8327cdf8d927df06b96dfa862473c88abdb0ac46
vcm_test_016836.wav,fil50_11723_ref_tagalog7_TIME.wav,3c07d04a898d0184e1df84d44e843037f29895c79d02559e4a4dd8f3a8c60e97
vcm_test_016839.wav,fil50_10899_ref_tagalog6_CREATE_REMINDER.wav,9401a3de11ae9eaae21f9c229c4aa93a96e717f55d2307792aef344eeb29641f
vcm_test_016840.wav,fil50_00071_ref_ilonggo1_ALARM.wav,152850cb31da0079501fa5540f359aabc81f341550334f5832ebeefd0dd0a098
vcm_test_016841.wav,fil50_01737_ref_tagalog10_LIGHT_OFF.wav,0d890fd10d558a74b2aeada9543d555cf2dffbf9ee86fa3ac9dc5d8f47b38ead
vcm_test_016842.wav,fil50_08342_ref_tagalog3_COLOR.wav,7eb97b7ef7dd77967e2f8ae7497bb7123b4e38beda69ad24ed706ee019212bb4
vcm_test_016845.wav,,7ddd540869d71abaeaa95905a0cafe6c1996477ca0890eb83521cae896cac38b
vcm_test_016846.wav,fil50_05941_ref_tagalog15_CREATE_REMINDER.wav,3db66d8cf65b7ced1a5807325960b0928f0aad851f440249737fc0f46a118a16
vcm_test_016847.wav,fil50_05080_ref_tagalog14_TIMER.wav,5980368d11e6d643375c5624dcc44949daab8b09ecd4d1b6a43a00796bbf7876
vcm_test_016848.wav,fil50_10026_ref_tagalog5_NEXT.wav,6298114e672e5a1e9cc80d9ee1f6f08ce075498605179718b62934555a9c4aa5
vcm_test_016850.wav,fil50_12578_ref_tagalog8_PLAY_MUSIC.wav,45ea942d51938b106518a6f49458aff31466a0289f3a90a4efaee216653a37e6
vcm_test_016853.wav,fil50_11724_ref_tagalog7_ALARM.wav,3162e80844ff38e59345ddf7160a5f816b36f43a800b6941ed93f8c3d40e226a
vcm_test_016855.wav,fil50_00920_ref_tagalog1_MESSAGE.wav,9c8994068f073ab79d74c24dfc3e4ba01596f03fac1a86013a25767ce3a6ae40
vcm_test_016856.wav,fil50_10901_ref_tagalog6_CREATE_REMINDER.wav,f475f6c1f4cb9d7675ea06f48af6182c485b775bf6fb2a5924c833b0b015092b
vcm_test_016857.wav,fil50_00072_ref_ilonggo1_PLAY_MUSIC.wav,22b1b240632114b045fd19a7002b6829fcd0b02894c34d04ee998e163f74bd3c
vcm_test_016858.wav,fil50_01739_ref_tagalog10_LIGHT_ON.wav,2fd5cdbcfe335627ab30b92508ab45564ebb0f5e2a8d7be75a1cf4fe90c57864
vcm_test_016859.wav,fil50_08343_ref_tagalog3_TEMPERATURE.wav,1a83f4d75b962a1af03b7642bed94b7caed5dc1ffedde6fddb6993a02c011e8f
vcm_test_016860.wav,fil50_13376_ref_tagalog9_COLOR.wav,3a4aa39de5249b6465074cb9a87619f9f1488e8137adb006546b0d96c1bc5680
vcm_test_016862.wav,fil50_09184_ref_tagalog4_LIST_REMINDERS.wav,eea2ed802ae7850ceb0a4070652f25901386e3f1dbfc5a154bd03cb554fca2be
vcm_test_016863.wav,fil50_05943_ref_tagalog15_COLOR.wav,6dff7ead76d61582f6dd536e1c88dfc9497a33fe82e4807aab0a85063c22b38c
vcm_test_016864.wav,fil50_05081_ref_tagalog14_ALARM.wav,1e32376cf6008867116b2890e1442a9975f0df4863a267ea968d7680fcaf1774
vcm_test_016865.wav,fil50_10028_ref_tagalog5_TEMPERATURE.wav,3180e1410cc7f48fafa4b97e49f9ae77f512b10fd6a92e7b59e9943b9c185a51
vcm_test_016868.wav,fil50_06753_ref_tagalog16_LIGHT_ON.wav,2f12fc2d4603b7a41c43ae10931bc69630ea708db4b41add441c2e938e56bf35
vcm_test_016870.wav,fil50_11726_ref_tagalog7_WEATHER.wav,5b31064710f21037da5628970404b1a98c8a197ea52de7d6618735ea32719e0a
vcm_test_016871.wav,fil50_03359_ref_tagalog12_STOP.wav,e206c020b64f56dbea99439c61962aad56ca5a94702c8b7202839ebb80eb7ed8
vcm_test_016872.wav,fil50_00922_ref_tagalog1_TIMER.wav,5fc37605a597f27224e0e7da954f95285d60767cc94739e603efcc3177d30c2e
vcm_test_016874.wav,fil50_00073_ref_ilonggo1_TEMPERATURE.wav,069ba448df4caf4c0c4a6eee13d62fe4e94320829772d3118bd807739c521b19
vcm_test_016875.wav,fil50_01741_ref_tagalog10_TIMER.wav,92196200aefd646dce8ba3d902dd08a035bd14a60cd2360dcbad9bdcbbc2fe9f
vcm_test_016876.wav,fil50_08345_ref_tagalog3_LIGHT_OFF.wav,bbf9e46f6c1169374e0e3e534eff147cc66927f102ebe8787578051e4f46ae65
vcm_test_016877.wav,fil50_13377_ref_tagalog9_COLOR.wav,43a138fd67d383287c3ed17689ff584db5e23c3df42998be304cc7135710ead7
vcm_test_016879.wav,fil50_09185_ref_tagalog4_PLAY_MUSIC.wav,a9634777099c61198525256b7529486ed05aee4a6cc29483d1f7145df570b023
vcm_test_016880.wav,fil50_05945_ref_tagalog15_COLOR.wav,8840aac8f5acdec81d8a93a0aa06205adb6574509167d0708014d6157ea5922d
vcm_test_016882.wav,,5ccd5a6ac8f38618d4be467abdfb10bcfcf1c8727e12fc01c567b60fe9953d66
vcm_test_016883.wav,fil50_04240_ref_tagalog13_CALL.wav,ef63236ebfa0466e90e38a2bf06c49071cc3fc0e16f9d70d15c99b3d3e818f1d
vcm_test_016885.wav,fil50_06754_ref_tagalog16_STOP.wav,1722515ca375c93c8768d14d96308daa76c3f114cfaf8d1bae68b5ca3bc01a3e
vcm_test_016886.wav,fil50_02578_ref_tagalog11_TIMER.wav,21931f040c8ba10b54b9953fb721677f686bc864dfb64c63a9b1d66d629797b7
vcm_test_016887.wav,fil50_11728_ref_tagalog7_COLOR.wav,716073fc93658db5931c2120cc658a3dfd352ea2cfaba088e79a01ac04938f9a
vcm_test_016889.wav,fil50_00923_ref_tagalog1_CREATE_REMINDER.wav,9dd44bfd5854cd4594e1e5f0c6653ccb5b6220b1a111c5166d744158d8894a27
vcm_test_016890.wav,fil50_10902_ref_tagalog6_CREATE_REMINDER.wav,ab9e88cde9f2bbb9baedd0c36a8d4468536d120f5b5b8364dc6fda747c7179bd
vcm_test_016892.wav,,4d72f85425e40bf5a331c9156c287cd49379369f71aa9a7f665b7c4dea204fbb
vcm_test_016894.wav,fil50_13379_ref_tagalog9_CALL.wav,69aaa6155937b5af8ee82a1fa22c91bfa570d6c9dd7d995dc6ad54e3f1d2bd74
vcm_test_016895.wav,,aeb391a4c664e082fa579f0da90386ddff4667eb8985fad7f526f976579ef5c9
vcm_test_016896.wav,fil50_09187_ref_tagalog4_LIST_REMINDERS.wav,bc0909b3e3dc4c5cb9419901b5f1e89eb6e32550c526b146b79a513ca155b1bb
vcm_test_016897.wav,fil50_05946_ref_tagalog15_STOP.wav,553f166294abcc36741848ee5e9e5c6ab88a148ab817facdc9b38ea697d33a2e
vcm_test_016902.wav,fil50_06755_ref_tagalog16_CREATE_REMINDER.wav,dd9d2145cbc164abaabdf61c66c41907e9e2b7489414fa379160af4d42ea1d62
vcm_test_016903.wav,fil50_02579_ref_tagalog11_COLOR.wav,544b3e327d25feab41eec4e3497dc47b609d632c7fe3a809fd85f78669048faf
vcm_test_016904.wav,fil50_11730_ref_tagalog7_PLAY_MUSIC.wav,a05dc09385f53cf76c75e69adf8c99d841582363cc1c594c0f28c4f81ffdcb6d
vcm_test_016906.wav,fil50_00924_ref_tagalog1_TIME.wav,72d5874c3040e17bc886dc93d4e87b29a14336b65a061e73da77e6a5d54a6021
vcm_test_016907.wav,fil50_10904_ref_tagalog6_PLAY_MUSIC.wav,ff8c22bb024235ae079c3c8ad28b915da1720591116707ec1eddb307c1b095c9
vcm_test_016909.wav,fil50_01742_ref_tagalog10_STOP.wav,0d07dda1f359b3a3f9c3e0240ca11600d90bcc6c6cbc6ea0d002b957c9aa428a
vcm_test_016910.wav,fil50_08346_ref_tagalog3_BRIGHTNESS.wav,2c9651754449bc82339e0c53920143fce5f239806728ded8ed45828e77d57f8e
vcm_test_016911.wav,fil50_13381_ref_tagalog9_TEMPERATURE.wav,e6a4ffe0c4d99ce2129e2ac4eca94cd47fbdbc0a817c68b354d21514111ab83b
vcm_test_016913.wav,fil50_09188_ref_tagalog4_ALARM.wav,486884f6b2b0adfa93fbaf79208244853da24e44463a44ea0e3da1fa37389380
vcm_test_016914.wav,fil50_05947_ref_tagalog15_TIMER.wav,e840a41259c1787e9a93fdfbc2d76a5e6895d37ede71cfefd624dc5de053e3cc
vcm_test_016915.wav,fil50_05083_ref_tagalog14_STOP.wav,621d7c767b12413314ac63bea699608d65f2706ed89aa2a19534f87f73b64282
vcm_test_016916.wav,fil50_10029_ref_tagalog5_COLOR.wav,6038057651d8421932dff8660ac38dd07cf851fe8a58715e1d946a71f0d8e845
vcm_test_016918.wav,fil50_12580_ref_tagalog8_ALARM.wav,06f80ab16e70fc9396423e7428606e7135a17489c15e17fa230a8322b19642bc
vcm_test_016919.wav,fil50_06756_ref_tagalog16_VOLUME_UP.wav,70a3435df626d72a9e128441ae58e213def721c6ace2d5e601c744d5b3c9d011
vcm_test_016920.wav,fil50_02581_ref_tagalog11_LIGHT_ON.wav,01652c163a9188e9254708e9159fe7c1c0b4f0f7411e6baa4f9566b188fdf7af
vcm_test_016924.wav,fil50_10906_ref_tagalog6_COLOR.wav,a10574aea8482e99f994eedd3c7c83316dd12e0785d2e650217dc700e0ec8325
vcm_test_016926.wav,fil50_01744_ref_tagalog10_LIGHT_OFF.wav,4d7f6f34296a5b1350db2043520cd27e9190f1d900c5fdf1ebf1cb74938aaf26
vcm_test_016928.wav,,439976db26a28dbfbe93b3994a624058d02e0c7f5c7ffea44ca7f90a64ad870b
vcm_test_016929.wav,fil50_07438_ref_tagalog2_NEXT.wav,100ca520d693a54cd9e4a86746f6384715cb0334c92a0c6c58ddb1fe6f1ae2e6
vcm_test_016930.wav,fil50_09189_ref_tagalog4_LIGHT_ON.wav,8ad08e60c088f1ba6a34461761af0621c771c1923354fb5a0fe78a61ac6eeea2
vcm_test_016931.wav,fil50_05948_ref_tagalog15_MESSAGE.wav,fcd2c75c946c4f03a3a22dadb9de0144bbc0f348ca8f105a8f5cf719ea61548e
vcm_test_016932.wav,fil50_05085_ref_tagalog14_BRIGHTNESS.wav,4f18ec1562941f1116bbabda15d863ec81e63093fac61da5b4dffb84e5b7369e
vcm_test_016933.wav,fil50_10031_ref_tagalog5_WEATHER.wav,d27d6017727cbc404d3f9a2c84d00f0a70fdab84f9885eab39f168d72654544b
vcm_test_016934.wav,fil50_04241_ref_tagalog13_CREATE_REMINDER.wav,ae72c0d8eb5e46829701af3eaa73ab0ff2d6f1c63bafc37bfad3d354ce591d08
vcm_test_016935.wav,fil50_12582_ref_tagalog8_TEMPERATURE.wav,4e4b11af150d1081236469468d7f5638e769203d35890fbcaa342e730c0f1b6f
vcm_test_016936.wav,fil50_06758_ref_tagalog16_TIME.wav,b1e993d379c17c7965030122d233e583405b5e1b3acaadfde615b24bbbd920e2
vcm_test_016937.wav,fil50_02582_ref_tagalog11_MESSAGE.wav,0044dc403283429e2ff77b0d47784ca2e1976e916d62025832bde6593689b8e5
vcm_test_016940.wav,fil50_00926_ref_tagalog1_TEMPERATURE.wav,c820ff8600e088fab11fa8b4a8ad48af532e5ca02819eb25389a8a690883bf0c
vcm_test_016941.wav,fil50_10908_ref_tagalog6_VOLUME_DOWN.wav,1b1c1404ae7d4ef815e615baa685b6574a279677a819fd5673b9181172c68db4
vcm_test_016943.wav,fil50_01746_ref_tagalog10_TEMPERATURE.wav,571981eee43988ecb8bae980d551dd88b790650183d90b4afe658ceae99ab3b2
vcm_test_016945.wav,fil50_13382_ref_tagalog9_TEMPERATURE.wav,3916a276bc6a7c4f6dc8826aea29550c21662baec6292a71d23eaabe71e13bea
vcm_test_016947.wav,fil50_09191_ref_tagalog4_COLOR.wav,ff2e09d919b11fbe3c5b9ad209582afcda1af00803cfd49e69328e6f4c862ccd
vcm_test_016950.wav,fil50_10032_ref_tagalog5_ALARM.wav,1dfc2cfa94d8c268740614e2eaaacba0d6141afe5002168ebe3f3cc2f222068f
vcm_test_016951.wav,fil50_04243_ref_tagalog13_PLAY_MUSIC.wav,43b43d38fd62f2cf007e5a3856ed9c42dafabb337878c36f2889e0c5831da787
vcm_test_016952.wav,fil50_12584_ref_tagalog8_BRIGHTNESS.wav,394ba7607e8ccc6097afda42383872b4cc4daca26c37a0f03d579b087907569a
vcm_test_016957.wav,fil50_00928_ref_tagalog1_TIMER.wav,56c043d87104dde64488e3b52e97751b31928c07fcedb3d2912db03d7586a008
vcm_test_016960.wav,fil50_01747_ref_tagalog10_LIGHT_OFF.wav,5ec671c1371778de5e44cbfcefdd00bad6094a0b1125b5a90e018e142282c363
vcm_test_016961.wav,,c6ada76a68ea1ca0e2f2a2484ccdf4abfcc718dfbdc2a218ec4b2301232ac2d0
vcm_test_016962.wav,fil50_13384_ref_tagalog9_TIMER.wav,6da6b54ec32af4fab24ad7f7cfb9edf5c3b884d3b53700ca122a7917130d636a
vcm_test_016963.wav,fil50_07440_ref_tagalog2_TIMER.wav,a01915de404b9b6197edad76ee12790191c8f8a34be74e1e2080d13d3e220f8b
vcm_test_016965.wav,fil50_05949_ref_tagalog15_ALARM.wav,1fd1ed1130e97e084f8c2fee4f78fdb807476a40562ca0f114995160023c4458
vcm_test_016967.wav,fil50_10034_ref_tagalog5_CREATE_REMINDER.wav,60023de523aa23e29e2878b24aac266a7c5ed76703a8c625075d64ccf1ad5e71
vcm_test_016969.wav,fil50_12586_ref_tagalog8_NEXT.wav,1f778dad922c9118f7ab77240cc7232d3bb34dc1631fbf990a345a124fbe643d
vcm_test_016970.wav,fil50_06760_ref_tagalog16_COLOR.wav,78f02a2bdfab47ce8cb575b8c6b42150823fb21c8b9008261afc5cf948739ecf
vcm_test_016973.wav,fil50_03360_ref_tagalog12_TIME.wav,9ddd54b456480e47c6e1f46ab9584a58aeb4095e7ac8805bc4e7b4e16f5a8d17
vcm_test_016975.wav,fil50_10909_ref_tagalog6_TIMER.wav,61281ab2592e4b3dc690d945d10c5cdbf44259ffd592436d6c986d3bb35dcefa
vcm_test_016976.wav,fil50_00074_ref_ilonggo1_CREATE_REMINDER.wav,77ab96543d4f176777e985ebfdc3a4f8a1a78e0e71d126f152fcaa3d80a1e417
vcm_test_016978.wav,fil50_08347_ref_tagalog3_PLAY_MUSIC.wav,b1ba09172102bcedb0a6e6272fe622e8e4ae8dbb1ab4dc0c2eeb5ef27e117201
vcm_test_016979.wav,fil50_13386_ref_tagalog9_LIST_REMINDERS.wav,8e715460bc5494393bfa59c73fca3a302fe7a2f869e063c873f77405fad011ec
vcm_test_016980.wav,fil50_07442_ref_tagalog2_CREATE_REMINDER.wav,0f421131a79bb39003cc49418e113d3f572110eca76363983f4fb362443cc187
vcm_test_016981.wav,fil50_09192_ref_tagalog4_LIGHT_OFF.wav,1e9f8924eeb722168cb32804a189b6167e68520c8795de40dfc79b028b565265
vcm_test_016982.wav,fil50_05950_ref_tagalog15_PAUSE.wav,8c5a2699aa96302e4050f54a8e61d629e82ef09f203aeb9eedf548c3171af801
vcm_test_016983.wav,fil50_05087_ref_tagalog14_MESSAGE.wav,57224960623183aad2485e5bb9b2bb398351155a5eefb62311e25e67a060fe31
vcm_test_016985.wav,fil50_04244_ref_tagalog13_VOLUME_UP.wav,88fe5f5f519bf3c13deca4e5b69e0298722bb7c24610e2635c6f40f99ae6e574
vcm_test_016990.wav,fil50_03361_ref_tagalog12_LIGHT_OFF.wav,ef5fcdf885439130be3238e935e2caf972371e56ae8ccedef22936229eccb280
vcm_test_016992.wav,fil50_10910_ref_tagalog6_CREATE_REMINDER.wav,38f97aac2bb9d00b2f0d01d4a77d785348991d3a72935eb09e3f33be3dc93930
vcm_test_016994.wav,fil50_01749_ref_tagalog10_TEMPERATURE.wav,efa4c8cd16a3d90e043b058c34959f060c8e09541ef12a39b028eb4baf27c6c8
vcm_test_016996.wav,fil50_13387_ref_tagalog9_COLOR.wav,7c4ea97035269f34e99adf3ede7ad68bbfdefd58259d2cb21bb9f226add348cf
vcm_test_017001.wav,fil50_10036_ref_tagalog5_LIGHT_ON.wav,6e7c6780e4b4069433a5539a6261849452435150f01a684efe4a7e82cdfa3ea6
vcm_test_017003.wav,fil50_12587_ref_tagalog8_ALARM.wav,d2aab293f27371773d37e4bd0c218ad0a09c5a4a023a4c35c39ceb47b0d4a7ce
vcm_test_017004.wav,fil50_06762_ref_tagalog16_TIMER.wav,e0e62fd9a60cd545ea5557ac0882fad6e06bd6a2564310f6fb7cb9f8b2a9666d
vcm_test_017005.wav,fil50_02583_ref_tagalog11_CALL.wav,3025cb02b5205c7bb9faac704c8264b6d3294c23933cab76675429a40d7b9217
vcm_test_017006.wav,fil50_11732_ref_tagalog7_ALARM.wav,ccc23fb31855c1a1fb71897e5d5620e6841784712b01c9eca65f8d14e64b67bf
vcm_test_017007.wav,fil50_03363_ref_tagalog12_TIMER.wav,6350c6bbdf2f9cd3ebc5f5852c4c83fec2ecbd47e348294d84a721ba18844093
vcm_test_017009.wav,fil50_10912_ref_tagalog6_LIGHT_ON.wav,3f17aaaa3413d4905f9489d52441ece472bed8674d5bc40fab46c64b40fb7d0c
vcm_test_017010.wav,fil50_00076_ref_ilonggo1_STOP.wav,325e292ef7bca774db09fb313ea0744375f49274a7f0d2e611dfa4dc858e362d
vcm_test_017011.wav,fil50_01750_ref_tagalog10_MESSAGE.wav,02ece4c429946b0a172973b4503f57331a5af5b5741bbb02e8f5e541d8edb4cc
vcm_test_017012.wav,fil50_08348_ref_tagalog3_LIGHT_OFF.wav,1899f28565443917a2c7d138bdc71150a087e7592c2a6b6d009dce929c793892
vcm_test_017013.wav,fil50_13389_ref_tagalog9_VOLUME_DOWN.wav,4c2f40cb631a504fda5fee9e287ff6f7ee65569b41e03a5c5070ac673435c43a
vcm_test_017014.wav,fil50_07443_ref_tagalog2_BRIGHTNESS.wav,44a92c1d90241242ce9ddf8592d761fa6bb005ed847a73cdd116f3fd8b944ffb
vcm_test_017015.wav,fil50_09193_ref_tagalog4_CREATE_REMINDER.wav,60449f8d242dea64cd9086178e58f98bd8d5c5af3bb8581d0159369a69c3c51b
vcm_test_017016.wav,fil50_05951_ref_tagalog15_VOLUME_UP.wav,3239b81bac158db947c39e34eef8f20ac44c4eec66ae9c04dbd4c9bc36425c3d
vcm_test_017018.wav,fil50_10037_ref_tagalog5_ALARM.wav,c8e72402c0c8541752c35ed83518b6ed44e47c59b67c8ebb527de837df128ca3
vcm_test_017020.wav,fil50_12589_ref_tagalog8_LIGHT_ON.wav,b70008d1a8ee6c23658e0ba89294953f342d09d8f317b409a8062ca91c5067d7
vcm_test_017022.wav,fil50_02585_ref_tagalog11_CALL.wav,f4bd89808aff760d3e02425f7740f70adc5d9863794772270b9952456ada7741
vcm_test_017023.wav,fil50_11734_ref_tagalog7_ALARM.wav,85cecfc5745896ae08dc2591c17da2f0df12c4ac07b6fe5ef6ef9555f31df5fc
vcm_test_017025.wav,fil50_00930_ref_tagalog1_TIMER.wav,0cef743561c385f6a1c625b60c9a6a50a645848e63dae5c9277a7cdbca71bc62
vcm_test_017026.wav,fil50_10914_ref_tagalog6_COLOR.wav,85969ab4ea3b8aff359c7f16a8c8c4227bda467f282a8ccafee5004101045ef8
vcm_test_017027.wav,fil50_00077_ref_ilonggo1_LIGHT_ON.wav,b8e4210ca3c42eb2c440f59815a94a82e79e9b617a8c7d3111134d4e29acb116
vcm_test_017029.wav,fil50_08350_ref_tagalog3_BRIGHTNESS.wav,7077e1cd4df189492d4e285a1a75f44bec466c40aaf64f77e84a6b1ab03421b9
vcm_test_017030.wav,fil50_13390_ref_tagalog9_BRIGHTNESS.wav,398aafcd0224ffefab284bf29e9bf43d87bbdb3706f59520a182efb56964be86
vcm_test_017031.wav,fil50_07444_ref_tagalog2_WEATHER.wav,22c9cd228bb5bb281c498bed4e22c2041a1f48977c8bb4dba76528671efa1f47
vcm_test_017032.wav,fil50_09194_ref_tagalog4_TEMPERATURE.wav,b94188d839acf50a2570d5fb9979ade8c41914309875146df4c710d026e849dc
vcm_test_017035.wav,fil50_10038_ref_tagalog5_ALARM.wav,4389fdc6ed3ed835f61698663585f66d16f5637b30c820afa895b15c04198f4a
vcm_test_017036.wav,fil50_04245_ref_tagalog13_TEMPERATURE.wav,9b2d8d09090bdd618c100d274797efde3fb5dd6abfb6d9fec51530cd2c6528aa
vcm_test_017039.wav,fil50_02586_ref_tagalog11_STOP.wav,a77ee4b22b5f1d24fcbff3ed004898219954177d0009421bfc64b9157d8f808e
vcm_test_017041.wav,fil50_03365_ref_tagalog12_WEATHER.wav,09ffde0a05ff909c68b5130f69028b0fc07aad72be85bc6b130eead98276b855
vcm_test_017043.wav,fil50_10915_ref_tagalog6_TEMPERATURE.wav,39b7aa0a00067c6fc0d0585f0a71ded8d00ab64bdb55a94768c8958eb62c42d5
vcm_test_017044.wav,fil50_00078_ref_ilonggo1_CREATE_REMINDER.wav,55a0a29321b6b68be43d9cfbd422ee18807ef74981c5e61a6070253cf254822d
vcm_test_017046.wav,fil50_08352_ref_tagalog3_TEMPERATURE.wav,6f0603799f69dd2c6301809552bda325c36e7527e4309686834edf4d4a28cbab
vcm_test_017048.wav,fil50_07445_ref_tagalog2_CREATE_REMINDER.wav,ccbf1c8e51b5f892581037d8b8bc50bcbc6bbfb60efe9370cd9be623cef8e772
vcm_test_017050.wav,fil50_05952_ref_tagalog15_STOP.wav,dba11c08ae7ed07d74fbff3c19bc68a106e1584188a4e338a4bda9183cbdba63
vcm_test_017053.wav,,3f63d6c6dbd26a40a18e4bd2ca1175160dc7cbdbdc9f18dfd5750ba394808d7e
vcm_test_017054.wav,fil50_12590_ref_tagalog8_PAUSE.wav,1c50077fe766e2cfa8a4810b54ef28e230f72cd54be5c38655d89007a84ab0ab
vcm_test_017056.wav,fil50_02588_ref_tagalog11_COLOR.wav,450c6c3f54eee0ffa63e7abe2208b3e5664a3ad31abe74d4e3319c1967265f8f
vcm_test_017059.wav,fil50_00931_ref_tagalog1_TEMPERATURE.wav,502cd410bd7d251d0dc57bc7f5c3c26d3dd991c7b67d12c71020514d563d144c
vcm_test_017060.wav,fil50_10916_ref_tagalog6_LIST_REMINDERS.wav,8af5180f684a72fcd7fba74fcec74ca67bb6fee42c1a79e36b5e169fb6d5da8c
vcm_test_017062.wav,fil50_01752_ref_tagalog10_MESSAGE.wav,bd78e2ba80e0eb90c72657ace01ee855d0eaf815af19fb43d61b4e9ae7851b8d
vcm_test_017063.wav,fil50_08353_ref_tagalog3_TEMPERATURE.wav,60865cae7b661b9faf168cd91a290a59c4703b3b5a40449f826d00f6e1710d4f
vcm_test_017066.wav,fil50_09196_ref_tagalog4_VOLUME_DOWN.wav,3a2c65b9c53d65edd9489fcc9f8016371edcfbfcd2985638a3272b9a46c58ce3
vcm_test_017069.wav,fil50_10040_ref_tagalog5_NEXT.wav,791660e482cff7b91cc81c5765e9d245209609deefd4e0b09994e3271cdf22bc
vcm_test_017071.wav,fil50_12591_ref_tagalog8_ALARM.wav,19dcf6bc2e25725c2cfb45897e5d2797c24ffac0cd2d5c2ce54b122da1bf3b6f
vcm_test_017074.wav,fil50_11736_ref_tagalog7_LIGHT_OFF.wav,f21faeb8ebc8e5272118922e49899571bac929b8d528e6c2f131e778ae8e69a0
vcm_test_017075.wav,fil50_03366_ref_tagalog12_LIGHT_ON.wav,3265cfd2db4f58b26ec15a8b0de42dc84443d80ab4df5e0d9a38c942407d4ce6
vcm_test_017078.wav,fil50_00079_ref_ilonggo1_WEATHER.wav,96f1cd00dcb4d16b3eebb327f0865b70c21a76040d3c028927c1be710f0cb1aa
vcm_test_017079.wav,fil50_01754_ref_tagalog10_COLOR.wav,a48fa65c71bbe6d13c6fb4637f9956c7565816128c88a48b4b797d9f14e21a91
vcm_test_017081.wav,fil50_13392_ref_tagalog9_ALARM.wav,5c1a404d5f4a46c9757ecdf066fde30bcfddcc7056beae55302b39c99ffd9eb3
vcm_test_017084.wav,fil50_05953_ref_tagalog15_COLOR.wav,828c9ae978fb5487f68c44d413f4ee755b61408c93fbcdce9798b014245c15fb
vcm_test_017085.wav,fil50_05088_ref_tagalog14_COLOR.wav,f00706313bc72d2499692696dc8953a629bcf0d04771cbce95651dd21fcae192
vcm_test_017086.wav,fil50_10042_ref_tagalog5_CALL.wav,a583f82d1ef9ebc1c5b70e24e14c81ce684650eab80ba7f6b5cec85bf1cbc051
vcm_test_017087.wav,fil50_04246_ref_tagalog13_TIMER.wav,5f88a7b7767489b0b590499abaa030d39f7252d5ed527395b11da67e595b6402
vcm_test_017089.wav,fil50_06764_ref_tagalog16_ALARM.wav,8ba3fa0c587f5040e8d80ca2906f96b75d1e70c30c4491015bb4ff45406d30c9
vcm_test_017090.wav,fil50_02589_ref_tagalog11_NEXT.wav,29abfcafe0909ec7b8233d5780aa74adf2eebef700650af9714bb316aa2eb673
vcm_test_017091.wav,fil50_11738_ref_tagalog7_TIMER.wav,c87de87358790b46c56556641c475e29ac2f3a6095b605e5f46230444f4813f4
vcm_test_017092.wav,fil50_03367_ref_tagalog12_TIMER.wav,2910862bb228cc5dbd6d52517874dccb2e72e1454ba442f421893746cfb587b1
vcm_test_017097.wav,fil50_08354_ref_tagalog3_VOLUME_DOWN.wav,bd9cab3bc8770978b612e35e97c301c873ba8babfb1e87ff12f1a0c7c11ea0d4
vcm_test_017098.wav,fil50_13394_ref_tagalog9_CREATE_REMINDER.wav,f09f707cf12007365a28b17040f93450cc8c90edb7efa23238fe00a3cca2f12a
vcm_test_017099.wav,fil50_07447_ref_tagalog2_MESSAGE.wav,61abd119558dd780de6e3af84a4805baf6b92f3fd9a6171d3fbbbfae24aa5a68
vcm_test_017105.wav,fil50_12593_ref_tagalog8_TEMPERATURE.wav,baaa26d7f51f552786278f1904014a1f2e9dca40aa5c541a4210e63d4f84da2d
vcm_test_017108.wav,fil50_11739_ref_tagalog7_CREATE_REMINDER.wav,a31b6b179698a49046f96987609d365c43a1535d46d4d9e9bb583e3a01615da1
vcm_test_017109.wav,fil50_03369_ref_tagalog12_COLOR.wav,bddec3f3d574b64eca427b8386770d1840eac7d21d56c2f97dcc254431c07b2c
vcm_test_017110.wav,fil50_00932_ref_tagalog1_PLAY_MUSIC.wav,26ab2f2c2e5e014d26dbc7652a4afed8d43204002ce7a9cccdf4f46fe416fad5
vcm_test_017112.wav,fil50_00080_ref_ilonggo1_VOLUME_UP.wav,b40a708a3e75464b96b277324d2ab508fa49149ddfa8fd5262e70b00ede62fbd
vcm_test_017114.wav,fil50_08356_ref_tagalog3_STOP.wav,1c4e194534fb12d294a48f07026e91ec18b60411fe8f1768d751d36e934664db
vcm_test_017116.wav,fil50_07449_ref_tagalog2_TIME.wav,e948833b31c979d7a63c569cdb746e809b56356b73704cd15c667680b0a6f156
vcm_test_017117.wav,fil50_09198_ref_tagalog4_MESSAGE.wav,8f4934abe3e0f113149898956b664898a641c824567d4b1d067a81e7c1df0e02
vcm_test_017119.wav,fil50_05089_ref_tagalog14_TIME.wav,d840cac074d4b8f2bab54d17d561b3a8739efc571abff974ef42a5a65e855d5f
vcm_test_017122.wav,,ba61f5bf81f124301e61c111d8de0f0536d85c79ab29a15034517fb4b1acefb5
vcm_test_017124.wav,fil50_02590_ref_tagalog11_BRIGHTNESS.wav,a452f4228b30e949d0322d448e1d5ab9b47c03b723514a75200648891f050246
vcm_test_017127.wav,fil50_00934_ref_tagalog1_TEMPERATURE.wav,3d0aff43cd0144d6c00fcb95980ba090067cc620701f7c7aec75f8cf137a97fb
vcm_test_017129.wav,fil50_00082_ref_ilonggo1_TEMPERATURE.wav,3e874a049aacc9719f17d7071efc3eae2184add42a82465dbdf1c076186985f4
vcm_test_017131.wav,fil50_08358_ref_tagalog3_PLAY_MUSIC.wav,330fc5bb60640400b6c578c8b6f04afbb18c1e26f8f3a2d3816f4d10bb8fd06f
vcm_test_017132.wav,fil50_13395_ref_tagalog9_TEMPERATURE.wav,e949064946126e6aeaad612b265de3611aac59cee4fa704685439c9a5196697b
vcm_test_017133.wav,fil50_07450_ref_tagalog2_TEMPERATURE.wav,be451a0fdac903b1156a9a8046b52be342fce3ec9a844eb00953109e250bda2f
vcm_test_017136.wav,fil50_05090_ref_tagalog14_TEMPERATURE.wav,e66886c9b025430e09bc576ac2e7ec02e2e38f678e542d40b135001257fdbb85
vcm_test_017139.wav,fil50_12594_ref_tagalog8_TEMPERATURE.wav,755548da13d5e4a9a4d686b084908b30dba307bba06627ca948ad48bc988f9f1
vcm_test_017143.wav,fil50_03370_ref_tagalog12_TIMER.wav,6b918f849249e0b0e26e4d5248067a1d79ffa8ebe99a517bfb1398eb0ac71054
vcm_test_017145.wav,fil50_10918_ref_tagalog6_TIMER.wav,31c9b6bc02d8fddee54effaeb79b02463039a768399c78209211d361d07cfe0c
vcm_test_017147.wav,fil50_01756_ref_tagalog10_TIMER.wav,d90ba189a15680f25800658e9c41c04a88ea6c746e0feaac8670ce2f7686b543
vcm_test_017148.wav,fil50_08359_ref_tagalog3_COLOR.wav,6e1d180201791a394f0aa777c0c3eaea6567161b2067fd5c92b04b78da6747c5
vcm_test_017151.wav,fil50_09200_ref_tagalog4_TIME.wav,1d3d7b839167cc1d79588701cd4051965783902b16d3e1a5c111afd65794709a
vcm_test_017155.wav,fil50_04247_ref_tagalog13_TEMPERATURE.wav,258b25a9b831b750dd10e3a56b33a226f8f0cbcef2d43bef761cbed1e30cccca
vcm_test_017156.wav,fil50_12595_ref_tagalog8_COLOR.wav,5a41d696ca77e27c71890665eb94a11316f9cd0856dda38f5ef3f2c8a10df088
vcm_test_017158.wav,fil50_02592_ref_tagalog11_TIME.wav,86f74f548441c34f83c31bb0a581b7dc1eb1635d7170ca0022488aa1801181b9
vcm_test_017160.wav,fil50_03372_ref_tagalog12_LIGHT_ON.wav,6f75655179341c768cb4156a846c417916d14712f66403898a68a1e8f7235312
vcm_test_017163.wav,fil50_00084_ref_ilonggo1_ALARM.wav,8389dfb2b413c10591a2eb68d673889104624dcc7b22789385db0453e4cf3eff
vcm_test_017164.wav,fil50_01757_ref_tagalog10_CREATE_REMINDER.wav,a6e5ed2eee906e73e83a09277f646e548fbb343fb02b0388ee43390d2c88b663
vcm_test_017165.wav,fil50_08361_ref_tagalog3_VOLUME_UP.wav,c65b31bf3d949c12f30e3d0289cd5c486cb98d566b670b924fc5a677f0c29e65
vcm_test_017168.wav,fil50_09201_ref_tagalog4_LIGHT_OFF.wav,4ed65e2e4deedb5d881b23c613d4a96bc5e954a27c6f85061c85d3d4e2f4c28b
vcm_test_017171.wav,fil50_10044_ref_tagalog5_WEATHER.wav,f12e64910b07d7fd459124ed5618c37ab4893a6a853e9a923639cb9233c68f31
vcm_test_017174.wav,fil50_06766_ref_tagalog16_VOLUME_UP.wav,13356f3f7c2b25160df43aad6d4c3720a576f6147f2a8895f63c46257d3913d1
vcm_test_017175.wav,fil50_02593_ref_tagalog11_BRIGHTNESS.wav,d3f06aa7a59ba186f452fb592ab3fdb8beb6d9ab57def2cda0268d4ea93ebf77
vcm_test_017176.wav,fil50_11741_ref_tagalog7_NEXT.wav,bcff05e031b362ebe6580ce8b8635d53a5bdb682b250d25c65cf34b19b91b574
vcm_test_017177.wav,fil50_03373_ref_tagalog12_NEXT.wav,b95e115961f3f4af30202694759082831b586ed9dd8d265ba98c748cc224c57d
vcm_test_017179.wav,fil50_10919_ref_tagalog6_VOLUME_DOWN.wav,b14a81ab1ffc51a0e44ef233b2a595179a85b73c67c125b43e118f1afeebc622
vcm_test_017181.wav,fil50_01758_ref_tagalog10_CREATE_REMINDER.wav,d50620bbbd5e0b94464e32e0cf6cec5089e32141b0a810a3c42a05c93d242ca6
vcm_test_017182.wav,fil50_08362_ref_tagalog3_CREATE_REMINDER.wav,b11c27eae246ed95f0c3dd6013e1f9e7ed77ec911b82bccadb7ac5a54c84b082
vcm_test_017183.wav,fil50_13397_ref_tagalog9_LIGHT_OFF.wav,e7b20393f109766e47287f211c0986fb79db6e500344787f7e05c6cfd48f0fb0
vcm_test_017186.wav,fil50_05955_ref_tagalog15_VOLUME_UP.wav,d676a140c26227152606203505a4bb8539f0f5f8373ee7416bb29e92780b9be7
vcm_test_017187.wav,fil50_05091_ref_tagalog14_TIMER.wav,9139b3dd96d5e3440177caf1606a922c97ce7e3d4dfc90174ce1e16d368798ee
vcm_test_017188.wav,fil50_10046_ref_tagalog5_NEXT.wav,d91034b6727ef4ef09cca1cab03e60422cae58f4031f312d81e021c7c04d1268
vcm_test_017190.wav,fil50_12596_ref_tagalog8_VOLUME_UP.wav,cc9ad0989ae95b2bb7eebcd77e0376bb788a1fc50cc1f21cb23f23ebf8d1bb4f
vcm_test_017193.wav,fil50_11742_ref_tagalog7_NEXT.wav,2092cd01137316b45eb9200640270802823fc303a911b1991d32dda301828102
vcm_test_017194.wav,fil50_03374_ref_tagalog12_TIMER.wav,e239eddd4d55d12d0016debe8a8ea4a6d48993a189be7b6a8281bdf1b764fd19
vcm_test_017195.wav,fil50_00935_ref_tagalog1_LIGHT_ON.wav,0b68235c02551fd48e4c81fef64a404ffab615a68745922e859ebd0802f401eb
vcm_test_017197.wav,fil50_00085_ref_ilonggo1_ALARM.wav,03852de4e9ae26ece9f592c45d1b2f5d7d7454c22e70424307266177bbeed662
vcm_test_017198.wav,fil50_01760_ref_tagalog10_COLOR.wav,f8af8ae0b6cc348b1fb66311a2e1d0010300d540e94035e0860ac7d6af050ed5
vcm_test_017200.wav,fil50_13398_ref_tagalog9_STOP.wav,904d9418a117ffba410f560b4432f48d6eae202d17cd2ccbd026bf41abb061e4
vcm_test_017201.wav,fil50_07451_ref_tagalog2_TEMPERATURE.wav,aae260b03ea2c7a0fba65d3b1882d9d4054c1900ae09eb6ae6118184c9716c32
vcm_test_017202.wav,fil50_09203_ref_tagalog4_NEXT.wav,915c493b26d447b5f7d4cb7858a09b89381f8b260064524d86ff65759a9e0d3f
vcm_test_017203.wav,fil50_05957_ref_tagalog15_TIME.wav,850abe5d7fcd3261078a703d5f5c19c475e0164bda17fdae60d199e48d679d7b
vcm_test_017204.wav,fil50_05092_ref_tagalog14_ALARM.wav,a7c2640579cadf5b6147e5b43da1304e2a8c094e167841cf42748a8ba8b7ecd2
vcm_test_017206.wav,fil50_04248_ref_tagalog13_MESSAGE.wav,051ec113e39439853f759952db40a81321ce7f53d73e17a2a3209d52ad5a495d
vcm_test_017207.wav,fil50_12597_ref_tagalog8_TIME.wav,c5fdad2ac592f10b96bfb0214216d82a6388cfaa24c1ca8b0ae8ab63f0833464
vcm_test_017208.wav,fil50_06767_ref_tagalog16_COLOR.wav,e95a2afd2addc859ff4ce49ddaaf67052c8adc859c266ef85e3fda609b1e43ea
vcm_test_017209.wav,fil50_02594_ref_tagalog11_ALARM.wav,38c607765702beb7e579d03c35f4fa7795e56ac9ba08a6d317acfc2cd793163e
vcm_test_017211.wav,fil50_03376_ref_tagalog12_STOP.wav,da33cfae346824773e90571e33a9530138341cea845c3360b98cc05cba491aa1
vcm_test_017212.wav,fil50_00936_ref_tagalog1_WEATHER.wav,8f9a7abdf1eb6fdba7b3be9601ffea893ef7636b84944ad4211b422e390c533b
vcm_test_017214.wav,fil50_00086_ref_ilonggo1_LIGHT_ON.wav,1f03681d72d006002b259f7ec09d17a39c0f964af6893271ba6d185cc306c236
vcm_test_017215.wav,fil50_01761_ref_tagalog10_TEMPERATURE.wav,cfa5bc562f181d66f45c2f2e0ea2629b7f36363fb149b8ad975c7943ba17ed8a
vcm_test_017216.wav,fil50_08364_ref_tagalog3_LIGHT_ON.wav,0121fc4b87f0f66ec32cb248405dd713c0dbb88337a17c2adb2cb9698013ff95
vcm_test_017218.wav,fil50_07452_ref_tagalog2_WEATHER.wav,bc73f4600c2e0136d3b8d772e43017ba1cfd370ad6be15d7f3eff04d44c829f1
vcm_test_017219.wav,fil50_09204_ref_tagalog4_TIMER.wav,e6850ac05e081605c5d269d7bf05544a5cc515e193005b7d6f18dc331b32e8a1
vcm_test_017220.wav,fil50_05958_ref_tagalog15_LIST_REMINDERS.wav,96eeec9a7a4fd61281ea7a4b9896ae739cd1f8fa2aee0ef18dc2ea51b86a43b7
vcm_test_017225.wav,fil50_06769_ref_tagalog16_TIMER.wav,10ba6b63aad7d35e5d3d06a44d77a96ab358a6ba00505b1e2a27ae7146dba91b
vcm_test_017226.wav,fil50_02595_ref_tagalog11_MESSAGE.wav,3d54f2d65ee08ba62fb575474c2990b5464b9e229ccb3708a9facf305127366a
vcm_test_017228.wav,fil50_03378_ref_tagalog12_TEMPERATURE.wav,5f5912c860cd0b14673ff05b8b5734c953d553ac9b4e220fd340b25a4f0e92d4
vcm_test_017229.wav,fil50_00937_ref_tagalog1_TEMPERATURE.wav,6102f761869dc599c1ff66aa521f63661cafd6d95185dea6bcf03bf96d5b6985
vcm_test_017231.wav,fil50_00087_ref_ilonggo1_VOLUME_DOWN.wav,1fca01d897e2662a3c48ed480c04cc3a2a6f315ec997b10fd889c5c3369819e6
vcm_test_017233.wav,fil50_08366_ref_tagalog3_CREATE_REMINDER.wav,5fcc6ad6a6a35b515f3c1afcbff91dc52e4aee7e102e3cdcd68d0cf2f7846086
vcm_test_017235.wav,fil50_07454_ref_tagalog2_ALARM.wav,b36871d3a80d097a8bcca02e79204db7b3c3b418971d801e30fa74c199564fec
vcm_test_017236.wav,fil50_09205_ref_tagalog4_TIMER.wav,020fbf38903f57f0f925b781a21cd52693a0cac31c7fdd03455c1c7a12be3d3f
vcm_test_017238.wav,fil50_05094_ref_tagalog14_CREATE_REMINDER.wav,046f2bd7e5beb124c9d686521ac8f55f1afdb33f1e580e0f3c9904f79d78a750
vcm_test_017239.wav,fil50_10047_ref_tagalog5_MESSAGE.wav,9f1fa0a8c743d756968582fd3dfef5e515697ea9f6c64883f4be15f0d5f1b6a2
vcm_test_017240.wav,fil50_04250_ref_tagalog13_NEXT.wav,2694cd9a0a4e175a1b0571bc3ee0560087d06506c0f0be18e1e0787097beaa3a
vcm_test_017242.wav,fil50_06770_ref_tagalog16_CREATE_REMINDER.wav,e0d2933cb7f0a95c1d507ba673fc556ed1abcc7f2c73ab8cfcf3f3d0b1455ab2
vcm_test_017245.wav,fil50_03379_ref_tagalog12_ALARM.wav,0480356d19fb182ca9c8e91832ddff88911646b535e40f00d4b718dcf812eadb
vcm_test_017246.wav,fil50_00938_ref_tagalog1_COLOR.wav,28daffc15a20afa9c282eba8027d04cd5ba623b90183fc69779e525a8f16d864
vcm_test_017248.wav,fil50_00089_ref_ilonggo1_NEXT.wav,3d5ea4f20eabfc81a139f9c21778e9262b31cf1f81b521f4289cb6cac7d67cac
vcm_test_017249.wav,fil50_01762_ref_tagalog10_TEMPERATURE.wav,87bddcd346db4fc3c40b10ebdefbc9787534363c0a40bd676411d70d9da7eabc
vcm_test_017250.wav,fil50_08368_ref_tagalog3_NEXT.wav,85b5b217fcd4d087e8214162e4ecb3434b272722d4a7cf7ba82b51c7872609f0
vcm_test_017251.wav,fil50_13399_ref_tagalog9_NEXT.wav,49bb29038c117b70b15b03832ae1c496844bdbd7ca235890a57dcd35a26fa41c
vcm_test_017254.wav,fil50_05960_ref_tagalog15_TEMPERATURE.wav,c1dd5da3f7a8876a3c3b2557d2f8d40d8f72163a00ba72a736d89e7923774522
vcm_test_017256.wav,fil50_10049_ref_tagalog5_WEATHER.wav,8bc4b5855d5735adf8e9ecf0138ed8cbcf0483cd89356ce306832fc48d676211
vcm_test_017257.wav,fil50_04252_ref_tagalog13_WEATHER.wav,5e4b09bf370a91f9128f5a71348a6c0eebd42488136c1eeabab2acc82038afa0
vcm_test_017260.wav,fil50_02596_ref_tagalog11_STOP.wav,0ddca50f68fae5c9444630b96f5bd36f19c61c712c55768f0de6bf6b7c2e910a
vcm_test_017261.wav,fil50_11743_ref_tagalog7_TIME.wav,4662dc9b7e1b54ebf3e4fc08e052f70fe739eed5cce583152ae01aa88a2684a7
vcm_test_017265.wav,fil50_00090_ref_ilonggo1_LIST_REMINDERS.wav,3d7a81b6fa4650aff2b248fbc2ef4cae60368e8274754f414c5e26bc7348b3f2
vcm_test_017266.wav,fil50_01764_ref_tagalog10_TEMPERATURE.wav,5aaa50b867ece09c8eccb596f2c2cd2c47e2c2f6020c56d55f943797459c02e9
vcm_test_017269.wav,fil50_07455_ref_tagalog2_PLAY_MUSIC.wav,ac4f003c3024502ef8453888ae160bb81a695c1e14012ae1072a73a30a0a3803
vcm_test_017270.wav,fil50_09207_ref_tagalog4_CALL.wav,835e58d37039404fa2ba60ab0485d9fa7cdba17b1ccde42b6c763e233292dcd3
vcm_test_017271.wav,fil50_05962_ref_tagalog15_WEATHER.wav,709d9d9f98d5b33645e2c6b1cdca15a18f7cfd3f13f5c96873c0144873982547
vcm_test_017272.wav,fil50_05096_ref_tagalog14_COLOR.wav,830d7690a13b7fdbd87bb1840967fe0f86188fd7002b0aee2dbdc987849c64cb
vcm_train_000004.wav,,9ae0df25aaead748eece8223c8c6b6b21656ca61748c35882d0d7c83d88b77d7
vcm_train_000005.wav,fil50_00939_ref_tagalog1_WEATHER.wav,28df0559b9dfea0f367f6b4542303b6d27d4f7f19ff6d4618a3c3f07c7fa8af0
vcm_train_000007.wav,fil50_04253_ref_tagalog13_TEMPERATURE.wav,ecd4dc3fee1828104fac27f566af76be86991b18ba1d11c06a0bae83f092cf2a
vcm_train_000009.wav,fil50_12598_ref_tagalog8_TIMER.wav,bbccfae86e002840562d356c6205e6d35f36bb7c60cb56eb67d4b727e65c505f
vcm_train_000010.wav,fil50_05098_ref_tagalog14_TEMPERATURE.wav,1090fe9c609e19cdef0bca6c77540df826b24d504f2950fb3a728329e24a86c1
vcm_train_000013.wav,fil50_03380_ref_tagalog12_ALARM.wav,b4425340417f5a4708e22b44254e322000f59cb62e7134057f64ca17906fbba3
vcm_train_000014.wav,fil50_00091_ref_ilonggo1_MESSAGE.wav,25e75f3264261822e37ac23d72b4c6728a33b8cf2b3a84eca1fdf024e06f1595
vcm_train_000016.wav,fil50_10050_ref_tagalog5_ALARM.wav,00c28eee715deb93d7373cd641c3ebfc53c243d1eff032dcb1242df2e31a177e
vcm_train_000017.wav,fil50_01765_ref_tagalog10_TIME.wav,c18dd6e65efba329fba3a1b4f59604e7408126080e391f73e6dcf5c888942adc
vcm_train_000018.wav,fil50_11745_ref_tagalog7_CREATE_REMINDER.wav,a5cf29a2a67bc1997663856a00610eab93a136d70ac1f511c33ad85b9ab9959f
vcm_train_000019.wav,fil50_02598_ref_tagalog11_VOLUME_UP.wav,c9802db5ff13e3aa0b39fed86fc2320b3314d064f1c84f9e5d605e0ce7f82b1a
vcm_train_000020.wav,fil50_13401_ref_tagalog9_COLOR.wav,3e87a8fd607589132992580be5d347cd7a077b4357f7911b9a463c68f6bd73b8
vcm_train_000021.wav,fil50_08370_ref_tagalog3_COLOR.wav,274885e6bd6cc3ba80d41c01eff349348edcdd6edd40817489f8c71f3d11faaf
vcm_train_000023.wav,fil50_07457_ref_tagalog2_PAUSE.wav,56720e27ccda1bbd1fd16765d2654a8b3d691d7d8dca09d68ed8b5e74fde6920
vcm_train_000024.wav,fil50_04255_ref_tagalog13_LIGHT_OFF.wav,4a28127a5752dd64b17e2363c71fd8dcb576f0895352b9768304fbb1d180a9c5
vcm_train_000025.wav,fil50_09209_ref_tagalog4_STOP.wav,e66f04d079767bb2a6a81f0121eca3878fa1e996767c478e0a42b21c2032568b
vcm_train_000026.wav,fil50_12599_ref_tagalog8_TEMPERATURE.wav,3767652c0a5defc6ca563804df1424e57d21003b58e36ec729d7373e060e63fa
vcm_train_000027.wav,fil50_05099_ref_tagalog14_BRIGHTNESS.wav,9d72bc8ff6eafe50037be1be3e1c4af78c465000a74e9f7302a11cde04d0c981
vcm_train_000028.wav,fil50_05963_ref_tagalog15_VOLUME_UP.wav,13d13ec0f2a8ab38f38fdb6fbfb3e7d54ee94407abe838d901b4da877fd9b332
vcm_train_000029.wav,fil50_06771_ref_tagalog16_COLOR.wav,6d03ec69c1d56da00bf411c8580b2d4ef5d560498d81c919db06d749f670efbd
vcm_train_000030.wav,fil50_03382_ref_tagalog12_TIMER.wav,5534f26913eb2c4b8d63e0247693f68ac0b2635eb1d35ec1d6f952b2a1be25e0
vcm_train_000031.wav,fil50_00092_ref_ilonggo1_CREATE_REMINDER.wav,33af27cfa08fef1bab5a00c7a5855e9d7183ba4dffd7c0d8c9f68fb77633e11f
vcm_train_000036.wav,fil50_02599_ref_tagalog11_TIMER.wav,5161cea2d8f77c3c66ccb402ce5ff49b66cfd2863053fb8f36d76b49f9db1b8e
vcm_train_000037.wav,fil50_13402_ref_tagalog9_CREATE_REMINDER.wav,9e899ac2df884f6408adf5f5cb85c250b9d4cc3e61b361e01bd811ebb54d42ea
vcm_train_000040.wav,fil50_07459_ref_tagalog2_ALARM.wav,57309df6936b4521f3c1e0eacf2c056129d90fd4b5bf14e104914e4a61a373a8
vcm_train_000041.wav,fil50_04256_ref_tagalog13_VOLUME_UP.wav,3e69b77e1bba6713b498a77891febce5092d5c21bbaa6360d2a8e7571f50eae6
vcm_train_000042.wav,fil50_09211_ref_tagalog4_TEMPERATURE.wav,cc32051abc821d77d64b030c3cd078c8e5050889bd93d9d6b8ec29da189427ba
vcm_train_000044.wav,fil50_05100_ref_tagalog14_TEMPERATURE.wav,c5f51b2cf9f7f47e91b575fc2789084a55ac1f7c3a7aa5d3f79c0f9c212a4456
vcm_train_000045.wav,fil50_05964_ref_tagalog15_COLOR.wav,88d0645ac4ea93f26cb6f648f1a3586a15df5aeef1d615e7d5fd496df5eeb3fa
vcm_train_000050.wav,fil50_10051_ref_tagalog5_NEXT.wav,a503b9dd9ab6466f161ba36cf199d1465e710152b237810710412734cfeedba3
vcm_train_000053.wav,fil50_02600_ref_tagalog11_LIGHT_OFF.wav,7c38e0ff6a338a032413d5e7b346bdf115865739cc44a3c7d333add76a15f4fd
vcm_train_000055.wav,fil50_08372_ref_tagalog3_CREATE_REMINDER.wav,57d19fe2248bb2f672f4f9b5bede48291e03f51994fd21cedea40c0744379352
vcm_train_000057.wav,fil50_07460_ref_tagalog2_COLOR.wav,e6e266db0c781d1887fe3c6bbfabaefed076a01432c58134f533d4dc4841be76
vcm_train_000059.wav,fil50_09212_ref_tagalog4_NEXT.wav,991ca28587ba55b4c800612a92aa623de3fe7b923bfde5935d29268bdcdf42f3
vcm_train_000060.wav,fil50_12601_ref_tagalog8_VOLUME_UP.wav,e677f77e8060503cefc33e8cc017f6b1a0bcdd505a241ed393188b0194f90a59
vcm_train_000062.wav,fil50_05965_ref_tagalog15_TEMPERATURE.wav,55600517ce115e5c459ae98aa4597afbc4f5e571d55931e58c0ec1f4991b8608
vcm_train_000064.wav,fil50_03383_ref_tagalog12_TIMER.wav,317a57d566ac8d80cb3454416f69fbfe02fb35ff3816de1d036ae63e1e32faab
vcm_train_000065.wav,fil50_00093_ref_ilonggo1_TEMPERATURE.wav,3cb420926b0066996acf8c96e3129bf34a8e461d60f76d560b0720b8daeb7199
vcm_train_000066.wav,fil50_10920_ref_tagalog6_MESSAGE.wav,71f1d1bf08adeb106c428e96d049edb663fe687a54c67a37d29df156d0ab41b8
vcm_train_000067.wav,fil50_10053_ref_tagalog5_STOP.wav,412156be24a2abe745a05c94d6ed9679579541ab58ec1d847bb13489faf56a7d
vcm_train_000068.wav,fil50_01766_ref_tagalog10_ALARM.wav,42fdcf342bd532062f52acbca33aeb194c5251ac6eb9f5ce9adfd64ed4deba62
vcm_train_000069.wav,fil50_11746_ref_tagalog7_COLOR.wav,31773ac24a83c27c4a82b7d5e79400f861e22dbe95bd6ec4980dda66fe748068
vcm_train_000071.wav,fil50_13403_ref_tagalog9_PLAY_MUSIC.wav,89bad2df67f280f89c61f6f9c9d52f3960a5f62ec7c75b8ca08f1927a14c8ffb
vcm_train_000072.wav,fil50_08374_ref_tagalog3_NEXT.wav,978404d3589e83e12d0fbd2722bfaba7b5aedc6d32fb7633a0228ee335f0123f
vcm_train_000073.wav,fil50_00941_ref_tagalog1_VOLUME_DOWN.wav,dffc0f447b084149db542bb78acb94a5a5c943d8dcf9242891559d70f831552d
vcm_train_000074.wav,fil50_07462_ref_tagalog2_NEXT.wav,1ba2aa6ba4e620513de783c216954bfe634e4b9c1ca63977b0d6d86762b19974
vcm_train_000075.wav,fil50_04257_ref_tagalog13_STOP.wav,c14ce0a5223414f664367f5dd38dec39a8a1db83407fdb98c6e2365057ca0d31
vcm_train_000076.wav,fil50_09214_ref_tagalog4_COLOR.wav,2eccbc2345cda968431a682a1d6c52b7e3f45c962440cba83b3794747a297ec9
vcm_train_000078.wav,fil50_05101_ref_tagalog14_COLOR.wav,408b6b53c1b09acb360ec2c6a468ad4535ddae417a8c9da25edca9a2e53e60e0
vcm_train_000079.wav,fil50_05966_ref_tagalog15_PLAY_MUSIC.wav,9a262350130a66640d5121db2651bb09bf7971f910f3e5c09feff7281f92e93d
vcm_train_000080.wav,fil50_06772_ref_tagalog16_BRIGHTNESS.wav,659e718cf7c72bfc4f05b53b3517068949c1dd1db3f96b3affe122707e1900dd
vcm_train_000081.wav,fil50_03385_ref_tagalog12_MESSAGE.wav,ee5f754ecc39d08caa6f311029e109692e69453d89ca3118aa485d66ddc47000
vcm_train_000084.wav,fil50_10054_ref_tagalog5_TEMPERATURE.wav,d938498fac1322f1a89de448298b9c4d5a5e8fdd2ce750cffaafe0a042cacb0b
vcm_train_000085.wav,fil50_01767_ref_tagalog10_VOLUME_DOWN.wav,27150f95c2e4c2fc21912583220533df57fff5aa1a500751a958a3fffc44202a
vcm_train_000086.wav,fil50_11747_ref_tagalog7_NEXT.wav,f036700b490f11c7959ae83257b1900b33dee2dfd63b67a47a6cf4653bba09a1
vcm_train_000089.wav,fil50_08376_ref_tagalog3_CREATE_REMINDER.wav,464b4c484de42b54dd60f8c3f4742fa2d1b9f0a4f533ffe036ee938e6d8b69ca
vcm_train_000091.wav,fil50_07463_ref_tagalog2_ALARM.wav,5a55ce68bd580d48d0d353e9d8df2e3aec5c54471a89f11558135db5b93b3385
vcm_train_000093.wav,fil50_09216_ref_tagalog4_TEMPERATURE.wav,694c6d432d3d9c6fd4cdf0465999da36550405e2630c0efcf8110e5ead7e4263
vcm_train_000097.wav,fil50_06773_ref_tagalog16_PLAY_MUSIC.wav,77716835bc08e957b34402d70468c2ca8bb1f329f9548ec7a65e5ead0f1accb4
vcm_train_000100.wav,fil50_10922_ref_tagalog6_COLOR.wav,523a1556e66f2e4e9bc62883061d6746460eb0ae7fd71adbb1b4f4213dd4ad4d
vcm_train_000101.wav,fil50_10056_ref_tagalog5_STOP.wav,e3c637ae2935fd9b15fcd2399e251e5ebc6bd1d74afdbad975899e6c06177a28
vcm_train_000105.wav,fil50_13405_ref_tagalog9_BRIGHTNESS.wav,83df8773f8115ecb48973786f9e6f37164f50c1081f77edd888f76a19040ae83
vcm_train_000106.wav,fil50_08378_ref_tagalog3_MESSAGE.wav,4383db9f3972f67d53b054bd7bff584f91555be4f5d3de274fb114e2c48141f5
vcm_train_000107.wav,fil50_00943_ref_tagalog1_TIME.wav,ff55e20d5a49900714a6cf19655e2e8f25f89613299b1ef438633225226e8945
vcm_train_000108.wav,fil50_07464_ref_tagalog2_ALARM.wav,809c5c0c9c1280a529db1d5f26537249e37a335016eba6a1ada9c881d1e22dc7
vcm_train_000112.wav,fil50_05103_ref_tagalog14_VOLUME_DOWN.wav,a579139e165dacf13543a6570534e773440fdc7c95de34d47199e8d07db430c4
vcm_train_000113.wav,fil50_05968_ref_tagalog15_NEXT.wav,26d16b49a7d492efcbf5659f0f13304bab0f253f7be88bd387d8f64b4c30e556
vcm_train_000114.wav,fil50_06774_ref_tagalog16_VOLUME_UP.wav,d130db5944aba1478be83a1319464f382292d5b0a003e3e401d8c1149f9f72ca
vcm_train_000117.wav,fil50_10923_ref_tagalog6_ALARM.wav,75c272dc74b5b6440cab28a3ffa81ea90d87dbb61da5475d10ca816802b94f21
vcm_train_000118.wav,,ee7b7b69ec7714ea1821169c526a08a9d63ddff27da27689120b8ca87f550505
vcm_train_000119.wav,fil50_01769_ref_tagalog10_STOP.wav,620ec27f0d3c6c12fcd31398bb132d2d04432e9203064ea156d61cfe74e75488
vcm_train_000123.wav,fil50_08379_ref_tagalog3_ALARM.wav,bd423419894ff9c72c23a0681e302f1c06189ef6a17a4ec5c776bd86aeacb98d
vcm_train_000126.wav,fil50_04259_ref_tagalog13_TIMER.wav,f5efc7f6b225262247ba84847f9058246965a1878fef16a92ea3945faf648a35
vcm_train_000127.wav,fil50_09217_ref_tagalog4_STOP.wav,c565816c89415aceb19fa55b71ac5d213d4d68ff6f13a81ef4bf91b1ae29b66b
vcm_train_000129.wav,fil50_05104_ref_tagalog14_VOLUME_DOWN.wav,3c5107b9767717a8695402af1164521ea95eb74411d0e321a7b61d10c17666b5
vcm_train_000130.wav,fil50_05970_ref_tagalog15_ALARM.wav,adecbd70e9795d6c6029565868b6716dbb67627f628c382fc4ac80f4ba1bdaab
vcm_train_000131.wav,fil50_06775_ref_tagalog16_VOLUME_UP.wav,d458649f1aaf21fa0eed6265b17615657a1c34b698ee0275e653d3682f277924
vcm_train_000134.wav,fil50_10925_ref_tagalog6_BRIGHTNESS.wav,7cbad5e564136cbdc30c376924db8d6a9900738efda1ecdef17ec9bfeff4033a
vcm_train_000135.wav,fil50_10058_ref_tagalog5_COLOR.wav,8af529801c5f66bf1dd9c731ac8d89f52bf11dce5065f2e2c028f5d50c85aa44
vcm_train_000136.wav,fil50_01770_ref_tagalog10_CREATE_REMINDER.wav,3d8d57355aa5b9bb48e0c0476f732da6170bbf3349b8aa81d33feb6d22e84c20
vcm_train_000138.wav,fil50_02601_ref_tagalog11_MESSAGE.wav,d852b76a09c7b550616d76b783cd92961f3820b32f7a44ba5d107148b0b9a270
vcm_train_000143.wav,fil50_04260_ref_tagalog13_VOLUME_UP.wav,dedb616fa082231c833a2899164a5e7725d34e3dc7bde238b619153632890095
vcm_train_000144.wav,fil50_09218_ref_tagalog4_LIGHT_ON.wav,49e65d6c86f08479fbabb7756b07da68f5090c1ce486a439073917eef5b6a268
vcm_train_000145.wav,fil50_12603_ref_tagalog8_CALL.wav,14a2513e6f43a1cac3082c8b4d4297ec49bfd40d1fd3fb53bb21c26c29a3eaae
vcm_train_000149.wav,fil50_03387_ref_tagalog12_LIST_REMINDERS.wav,c15fda98d678d1120455bb0d027db69ac41641913ad412931b66fcc98fe33398
vcm_train_000154.wav,fil50_11749_ref_tagalog7_LIST_REMINDERS.wav,a2f7152c8469b6dfca2e3b62b0a9fc53f0a5a11513639bb89dcc27cef55234c5
vcm_train_000156.wav,fil50_13406_ref_tagalog9_TIME.wav,96c050f61505f76ce109e5936519c3b893c99e13e082da28fecee00fd62faa2c
vcm_train_000158.wav,fil50_00944_ref_tagalog1_LIGHT_OFF.wav,108b9320b6f9f0edc2e555dc05e208400d53f4fd7bf6405c8c01e2154793f8b1
vcm_train_000159.wav,fil50_07465_ref_tagalog2_LIST_REMINDERS.wav,c0d6be2d79c71ad4f1e5b4fea311a3370d281556de333abf5b5ca8f3b0e94f97
vcm_train_000160.wav,fil50_04261_ref_tagalog13_LIGHT_OFF.wav,31d8900d8d78d7bf17bb6af4a1e2ab9fd59af352efe611ca222849183194df8e
vcm_train_000163.wav,fil50_05106_ref_tagalog14_TIME.wav,2048b5599adf4e6766188b84c9a5cfa29eba4189d6858c54dc4714c1f5077514
vcm_train_000164.wav,fil50_05972_ref_tagalog15_MESSAGE.wav,a68b2be0b8653d99461a8cbdc88ce1c9a203789e03424dd5e01ece08115d4ae5
vcm_train_000167.wav,fil50_00094_ref_ilonggo1_ALARM.wav,4f816fed4f0d31bee0ddc51e682b31805032798225651bda94b5a87d65fbb1b2
vcm_train_000168.wav,fil50_10926_ref_tagalog6_TEMPERATURE.wav,e8827b965073e3f4fc22d914b2d43fcf4cc62a0c834cc07c45898721986af0ae
vcm_train_000169.wav,fil50_10059_ref_tagalog5_CREATE_REMINDER.wav,5732ca2f59993f28d7c7e6509f4bfb05516513a510bff4027b23d8c092aa4c5b
vcm_train_000171.wav,fil50_11750_ref_tagalog7_BRIGHTNESS.wav,194fb7976354ee09ecf077ba0b564b702e186c8c52ac8c99cece7b181495fc91
vcm_train_000172.wav,fil50_02602_ref_tagalog11_STOP.wav,de166379068964baf7fc3e2b222ee6c52b991d83ebc8091c219cab35ce4c9ab3
vcm_train_000173.wav,fil50_13408_ref_tagalog9_NEXT.wav,80577cf2e5d6248d0eae8e2d7746ba6a8e9cef9605c5be94e1b57aa09aca4fcd
vcm_train_000174.wav,fil50_08380_ref_tagalog3_LIGHT_ON.wav,c01b09298cced6e8c76e8c8cbf8dd75eee98662c019b92ed29e07caa9d4bc47a
vcm_train_000177.wav,fil50_04262_ref_tagalog13_LIGHT_OFF.wav,f3364f5aa78497ba6950d9f90ff211fe7728d0aec30f9365d5b5c95f82e80c87
vcm_train_000179.wav,fil50_12605_ref_tagalog8_TIMER.wav,26391e2e2b9f5aa0e241e6aedb12cee8146750f5753fe8c27fdef428ab54943d
vcm_train_000181.wav,fil50_05973_ref_tagalog15_TIMER.wav,14bd939487480b9dd96def61c26d9cdc4169c2141a49f1aaf0d4eb7aefd20397
vcm_train_000182.wav,fil50_06776_ref_tagalog16_NEXT.wav,56a0a75878d9cab87d3f89fef9421fe15c8420783b08836b12f7f3be9145f07d
vcm_train_000183.wav,fil50_03388_ref_tagalog12_TIME.wav,da0573b9a73e167f29aa06780fa270dd5c072f0db59dcdbfe34ea46da5b5d75d
vcm_train_000184.wav,fil50_00096_ref_ilonggo1_LIST_REMINDERS.wav,12e96f04f92dd403b0dd18a3c636661cf59d0e7f4a12069de4076ac7c9da7a3c
vcm_train_000185.wav,fil50_10927_ref_tagalog6_MESSAGE.wav,201da8f08e4f764fd80d760437186d4a2893ca38cf48ef4a1b774b65ee9a7896
vcm_train_000187.wav,fil50_01771_ref_tagalog10_STOP.wav,0739e82760c517019bf99cd7e4caf75cb4dff653e64b1ed61433957444985f0f
vcm_train_000193.wav,fil50_07466_ref_tagalog2_LIGHT_ON.wav,8aae7edf11ee6845bd67ceb8db3bb5f57c7f4566baa5692ea5c6f469b3fe2a04
vcm_train_000194.wav,fil50_04263_ref_tagalog13_VOLUME_DOWN.wav,618c79b9037d04c45acdb2fc632f1a117279c25885f23b31199ef43b62f600b6
vcm_train_000195.wav,fil50_09220_ref_tagalog4_VOLUME_UP.wav,c6d1404b2b4de0b859cbcec6b6b54f2142d8a5525666ae1184e8fde623ef9a81
vcm_train_000196.wav,fil50_12606_ref_tagalog8_TEMPERATURE.wav,e6af11fee9893cbceb47bd4f562f5bb1bd74c8886ce2b3c84cc167464b3a81cd
vcm_train_000198.wav,fil50_05975_ref_tagalog15_STOP.wav,d7537508e48020c4f0d767ce6ec45d016c58e362733fec2dc5a289292fee11cc
vcm_train_000199.wav,fil50_06778_ref_tagalog16_COLOR.wav,bd8b8b3ebfeff4700aef1cff3f15c3d61189980c174522f611273f0194480599
vcm_train_000200.wav,fil50_03390_ref_tagalog12_NEXT.wav,a6ba1d46a307c1b03049045563e2826b205a3840a5b31af672a236e9100be826
vcm_train_000201.wav,fil50_00098_ref_ilonggo1_BRIGHTNESS.wav,e236214bef9095cd26d8516775470b26901ed965e6fd97734afba58bf6ee02a5
vcm_train_000202.wav,fil50_10928_ref_tagalog6_PLAY_MUSIC.wav,adb2832b3421ae14dcca0fb096e871372f5f4045c37d743094448ee763cc0fd2
vcm_train_000207.wav,fil50_13409_ref_tagalog9_NEXT.wav,4c20e2d58caf0d7c50d620a1a0bc6fed6ff36793338705e3754e7ee95308d8d7
vcm_train_000208.wav,fil50_08382_ref_tagalog3_STOP.wav,2a041d4e754d147be3ab851287e330bfb9ddf0eab4550097d0b0378ca76fbf85
vcm_train_000210.wav,fil50_07468_ref_tagalog2_STOP.wav,d1c630889269ec24ea8b0b4b891cd468a65024de57e2d167febd920c62aa6220
vcm_train_000212.wav,fil50_09222_ref_tagalog4_COLOR.wav,95253fa33f867cd3ae06e600246a2ed27f73bff1bcea8758edfe788a9ffd229e
vcm_train_000214.wav,fil50_05108_ref_tagalog14_LIGHT_OFF.wav,a4c7bc3cc891f5cf1aef508e50c57d1daea40633a4497e415c210d990b1e1afc
vcm_train_000215.wav,fil50_05977_ref_tagalog15_ALARM.wav,ebcfb042579142a5aae15afe8ec39e6334c4f238ce28c39ed47d8a9edd8f97ad
vcm_train_000216.wav,fil50_06779_ref_tagalog16_CREATE_REMINDER.wav,0664cc505aab96db4f048e020fe4cf60c8bb8d2dab0afd1655d8c394b7ef98b3
vcm_train_000217.wav,fil50_03392_ref_tagalog12_CALL.wav,26d114e0b9374d67067cad4f3a8c5f1dee1860fb8d8567c2a7d044f2a6465617
vcm_train_000218.wav,fil50_00100_ref_ilonggo1_TIME.wav,4fd1fd79bf879aa162860403dcb738dc51f141c4959f97d36196331dcb4818a2
vcm_train_000220.wav,fil50_10061_ref_tagalog5_ALARM.wav,e33fa2cf6e74f0d5f3edb329b43d542a82dab2d6c3d26359056b09952aeb18e4
vcm_train_000222.wav,fil50_11752_ref_tagalog7_ALARM.wav,92812a9d2f9d3c0e54d1172aa7fabe9aaca381ec9972c48f324f4539a4c34ac4
vcm_train_000224.wav,fil50_13410_ref_tagalog9_ALARM.wav,b706740b9550ed38eb937d63a7323b659984268cfba7789ddabec601b8527bfb
vcm_train_000227.wav,fil50_07469_ref_tagalog2_TIMER.wav,1dd5e8ee87c47688e250b965b01a3b46ed89de4a659282afd9e99ef183dda043
vcm_train_000228.wav,fil50_04264_ref_tagalog13_LIST_REMINDERS.wav,5f8828f2a1204b1644d1f5406400d66505f0f3c3dbc7b9cf710e09e1b083acfc
vcm_train_000229.wav,fil50_09224_ref_tagalog4_TEMPERATURE.wav,2f2d946c17a9cdcbd6875e5d6e45fb3956755b048c714fe30705f901c696101b
vcm_train_000230.wav,fil50_12607_ref_tagalog8_TEMPERATURE.wav,e5e44333f1736de9029abf98fb648de5d5c29baf5c60314e4958b8495d9ec261
vcm_train_000231.wav,fil50_05109_ref_tagalog14_NEXT.wav,1749fbd6dcab4cd129821ab373c5f93b2480bf39183a6e1ce984232864a28aa5
vcm_train_000232.wav,fil50_05978_ref_tagalog15_STOP.wav,9d32f90a777bc32bb856eb2f9eec268c5328d76f93fb573465447033155a1947
vcm_train_000233.wav,fil50_06780_ref_tagalog16_BRIGHTNESS.wav,7057d3d3dfee77a797f7015c052ad69d15e20a926cf71972a4b6a133f1f92357
vcm_train_000234.wav,fil50_03393_ref_tagalog12_PAUSE.wav,b78568c8aecc2b2168af7d20e4567fc8686bbaade3f496d1d9fc363d2e8b3b56
vcm_train_000235.wav,fil50_00102_ref_ilonggo1_TEMPERATURE.wav,861d0b98874343b260259654c5153ce28a82d261da7344401ee62ce1ecb885da
vcm_train_000237.wav,fil50_10062_ref_tagalog5_STOP.wav,a7a306513384d9e5ccda70e03c24040da98c38ad022e149301970b2d18550b41
vcm_train_000238.wav,fil50_01772_ref_tagalog10_MESSAGE.wav,c10eda4bfa1ac052aace69e717e64c14fa975cd6968c0eb9125561d60c8820fe
vcm_train_000240.wav,fil50_02603_ref_tagalog11_NEXT.wav,8ffe7ee9eb33c6b8d01cdb83907e905c699ad631dde058f55b552190196a6494
vcm_train_000242.wav,fil50_08383_ref_tagalog3_CREATE_REMINDER.wav,8391f1ba1101b4956b452344dea971fe9165b7a8eb24ba3d361ea81fc54bfaed
vcm_train_000243.wav,fil50_00946_ref_tagalog1_CREATE_REMINDER.wav,b982bf846e7fcd9b50a184ff051fb5fe5376a9e03ed37b5ed7214a3264594cb0
vcm_train_000244.wav,fil50_07470_ref_tagalog2_STOP.wav,c3f3cbd09736b3eca8f7b54a14f6215ed4669eefede26ed0f89de45f99f7c727
vcm_train_000245.wav,fil50_04265_ref_tagalog13_VOLUME_DOWN.wav,53d0ab7f9118d2b82b145a3def65dd17ffb3bda8ea396b668f43713f0a40d1d2
vcm_train_000246.wav,fil50_09225_ref_tagalog4_NEXT.wav,b741443e72c3e9c832301cbad778b95204599e37ab0e4ff573351c172be2ea6c
vcm_train_000247.wav,fil50_12609_ref_tagalog8_LIST_REMINDERS.wav,da76571b8eeba1611f008e44c7bd83cbe39f7537d112cee61766121a5abab94a
vcm_train_000248.wav,fil50_05110_ref_tagalog14_TIMER.wav,aba6e696629fe1ca2fd0754a2531e1232b3a9ad398ab62d83efde34c2bb6ec04
vcm_train_000249.wav,fil50_05979_ref_tagalog15_COLOR.wav,cfecb1bbdfb511e0643144574ddcf896680a9504d0030c844f7efe35a1f85cb8
vcm_train_000253.wav,fil50_10930_ref_tagalog6_TIMER.wav,60d9ec66c8dcd0e6dd3c3a76177d793b07c7315cad8a79907711ccf9dc1116c5
vcm_train_000255.wav,fil50_01773_ref_tagalog10_VOLUME_UP.wav,c16f3192fdc185720af84b6556c8d540adcb9b4b596847185850868b6af36315
vcm_train_000256.wav,fil50_11754_ref_tagalog7_NEXT.wav,3b4b83ddad5182e87cb87a2fa3a0d28da3b4c6c6e9f40ffcc00ff4b20fa0241f
vcm_train_000257.wav,fil50_02605_ref_tagalog11_PLAY_MUSIC.wav,3a5107cfc22e7355b84f1852e579eca035c0df7409f957a1cea3293ad0a62446
vcm_train_000259.wav,fil50_08384_ref_tagalog3_NEXT.wav,a12dd4f6026b36b0d71111d0a8cc8edc2797921ca06aaf6387a6edccb3eef275
vcm_train_000260.wav,fil50_00948_ref_tagalog1_ALARM.wav,cd262d7a5b087197a00fd4001517dcee485e3673579938e42f064cd270921660
vcm_train_000262.wav,fil50_04267_ref_tagalog13_BRIGHTNESS.wav,424db34420de997a877daeb3edb7121db6ce28636fcfa922abb905c58e82fa9a
vcm_train_000264.wav,fil50_12611_ref_tagalog8_LIST_REMINDERS.wav,82cefe905fecd8dc93f342bdd5b90189c1ef96879a8f9c4667acf9c6780e923a
vcm_train_000268.wav,fil50_03395_ref_tagalog12_LIGHT_OFF.wav,98fe66a77510446e49175fbef44855b97cc53b431b1dfc247cbfe3f9b7d543ba
vcm_train_000269.wav,fil50_00103_ref_ilonggo1_VOLUME_DOWN.wav,7ad97f93d95c98a0fcf804baf39878593d89d122197f2a85874f6b775dd8e59b
vcm_train_000273.wav,fil50_11756_ref_tagalog7_PLAY_MUSIC.wav,3504230a076120d3c83cf5b0ac94c2f41c6d43387bc60b7c152efa7eb09153c7
vcm_train_000274.wav,fil50_02607_ref_tagalog11_VOLUME_DOWN.wav,386c7af73a279b48b5d1db3a498f60a02edcc3243054f009fc818427ecf10fbd
vcm_train_000275.wav,fil50_13411_ref_tagalog9_BRIGHTNESS.wav,8f30acdb56b8a8790207af17df039efe7dd744bb7da5dde087ea19b957996a67
vcm_train_000276.wav,fil50_08386_ref_tagalog3_NEXT.wav,146c11d1207d1c13e6fb73cbe7945cc3ed123822922793e9848e01f7d247ee00
vcm_train_000279.wav,fil50_04268_ref_tagalog13_COLOR.wav,f851543ca194a7a7784728536e6d849402d2493c9e81a83ca6de47788d7028a1
vcm_train_000281.wav,fil50_12612_ref_tagalog8_ALARM.wav,9afc0ebb622cc2b58ded52b6220408c2d4a2f751782a9ef94a86ed83d20c9da2
vcm_train_000282.wav,fil50_05111_ref_tagalog14_ALARM.wav,1a2ba70eb4db851ae78b1fa72790768fe18af929d65fda2fcfea1101d1effd0a
vcm_train_000283.wav,fil50_05981_ref_tagalog15_ALARM.wav,db9ba6961a1d749c47893c6e4e3f14064bff10278c8031faf0432adbef75635f
vcm_train_000285.wav,fil50_03396_ref_tagalog12_COLOR.wav,2a1f35f43611c77d6039c787aecf02199bd59962bbc297dd2cb18518babf5318
vcm_train_000288.wav,fil50_10063_ref_tagalog5_VOLUME_UP.wav,345444b693d7f56669529e4a7c71f69dbc73b11666bda24c9643eb40ad1b4cd6
vcm_train_000289.wav,fil50_01774_ref_tagalog10_TEMPERATURE.wav,797d442ae11b5454655c6678f2a8b3760e075429644556685fa4a8a225ad9740
vcm_train_000291.wav,fil50_02608_ref_tagalog11_TEMPERATURE.wav,f9db5d095625718169a7568f0cdfc7df6ed7e6193e0fc2d8220d99225f0e9cfc
vcm_train_000292.wav,fil50_13412_ref_tagalog9_BRIGHTNESS.wav,2428440b020b40c4cb8634aa3c2fa18d5d706d393f5a6df5556650d3568f18a3
vcm_train_000293.wav,fil50_08387_ref_tagalog3_NEXT.wav,aacbdbbb0d9de22e3f053e36b24eda899402c0c0dcc26b2003fd609e5864fb61
vcm_train_000294.wav,fil50_00949_ref_tagalog1_NEXT.wav,fcde813c5518a5bd3a578093c292dd66d20dd703c13ce4e93534fd089c2c37c1
vcm_train_000295.wav,fil50_07471_ref_tagalog2_WEATHER.wav,b3a81317a9e1cecebd16d5835a98e45488aa1acd1e47780391b352ca80da5627
vcm_train_000297.wav,fil50_09227_ref_tagalog4_VOLUME_DOWN.wav,29d633da04724572b229a4193648d7542f1524f59722d04081cafeeb25360cd3
vcm_train_000298.wav,fil50_12613_ref_tagalog8_STOP.wav,b919c7e97b0843c7695437644c1eb25a62e5739a643fd16397c476df392cf58d
vcm_train_000299.wav,fil50_05112_ref_tagalog14_LIGHT_OFF.wav,2467d91ca1c81d24f019f3262b0a1525118b7fb03e61843f5d865859b28cd9ab
vcm_train_000303.wav,fil50_00104_ref_ilonggo1_COLOR.wav,321c5ac86f65c74476e01129ed4e600b8db3425089a4c33a022ab14a03b01862
vcm_train_000304.wav,fil50_10931_ref_tagalog6_COLOR.wav,8e8ad199a0a22ffd104e86a881129f229e2ded4b86fe75d7979434f7dcdc6f98
vcm_train_000305.wav,fil50_10064_ref_tagalog5_ALARM.wav,c9c5ec877705fa90eb245699c80406144dbbe405c2dce7e67d970bb090573d5b
vcm_train_000310.wav,fil50_08389_ref_tagalog3_CREATE_REMINDER.wav,f4300e44c86c96c1df9783d085ae6bd6bf424907356c5e99d8fcd45122837b85
vcm_train_000311.wav,fil50_00950_ref_tagalog1_ALARM.wav,542d3da551aad6ad5c523485e814490e9927a5107df443ccbd4479d1ded58ffc
vcm_train_000312.wav,fil50_07472_ref_tagalog2_COLOR.wav,595c036f49b181e15bda7172c96d5a861fcf08b001072e79f22712ec6984640a
vcm_train_000314.wav,fil50_09229_ref_tagalog4_PLAY_MUSIC.wav,e369658cb31663dbd65ab46d0e8af155b49396eebb0f959f630a44b38d304a87
vcm_train_000315.wav,fil50_12614_ref_tagalog8_CREATE_REMINDER.wav,637d04d462b8a0b49557cd3634d8243f707411d4651a0780756a178f870c939b
vcm_train_000316.wav,fil50_05113_ref_tagalog14_COLOR.wav,583dca7222585fc66a0e7281ce9df1220a6aea1309cb013e6e08213d33065061
vcm_train_000317.wav,fil50_05982_ref_tagalog15_PLAY_MUSIC.wav,fd92b41e19111eecea12fcf32529b96876430aa1649076aeae1e8b1f8109afe6
vcm_train_000319.wav,fil50_03398_ref_tagalog12_TEMPERATURE.wav,578c3be650357e33b37cfd453cdfe9fbfd269f7e19ebd9567150ddcc9663cb88
vcm_train_000321.wav,fil50_10932_ref_tagalog6_BRIGHTNESS.wav,5f2b96996aa21d00be899b495a438f093147864dba560aa096120eb6b776bd5c
vcm_train_000322.wav,fil50_10065_ref_tagalog5_TIME.wav,3c92dbe722cc89fcfd7c344e42c12aebbe8ac324c2246278920518d9e39fd9d4
vcm_train_000323.wav,fil50_01776_ref_tagalog10_LIST_REMINDERS.wav,cb40c0a9c20c9fe56b20813c4d01f381f930cc9d41f2f171678458318cf8d0a0
vcm_train_000325.wav,fil50_02610_ref_tagalog11_CREATE_REMINDER.wav,6952a79469591f39fc32742021f767667ef00a0378aee0029c39b781eb5a28a5
vcm_train_000329.wav,fil50_07473_ref_tagalog2_BRIGHTNESS.wav,d511b8fa145642a21f039f661903019e9b178efcd2b4ce2742295ab303591d90
vcm_train_000330.wav,fil50_04269_ref_tagalog13_MESSAGE.wav,5e78c674b72ea3da3ecd3337438b1b15c1675f5f5ad752ed3edcdcc7940ca3f0
vcm_train_000331.wav,fil50_09231_ref_tagalog4_BRIGHTNESS.wav,6f1c23703ec9de1f8695736e3051bedb432330924d1b65b44d549bb45c7aeea0
vcm_train_000338.wav,fil50_10934_ref_tagalog6_TEMPERATURE.wav,84a3d8f31d40c7338c8a0f0243f4962c6b2f32ba2c7e69b60f2d69cec7f51f54
vcm_train_000339.wav,fil50_10067_ref_tagalog5_NEXT.wav,d9769f33dec9212b21c37ecd6168b5f2562a79d08d443315b143ab2a6fda8a44
vcm_train_000340.wav,fil50_01777_ref_tagalog10_WEATHER.wav,99dd784fddebf72186225f5c1eef0dd1a63a05f84d209bddb9bb86d610193f37
vcm_train_000342.wav,fil50_02611_ref_tagalog11_CREATE_REMINDER.wav,d1c976e279912edfa997e3ee819a21381712dcdfd1d631bc026d6baaf4dcc05f
vcm_train_000343.wav,fil50_13413_ref_tagalog9_BRIGHTNESS.wav,058df208b0125a7b9f08a9658c1158847847b4e64c0d6e063eaab3358c953eca
vcm_train_000344.wav,fil50_08391_ref_tagalog3_NEXT.wav,5bbcb1bbca5ff467ce49621d702e3b833c45672a473adb037779c46ccea47190
vcm_train_000346.wav,fil50_07474_ref_tagalog2_VOLUME_DOWN.wav,86e16d8c0bee87760805858e79a08a72cabdc5b1bdeccf25f4c0f78547c49927
vcm_train_000349.wav,fil50_12616_ref_tagalog8_NEXT.wav,41efc5f23abbceb53ea90a6f8c6c642298e5d390735ead7e71b93644c8903c61
vcm_train_000351.wav,fil50_05983_ref_tagalog15_LIGHT_ON.wav,d13a5c52163b65703e376dd7feb3f58640e37d15271f2270c11964dd5293b059
vcm_train_000354.wav,fil50_00106_ref_ilonggo1_STOP.wav,e2545b7344d8f73f88f52357fe88da77f8d52e36b63429cf4bbee57bb20940f4
vcm_train_000355.wav,fil50_10936_ref_tagalog6_CREATE_REMINDER.wav,92b9772fa81de0049a87362a0d3ffe109bd54ba6acc60b69781a4736434620dc
vcm_train_000357.wav,fil50_01778_ref_tagalog10_PLAY_MUSIC.wav,b13442f84482bbacdd348444eb2c97b0999a81ff57f6cf2b8a24b4d5e8c38227
vcm_train_000359.wav,fil50_02612_ref_tagalog11_TIMER.wav,daf712fe7bf81e8880012c0f5e92d641e547fe1d9b1a7b383ec382a779e1b7dc
vcm_train_000360.wav,fil50_13414_ref_tagalog9_TIMER.wav,94e21458ffcd2774470b3e2f8f366b684651ab10dfb1ccd73deace75b6f154e7
vcm_train_000361.wav,fil50_08393_ref_tagalog3_VOLUME_UP.wav,82c01a2761b1de2d3c7abc38b01e1365290e38addba1dcb371ef70cc158bbe90
vcm_train_000362.wav,fil50_00951_ref_tagalog1_BRIGHTNESS.wav,c9144ffe3a050779db3ba8315a8b5a269f621d11e36b8eb8e220845df043fef3
vcm_train_000363.wav,fil50_07476_ref_tagalog2_STOP.wav,011bc4341ca17eafa19278b7f4f149d26ee479345cb86e271f6a9c3baad97058
vcm_train_000364.wav,fil50_04271_ref_tagalog13_TEMPERATURE.wav,1e5bd43ba9f80337074b1bcbad8c8fd22bc839a11da6ec1ead7357eb49448c11
vcm_train_000366.wav,fil50_12618_ref_tagalog8_ALARM.wav,675108853bec658e2c1b8bee575757f48937abea9f9f95dc7413559b8d6391af
vcm_train_000369.wav,fil50_06781_ref_tagalog16_TIME.wav,456f581b5a64fd14746f4ff9b326fdce9bdd78ee1f72c50da07d96d402c3e5e0
vcm_train_000370.wav,,61a1ad8fe66c32e82715ede7df4d24fc2a42a87e8a21401ee4b8e2f3b378029d
vcm_train_000373.wav,fil50_10069_ref_tagalog5_COLOR.wav,47327388cd9810ca2ffac5cffaf87f6f719ab2c9ebf56318cb36941981fe6549
vcm_train_000374.wav,fil50_01780_ref_tagalog10_ALARM.wav,cd5cbab016899b3c4b65ea86de7cc1856d8efbf1250ec30c969f4e99dddafe88
vcm_train_000377.wav,fil50_13416_ref_tagalog9_CREATE_REMINDER.wav,dd384f1058083345a5bba2e5dd2a1d082be849d1f3d65c86dbb674ca4dbf0212
vcm_train_000380.wav,fil50_07477_ref_tagalog2_CREATE_REMINDER.wav,4d8d7733baa84f37f3eafc57c27cebfcb033060ee4d2768190a92cecb931c0b1
vcm_train_000381.wav,fil50_04272_ref_tagalog13_TEMPERATURE.wav,685f7cf6d78df99269043dda4f4c07dcf464522092aa9cbb1cf631fca80418ca
vcm_train_000382.wav,fil50_09233_ref_tagalog4_COLOR.wav,0074ecfcc701bed0c045f4d9ccba16656baea9f8657692855618c4abd215876c
vcm_train_000384.wav,fil50_05115_ref_tagalog14_TEMPERATURE.wav,9c1816aff89d4ba95600a0e759d0173ae58ae221537adfb081d3be6ea2205a9a
vcm_train_000387.wav,fil50_03399_ref_tagalog12_LIST_REMINDERS.wav,eb0140714c7585c40abeaab5dffdebf9bc995f86c7ab394298292842d153d119
vcm_train_000389.wav,fil50_10938_ref_tagalog6_VOLUME_UP.wav,34c89e4cac5d5dd58704aa8da02031b4c449c332f640f3724c4b731c686bca7b
vcm_train_000394.wav,fil50_13417_ref_tagalog9_COLOR.wav,78139a62765b15a8539b5ce91ebb159aa8115e4fefc899a4459dfb731f231ecb
vcm_train_000397.wav,fil50_07478_ref_tagalog2_ALARM.wav,1b368ce5a97cf3da1d56cae76703f0b77bdf80281cba4d2a6c0ba64b22397672
vcm_train_000399.wav,fil50_09234_ref_tagalog4_ALARM.wav,f1037b807945dd1d6dd6a945265616aa876fa0a589e9253c94ef96628eaacf99
vcm_train_000401.wav,fil50_05117_ref_tagalog14_PLAY_MUSIC.wav,f5e7bb2af75c0ac930cb7c08c94f3d1e92acdc7a09574b38c3847906c4aeffeb
vcm_train_000402.wav,fil50_05984_ref_tagalog15_ALARM.wav,f425c330c9f56ba4fcf58272e8328b29638d2f8f420cd9711cd083b538651fa9
vcm_train_000405.wav,fil50_00107_ref_ilonggo1_PLAY_MUSIC.wav,c2e6c8f6dd79a36a994be02115a12db4d18b8e8276e735509553699bd78123eb
vcm_train_000406.wav,fil50_10940_ref_tagalog6_MESSAGE.wav,d0ec10ed8c563ff664a98940aaf3a29c7463851b4b6dfe8dae00f15e6db9058b
vcm_train_000407.wav,fil50_10070_ref_tagalog5_ALARM.wav,556866eab422bbc6e51f60583302a84d3a0b8cc97bd08d274fb5e618fd676910
vcm_train_000408.wav,fil50_01782_ref_tagalog10_ALARM.wav,36fb860e9fe805fdb4aa7d436c5e57a1e5b07283566ea5fe4ea6f0639bb92e53
vcm_train_000409.wav,fil50_11757_ref_tagalog7_TIMER.wav,708d55d32702961c5ff68dbb2efd47729dafbe1c491367b8c5f74b3e1865b939
vcm_train_000413.wav,fil50_00952_ref_tagalog1_PAUSE.wav,8785b2afabc81b0ad7f2379441505b33a9250f4cc341bdd5b95f35c4dbd84d18
vcm_train_000414.wav,fil50_07479_ref_tagalog2_LIGHT_OFF.wav,656b2ae43e62886267f88c97d2d974502a05eb8991d461546d30c414d850be80
vcm_train_000415.wav,fil50_04273_ref_tagalog13_LIGHT_OFF.wav,6d8dc1fe60c245b4826da41b4d2ab6cee39c98d10e46f31dc73c1a701e9f30ba
vcm_train_000416.wav,fil50_09235_ref_tagalog4_VOLUME_DOWN.wav,8600a77232e273d69874a34b4cc8131c5571b4892d7849492e7357cf649c5959
vcm_train_000417.wav,fil50_12620_ref_tagalog8_PAUSE.wav,c800f5659558feb4bb65e4e8b15e100f7aa5f0ff15b07a4ca74fa7edc359d81f
vcm_train_000419.wav,fil50_05985_ref_tagalog15_BRIGHTNESS.wav,a78d7326e084a1a5dfd7628fd7191bb053585d5d0c9b9af6e329270bc08dcf60
vcm_train_000421.wav,fil50_03400_ref_tagalog12_NEXT.wav,4609d98d244012f193177ae7b7067335c8ac53f932416c4bc4afcef311c29395
vcm_train_000422.wav,fil50_00108_ref_ilonggo1_NEXT.wav,12f7124ece3f967210741b54b5ad91b8a565390cd2f9b61048c1312d45485e38
vcm_train_000423.wav,fil50_10942_ref_tagalog6_MESSAGE.wav,5950c659bae8226c3bfd761149490975321beda4f30d101a01460873cb0afd57
vcm_train_000427.wav,fil50_02614_ref_tagalog11_ALARM.wav,0fe267bbe01beeda8c5e27af7098619110a31a6001f77a6b951ad422783467bf
vcm_train_000430.wav,fil50_00953_ref_tagalog1_TIMER.wav,eeabedf513059f870e1ba864a58a31ed86bb28a09edcd788bd6618b0230fe94d
vcm_train_000431.wav,fil50_07481_ref_tagalog2_COLOR.wav,174316830c03afc970b60157e46f87f346c8d0a3f4fb4cb2f1d7c998ab72b466
vcm_train_000433.wav,fil50_09237_ref_tagalog4_TEMPERATURE.wav,771dec0ddff1d26a8885fef794f00ddfb3d22a0439038b4385b92e9aac879e75
vcm_train_000436.wav,fil50_05987_ref_tagalog15_ALARM.wav,018a8b6c766f4781b0cfd0d1bb9e9753066b43142b3cfd69c7f7478e13693b7c
vcm_train_000438.wav,fil50_03401_ref_tagalog12_TIMER.wav,61a9b509eea520c10fcc27e6ebb1397fa144dd3cd70331ab47389d0c6bc6bcca
vcm_train_000439.wav,fil50_00109_ref_ilonggo1_WEATHER.wav,288b7ed8294097ec1c11c2c85e71ce82218934dd1811fafc4b3c1961b8359b34
vcm_train_000440.wav,fil50_10943_ref_tagalog6_TIME.wav,47f3b2bcd9377efbd004c4eab9511a61dd61a7b9df8f7e46b898dcdd12224008
vcm_train_000441.wav,fil50_10072_ref_tagalog5_CREATE_REMINDER.wav,21f687106bfd40ec076175b4213db0584359e6d4e244d519eb6c96fce7e6ba7c
vcm_train_000443.wav,fil50_11758_ref_tagalog7_ALARM.wav,8aaf1ce2db2ef45481c850b9bc22e54dfbbd98600ad617ed002f28a28543bcab
vcm_train_000444.wav,fil50_02616_ref_tagalog11_CALL.wav,0262314401de5b1ee41b105362f946ba49f0b5666d9539a21e45cc083a366802
vcm_train_000446.wav,fil50_08394_ref_tagalog3_BRIGHTNESS.wav,d27aa11123befed0cbd4f1b525b4f39b14065760f212b4c0efed18f44465f7e7
vcm_train_000447.wav,fil50_00954_ref_tagalog1_NEXT.wav,4c838adaaec9de7055aeb93cfef82077043e41ee609011d65f29bd3788407fff
vcm_train_000449.wav,fil50_04275_ref_tagalog13_COLOR.wav,86e63accefaa47f1fc65809dfc3744ae4475aacfc708aad5bd420df2876ab55d
vcm_train_000450.wav,fil50_09238_ref_tagalog4_LIGHT_ON.wav,e2535dffaa6bfde020200dc773c4a13fdf862fb05c5d35d5396169772f17c74b
vcm_train_000453.wav,fil50_05988_ref_tagalog15_TEMPERATURE.wav,5568c5e250f3604d241bda441f471c3fdca3e8918beaacda5ff231d52ca7f079
vcm_train_000455.wav,fil50_03402_ref_tagalog12_TEMPERATURE.wav,40f907ec5e687a98661aaeb2d13193bcabfb0f1768b325b1ab23116b51b1f166
vcm_train_000457.wav,fil50_10944_ref_tagalog6_TEMPERATURE.wav,d7accd1580c976a713939551245662d8cf842ff6e3992a9e326514db3311e417
vcm_train_000459.wav,fil50_01783_ref_tagalog10_VOLUME_DOWN.wav,3ee517f908343598ded63e8e81b73e1fd7dc89078a47677418811db5de8d4e2a
vcm_train_000460.wav,fil50_11760_ref_tagalog7_CREATE_REMINDER.wav,d06bac89b54a72e1368fb1f8e57679160f95c86281c1f1f564b118c39148e980
vcm_train_000462.wav,fil50_13418_ref_tagalog9_LIGHT_ON.wav,b1b10e0962da03aecea553cb74c33d990403c54bfcfdc7d950ed4323b00214fc
vcm_train_000465.wav,fil50_07482_ref_tagalog2_PLAY_MUSIC.wav,12af4765671122ea80aca21c4f1ea7eb0c6e8399d5d43a646698905e5131263a
vcm_train_000466.wav,,c4840245a01f35117dad15c4cb81a87c485d3dbaceec23dccb092e6dce5b349b
vcm_train_000467.wav,fil50_09239_ref_tagalog4_VOLUME_UP.wav,2ff0600982170763d36a7d169ff18b448ea46f7ef7dbc337dfdb01d84c56cbad
vcm_train_000468.wav,fil50_12621_ref_tagalog8_STOP.wav,5099356be28cbf820958f856895f3aaf11005ecb37d0e067ef780000ac043066
vcm_train_000471.wav,fil50_06782_ref_tagalog16_NEXT.wav,4e8d549c53fcd99163fd8996f3584cbbe2217f756884f0b08ebd21e467f5f087
vcm_train_000472.wav,fil50_03404_ref_tagalog12_COLOR.wav,bbd9d551ac9f69568a7f00f3dbb75b40f33ba6a3242e429f889e4f8a765eb629
vcm_train_000475.wav,fil50_10073_ref_tagalog5_TIME.wav,7f685b65d798a5e4bd20d79cfac1c8e13c1ffb95ecb9d10d1f943cbfb27a2d8a
vcm_train_000476.wav,fil50_01784_ref_tagalog10_COLOR.wav,9ce2a0307897b636a6ea4ff959c6786ab34753fc685fba0d39f907705091f5a3
vcm_train_000479.wav,fil50_13419_ref_tagalog9_LIGHT_OFF.wav,014486b43f91a15ace150fca08fb0b7d9c7946ac129340156961b0de56dfa6c4
vcm_train_000480.wav,fil50_08396_ref_tagalog3_BRIGHTNESS.wav,4227d24120cad42d976a2cf0050e2da78cc32e0a13249b40dd1dc0c939175a1e
vcm_train_000482.wav,fil50_07483_ref_tagalog2_NEXT.wav,b5480e327c460ad5090c1cce4a6b8794d139c2833268ee24d5313110bc345a63
vcm_train_000484.wav,fil50_09241_ref_tagalog4_TEMPERATURE.wav,88c4805bce6ea985ac075dd6676a33e5b6a43beef7639dcce224b8ed47bd72ea
vcm_train_000486.wav,fil50_05119_ref_tagalog14_CREATE_REMINDER.wav,9d981a62f81332978ba5f3b3fc3367f9598c0460e6cb4dd613159ba694a0d0f6
vcm_train_000489.wav,fil50_03406_ref_tagalog12_WEATHER.wav,e262de0c17792196897965ffaece587826a665e2717ac52aff44a7fa8f58f0f2
vcm_train_000490.wav,fil50_00110_ref_ilonggo1_COLOR.wav,4dac23394c95e7d5aa072bc09a74d964a1f98fcc6080e4759a154b4cfc356114
vcm_train_000491.wav,fil50_10946_ref_tagalog6_WEATHER.wav,095ef5fcb40c8bdc06ba33b51101a13991c0bd955a66ac54a4be90d2648abf59
vcm_train_000492.wav,fil50_10075_ref_tagalog5_ALARM.wav,0b5bface45dc97b7a63cc35907ac8b170b41e0d932eec7f1b26fa6153e14dc15
vcm_train_000493.wav,fil50_01786_ref_tagalog10_TEMPERATURE.wav,b1eab5815a8ba43c10446e0458109d2c4bcd39569c17a3f38ae400d33d642e8c
vcm_train_000496.wav,fil50_13420_ref_tagalog9_WEATHER.wav,9d3102ab70d569098d74c69bf94908c88838252511b8b769235a06e4e4b7f569
vcm_train_000497.wav,fil50_08397_ref_tagalog3_COLOR.wav,eecf484b3e2176614981536b354b093f92ecc1b42ae3484c7a4b8122d26d5153
vcm_train_000498.wav,fil50_00955_ref_tagalog1_VOLUME_UP.wav,a89a1079dd89c82683ea173e39a85d6f94e3ca4fe90fb8257aa9b0948428a8a4
vcm_train_000500.wav,fil50_04276_ref_tagalog13_PAUSE.wav,23db5c2f1abc1a97ad269f607f7a135234b7b29014a2cdc46c54939ae482cc0a
vcm_train_000501.wav,fil50_09242_ref_tagalog4_ALARM.wav,fc48831e6e7fa00e9c177518cdd0eb63d3c71871f9a1e6ac2a744d29913a704e
vcm_train_000502.wav,fil50_12622_ref_tagalog8_VOLUME_DOWN.wav,089eda871cd97b5e2a2930a3bdd77c18338e21a8d10acf87252e413433230257
vcm_train_000504.wav,fil50_05989_ref_tagalog15_CREATE_REMINDER.wav,2005dab1a8b2228a8eae5644a176834f4b7ba6e336439708d3b66b388a69d8bf
vcm_train_000507.wav,fil50_00112_ref_ilonggo1_LIST_REMINDERS.wav,9284a10d1d05475f37e2af30fd9f16cabdc0e4bbb51cb1d1fd212b92827eeafd
vcm_train_000508.wav,fil50_10947_ref_tagalog6_ALARM.wav,52ca69baf81843344f545513a03ee872292711884823f5cdf573fbd007f751a2
vcm_train_000509.wav,fil50_10076_ref_tagalog5_MESSAGE.wav,052a03b34cacabb58b042fffbbd422fead264a41cda7bc4c996b898631a4ce84
vcm_train_000512.wav,fil50_02618_ref_tagalog11_COLOR.wav,c33376fcee189e951cdf5e275018153daae243fed126beaa8106a4d34a4e1183
vcm_train_000513.wav,fil50_13421_ref_tagalog9_NEXT.wav,e84ac1615709d98211ae73dadb3d4729278be04c34f422c01f8782928baccc69
vcm_train_000514.wav,fil50_08398_ref_tagalog3_NEXT.wav,98536b907c463aa1d25dc14b4abb9b601c52a92d29f7d5a4500b68034cdd23b7
vcm_train_000515.wav,fil50_00956_ref_tagalog1_COLOR.wav,f98c58e6b188789605074895b535c66dd79fd6561dcdcf2ebf182917fd27895b
vcm_train_000519.wav,fil50_12624_ref_tagalog8_TIMER.wav,ad4dee3b8c87f6189df9836557de393da387f7e0ef44782485bbfda79544c1ba
vcm_train_000520.wav,fil50_05121_ref_tagalog14_BRIGHTNESS.wav,777b004d8103debe75959f604ff11e3942b1b3231ce8d2f7647d9e5fb56b089a
vcm_train_000522.wav,fil50_06784_ref_tagalog16_LIGHT_ON.wav,04d25bee07dde006b98b894ff431348599787276639fb365d90781738b1d1e27
vcm_train_000524.wav,fil50_00113_ref_ilonggo1_COLOR.wav,745ad1bfbdcfc722fc649125133a9b69646199c7353d414e90efa060fbff2f9f
vcm_train_000525.wav,fil50_10948_ref_tagalog6_CALL.wav,a8fa6b6165170cef4ad1c5de17f5cd300601f4ff88dbfeec51c8137f67601098
vcm_train_000526.wav,fil50_10078_ref_tagalog5_STOP.wav,a50816a0cc3aea7063828ff2c6fb895f7b4e4eaf9408df2e55acc28f68b2c73f
vcm_train_000527.wav,fil50_01788_ref_tagalog10_WEATHER.wav,af0b3a65c4e06ddfefebb59b726ee86ddeca0e6bf4659e63dc8c0cd2b8d6af8e
vcm_train_000530.wav,fil50_13422_ref_tagalog9_TIMER.wav,8f6e741ed7b73697acf065571f89c5c8576c11a4fafe44c0f005dec07ff06c92
vcm_train_000532.wav,fil50_00958_ref_tagalog1_NEXT.wav,ac810e0fa30f05d4152579792f69b1227ee1ec45d8d15d63e2ef1bbd3860d0a0
vcm_train_000534.wav,fil50_04277_ref_tagalog13_CREATE_REMINDER.wav,e379806fc78f71d25368a5e3c61d5d866a217f7ea43e040a3073a0a483373678
vcm_train_000535.wav,fil50_09243_ref_tagalog4_CREATE_REMINDER.wav,c5beb1fd5bde6995cf7abac90a897b35c2c437f031740922afd96eaac93ea8a3
vcm_train_000538.wav,fil50_05990_ref_tagalog15_CREATE_REMINDER.wav,28358437908fe536fe643f6a3182ae08a491abb1a3ba7a0878c34ba0edf286aa
vcm_train_000542.wav,fil50_10949_ref_tagalog6_CALL.wav,57a878c967e4658ef36af738279e3091ca06f5a260c6db17be157b43bf47dd95
vcm_train_000544.wav,fil50_01789_ref_tagalog10_ALARM.wav,42aa4a23093affd2e9de6c9ab81dfd71586f25e7f1860aed69a2091eaa86717f
vcm_train_000547.wav,fil50_13424_ref_tagalog9_VOLUME_DOWN.wav,3dc179f828403bfe81ad3abc689b4ca6469432114a9c91c9040f314321240415
vcm_train_000549.wav,fil50_00960_ref_tagalog1_COLOR.wav,c7050c50f21aca046b7fa5f6387e3081721e443aece62885f03435ccf8a1317c
vcm_train_000550.wav,fil50_07485_ref_tagalog2_BRIGHTNESS.wav,06a5c99945053b188722439e959f3db404331f21c4db017ff21393a4073877df
vcm_train_000553.wav,fil50_12625_ref_tagalog8_WEATHER.wav,6cbe60a02399df68cb3cbcb5cd45774a519d15d8b299d46ddbbf63c4b4f7db9a
vcm_train_000554.wav,fil50_05122_ref_tagalog14_ALARM.wav,39ed099438e2b351f6501ce32c612c424dffbb188ac1ad086383406e69fc774e
vcm_train_000555.wav,fil50_05992_ref_tagalog15_CREATE_REMINDER.wav,d8a40453869915e2cf22fce031d32203cfae47d4213eea780af642c2e4c18d75
vcm_train_000556.wav,fil50_06785_ref_tagalog16_NEXT.wav,c23ff587242cd540301538b59c23c906846b5a89b1ea5638a465e6983cb81e6e
vcm_train_000558.wav,fil50_00114_ref_ilonggo1_STOP.wav,badd4b0a8dba5ea7546377ee3d837cf4638303989a682e98b887092e912d9b7f
vcm_train_000560.wav,fil50_10079_ref_tagalog5_MESSAGE.wav,ba963205d1d38f519426b046eb93831583b403e703ea1c2079928ac438c94f29
vcm_train_000565.wav,fil50_08399_ref_tagalog3_TIME.wav,f4384e73abec6936fa2f17a328d3453f14759bdacc8b7daaafadf6c7db61c720
vcm_train_000566.wav,fil50_00961_ref_tagalog1_CREATE_REMINDER.wav,b18ab219cb6fbd1ed14731c63eae81028d35ca2feb6c5b53c1c3000c8c25da2e
vcm_train_000567.wav,fil50_07487_ref_tagalog2_NEXT.wav,9d6d2c6df501f968c9ee398d109fa36d0030e249f51ddf1205d422d7d8f882e6
vcm_train_000569.wav,fil50_09245_ref_tagalog4_VOLUME_DOWN.wav,d005fd778edbe0029b91e56d35b1b557314f16d0dd87d4c6268a26330c583b0a
vcm_train_000571.wav,fil50_05124_ref_tagalog14_TIME.wav,edda68f4f0678ee2d820b8a2d88cab5501a082258422310b79cceb082238c289
vcm_train_000572.wav,fil50_05993_ref_tagalog15_TIMER.wav,5bbbf5450a20e4b53a86542cf5a66f32030920252393a3698d0195a832b7fa81
vcm_train_000573.wav,fil50_06786_ref_tagalog16_CALL.wav,62c6921187233d4e8a2ae8620998b3d37ed2e56527a26f8211fc757afa3d0d81
vcm_train_000574.wav,fil50_03408_ref_tagalog12_ALARM.wav,022fcfd3ee36eb65217bb3726c2eb4cb0dcfb638b8a9e139e740f1eefbd76252
vcm_train_000575.wav,fil50_00116_ref_ilonggo1_NEXT.wav,885d8dc562be4f0c69af8b9b4f682339efa2b79cca15cb14c044d581265e6e1e
vcm_train_000576.wav,fil50_10951_ref_tagalog6_LIST_REMINDERS.wav,f4b19fe7f366429285076f48ebd251764ae04527e3acef4c223c22f398d0472b
vcm_train_000577.wav,fil50_10081_ref_tagalog5_ALARM.wav,59475b2c03af2fba69f76127d6d4e9f2c120cdd4c8acd5fc9d6b8937b80edf82
vcm_train_000578.wav,fil50_01791_ref_tagalog10_LIGHT_ON.wav,bcbb4aa5b91ee4c96d9e4bcc931cc351aa2bde2233691b2491b537703f55333f
vcm_train_000579.wav,fil50_11762_ref_tagalog7_CALL.wav,cc4925ca9d7c57a98749cb6bb2d19ef9f21722f5f7a08143d201a094a06c8462
vcm_train_000581.wav,fil50_13426_ref_tagalog9_WEATHER.wav,0229f6afadd204db5305077dd38b17d39d53c30ed3e630af83e561cea1f35e34
vcm_train_000583.wav,fil50_00962_ref_tagalog1_STOP.wav,30e8bc09589325aeb92fd93904f57979ff871864486fb9ac4d338bde5babde46
vcm_train_000584.wav,fil50_07488_ref_tagalog2_ALARM.wav,41c08fb9406c13b6a8c0b6f528457c451c6b43362c2dd7c29daefad4dba83073
vcm_train_000585.wav,fil50_04278_ref_tagalog13_CREATE_REMINDER.wav,d62a9cdd3fb935ea784546d59abe88d75c063551470e058496cbaa8d008c0c0c
vcm_train_000586.wav,fil50_09246_ref_tagalog4_ALARM.wav,447308e5c2bad332c47684ea2c94af88a09d645d94a2b0afb792d7124b567eab
vcm_train_000587.wav,fil50_12627_ref_tagalog8_TEMPERATURE.wav,72c9047fe0d56b0a7e82b83b5e24f1a9e4830a6103984c50f69cc79d85607435
vcm_train_000588.wav,fil50_05126_ref_tagalog14_VOLUME_DOWN.wav,7263b5b1c68031b46b58b8f50d9f2aaffa62dcecfb2ad0b79317f1df6a3c5d81
vcm_train_000589.wav,fil50_05994_ref_tagalog15_MESSAGE.wav,62c5d74e603c642172f55a99fc9406a3a2f4d627c7b5bdee57ace24107a548fe
vcm_train_000590.wav,fil50_06787_ref_tagalog16_MESSAGE.wav,2c99a76027ab0dcba606c5f6711bbdadd58e02dd09d3b83d213738760c8d8efa
vcm_train_000592.wav,fil50_00117_ref_ilonggo1_WEATHER.wav,f9d73a0af39db7469a31733a117a69663ba7df804090eb10755bde4a5ecdeb33
vcm_train_000594.wav,fil50_10082_ref_tagalog5_TIME.wav,694ccfdc67abf63088af36c7c43a87e32d467f7beb0d2f165db1b02cdbe6a267
vcm_train_000595.wav,fil50_01793_ref_tagalog10_CREATE_REMINDER.wav,0984e81f5d2ebc328749fa01d941cd6a76699f00f379950a7305cc7bc7c603ad
vcm_train_000596.wav,fil50_11763_ref_tagalog7_NEXT.wav,427c7083c2e41057d0bd8869b97bd82950c66abdd5da3b1d3a9f177096e85992
vcm_train_000598.wav,fil50_13427_ref_tagalog9_MESSAGE.wav,99b4b4507fb00d7b28ba69949b460bed49c2e370ed6ac9bb56782a2381c82fb7
vcm_train_000600.wav,fil50_00963_ref_tagalog1_TEMPERATURE.wav,f21419e7bbd6639c27542ddd7fe9e0964dd9a99919ba9dfc3c24bedfc9baf230
vcm_train_000601.wav,fil50_07490_ref_tagalog2_NEXT.wav,c1ddd8c0d233abb0974c22e88f29d86c0205afe6fb7282bd7f4466ba2f35c32e
vcm_train_000602.wav,fil50_04279_ref_tagalog13_COLOR.wav,69510483247d70214a7db882d04d613cb04762806c0357c52eed783594716b3e
vcm_train_000603.wav,fil50_09247_ref_tagalog4_WEATHER.wav,ea9fd4a23c82c072d8101bad1a241de821f611c1891a46b608e66ba5a3c95b63
vcm_train_000604.wav,fil50_12628_ref_tagalog8_LIGHT_ON.wav,4be67e5bd675a7b9ec9ef5aff4623c99e3f10d87e0223879aefa0305a4d1a62a
vcm_train_000609.wav,fil50_00118_ref_ilonggo1_LIGHT_ON.wav,d304297bcf2708cbf85a38a554e9525a3ef5e9cdb579d76476a33bda80f6aa2c
vcm_train_000613.wav,fil50_11765_ref_tagalog7_COLOR.wav,d173f7dfc32ea95fe1b044b6a324b5bc03477c56111fe3ae78d80a5d2614295f
vcm_train_000614.wav,fil50_02619_ref_tagalog11_BRIGHTNESS.wav,8c4c1b318f92005009735f2d2fd81c7f139b87e3d3f47c0b19eabde8596f0ca5
vcm_train_000616.wav,fil50_08400_ref_tagalog3_ALARM.wav,0341c7b8475e31754b9fd3058c04756c6fea08b5b2a2d6fce9b22941b86c7c9b
vcm_train_000617.wav,fil50_00964_ref_tagalog1_STOP.wav,cac020e70b4177cc71397018177649d6c0869dbef91f24e30d736b68385a2eff
vcm_train_000619.wav,fil50_04280_ref_tagalog13_NEXT.wav,8c780816ed1dd3c2e89e09362504b9d53147cef3fe0d917f8a20093a285383fd
vcm_train_000620.wav,fil50_09248_ref_tagalog4_TIMER.wav,5abdccda2a1bf6942621efa8d24049ced89502bc602bb238f2658dc74396ca9d
vcm_train_000621.wav,fil50_12630_ref_tagalog8_TEMPERATURE.wav,64a4489e8cf6479cb8018e6464ecbfb1179e9689ffe6d843e4546018b8afcf21
vcm_train_000622.wav,fil50_05128_ref_tagalog14_CREATE_REMINDER.wav,302f7572863b89aab6a83520248c505e55d0483a919d34375db86f5d01b39dc8
vcm_train_000625.wav,fil50_03410_ref_tagalog12_CALL.wav,807141a7eee28cd27cc6352637494d79eac363e0e5743b75c90b7a2424131e21
vcm_train_000626.wav,fil50_00120_ref_ilonggo1_TEMPERATURE.wav,d90272da41b3fadfc89bd0ad6aaa96b1c9ab79ecdf0caa590b1c8cec7afee2e0
vcm_train_000627.wav,fil50_10953_ref_tagalog6_TEMPERATURE.wav,46ab47a69296c91620e639945288f37515ec62f66d46832303861a682b6efbdd
vcm_train_000631.wav,fil50_02620_ref_tagalog11_VOLUME_DOWN.wav,eb602c2d29a249c001e24b8c18593035b9cae7ceeb97d7a8dccd4ce0bb83dbb1
vcm_train_000632.wav,fil50_13428_ref_tagalog9_CREATE_REMINDER.wav,9d94cdf8947a492018165a4dd7bda07b23db4b7570a310688253f9a920ff7e8b
vcm_train_000637.wav,fil50_09250_ref_tagalog4_TIME.wav,437df9daec623dbc396a1281adfae203080b0ff15668fb57e35cf553c0c5e788
vcm_train_000638.wav,fil50_12631_ref_tagalog8_NEXT.wav,89de17eb62453ec700080a76168af6c9455ffc717149bf6066b46f7471f1c610
vcm_train_000639.wav,fil50_05129_ref_tagalog14_NEXT.wav,f652424b873cf5441c61f57123ea2590b93669def79ea43a5de79f25714f7f6c
vcm_train_000642.wav,fil50_03411_ref_tagalog12_NEXT.wav,5cde2f84b258b07968eb505a35524417dc5b0c88fad392ec6e7fe6adcff0d12f
vcm_train_000644.wav,fil50_10954_ref_tagalog6_COLOR.wav,11e90954cc14047fe8a3978506c3bce445040c29638134d08007a198298befee
vcm_train_000647.wav,fil50_11767_ref_tagalog7_TIMER.wav,eca300d40e36e69f7cff0adf9b1365dbb0f1636f2caee31a616698ac243d76c7
vcm_train_000648.wav,fil50_02621_ref_tagalog11_VOLUME_UP.wav,a9595412b1d57367b0cd080700326e4f02f89ea148952157e733398edaad121b
vcm_train_000650.wav,fil50_08401_ref_tagalog3_TEMPERATURE.wav,5f42e4ebce65cf0d50d62d416e762431da7016b3c6de7da05620e29c5ba5ffa0
vcm_train_000652.wav,fil50_07491_ref_tagalog2_STOP.wav,0faf5ec43d017c7bfb5f83a8548224bf4ee2e64b906f69d4405f6db2b01ef966
vcm_train_000656.wav,fil50_05130_ref_tagalog14_NEXT.wav,99ef9c13f42e97747819530846d843355f339b8440d755327227c9e6665c4bd2
vcm_train_000659.wav,fil50_03412_ref_tagalog12_ALARM.wav,ba21e27aa46c96b9aed94b8bfae926cd672ea3c62fa5556f753e81dd85387fa3
vcm_train_000660.wav,fil50_00121_ref_ilonggo1_TIMER.wav,3e7d4e37f175c794c9dcaf5cd2f03816a250a896cfe8ddac158b17ad74fc9a13
vcm_train_000663.wav,fil50_01794_ref_tagalog10_TIMER.wav,1ea1f5ef28ab340ae26bf992d8b870ac7da476527cf7de1bb1906aec53af8221
vcm_train_000664.wav,fil50_11769_ref_tagalog7_CREATE_REMINDER.wav,300070c55f14c6dd5df713cb19f9e3751bf62e03040e8208ed1adf7d9c1d553c
vcm_train_000665.wav,fil50_02622_ref_tagalog11_ALARM.wav,4e7afb355645fb60c0f4880792d317d7805fa7f241e2603997a2b1b30e773249
vcm_train_000666.wav,fil50_13429_ref_tagalog9_COLOR.wav,670662b57a643c80d873941a2a57d69fea72e54ebbda88341868a180d63c1af4
vcm_train_000667.wav,fil50_08402_ref_tagalog3_MESSAGE.wav,ae6c8b7c61051c19b4472f4b2f64febedd7613ff3dc6e4b7623dd4b6b6ee2dfc
vcm_train_000668.wav,fil50_00965_ref_tagalog1_TIMER.wav,715ecb0e9c433e3a0690a85283b70a91eccd3c6e9d850fadd851bd40b9b333d9
vcm_train_000670.wav,fil50_04282_ref_tagalog13_VOLUME_DOWN.wav,928ad7cba9cbba2fe85d7f97c9866781a5b023aeb41aa5d30cc1b257dd349c05
vcm_train_000671.wav,fil50_09251_ref_tagalog4_PLAY_MUSIC.wav,11296084b446d08fae24413688323e518fe6f04864bcdc8b2dd041e49a8af8bf
vcm_train_000673.wav,fil50_05131_ref_tagalog14_VOLUME_UP.wav,bdd680eec4588e171e1e7474dc207ef7ba73b08bd7e99a593ce584cb370abe99
vcm_train_000674.wav,fil50_05995_ref_tagalog15_VOLUME_DOWN.wav,a1c61b1998700ff2886d32a2d31d909d0d3454879fe4eae92a802aea8aa27922
vcm_train_000677.wav,fil50_00123_ref_ilonggo1_TEMPERATURE.wav,f60ce218ce8cfdecf6a44e7d0f684210f61ce53f65a18b6800a1c2d991d3d311
vcm_train_000678.wav,fil50_10955_ref_tagalog6_LIGHT_ON.wav,6787ef70329e67227cc96ebc36a31041f93f236ad3245e1119ea55a7f21fde2c
vcm_train_000679.wav,fil50_10083_ref_tagalog5_COLOR.wav,e335ad365f502901084c82884f066cc838b7c7ab40f8e7898cf32e3fc758ee87
vcm_train_000681.wav,fil50_11771_ref_tagalog7_ALARM.wav,7466b52aec0e8742a061cb93eeb3190a97ef18c55895e03d9e210f13c0cb1206
vcm_train_000682.wav,fil50_02623_ref_tagalog11_ALARM.wav,35ea354416958cc2b08c64972c85d7eb1f78d74f444f10e05f0a2d2a7f0b4b1f
vcm_train_000684.wav,fil50_08404_ref_tagalog3_NEXT.wav,43b4975d94f21523825745cebafc69996b6304a358397a2512b7ff607ec043eb
vcm_train_000685.wav,fil50_00966_ref_tagalog1_MESSAGE.wav,774a9217991e46c8492b8bf92a43b8d149301d5611c850ee3dee628287bd498d
vcm_train_000686.wav,fil50_07492_ref_tagalog2_TIME.wav,4d457cdbcb4ee483085af0afbbab25bb8470c342045ac983257f62fc07475273
vcm_train_000688.wav,fil50_09253_ref_tagalog4_CALL.wav,a078a7be45209d3b03b9487bc5be4295007a879c66a1708cb51197a40c3b5c86
vcm_train_000690.wav,fil50_05133_ref_tagalog14_VOLUME_UP.wav,8f6287600ff5333bb30e9882af7582ea3755030d4acb269475848170cdf1c03b
vcm_train_000691.wav,fil50_05997_ref_tagalog15_NEXT.wav,b1a72d399c061b4eea4eb6d1976450dfd16ac30987728d6001bb9425b91c76bc
vcm_train_000692.wav,fil50_06789_ref_tagalog16_WEATHER.wav,572c4d16b75871d2fea7e79c6aed9a16f032751344c97c5d8f395f0963ad1893
vcm_train_000694.wav,fil50_00124_ref_ilonggo1_VOLUME_DOWN.wav,81c9267287a6def3856ecbc98f148a11bf2619d762ee1ab64f14be8f8505b719
vcm_train_000695.wav,fil50_10957_ref_tagalog6_TIMER.wav,77ceaf318fbad37efd33b1a1ab59edf30ca1795b84d492eae9935fbb50680145
vcm_train_000696.wav,fil50_10084_ref_tagalog5_COLOR.wav,d45d856ceb490368f7cb624fa3302654c2a69c309e6fc7ed0e0e0298eba3b04b
vcm_train_000697.wav,fil50_01796_ref_tagalog10_TIME.wav,0c3af043b630a436454e9dc98e221ed41e754da1d2a599900b6f6196a222b4de
vcm_train_000699.wav,fil50_02625_ref_tagalog11_VOLUME_UP.wav,0f2213a8797a51e589551b3e19e1636770de57e5de5aea03530bc331fe863362
vcm_train_000701.wav,fil50_08405_ref_tagalog3_VOLUME_UP.wav,14816e8f8a9e7bba1d0db4fedf7e85afd48bed09a0f0483c7b627ae09c5c4526
vcm_train_000704.wav,fil50_04284_ref_tagalog13_CALL.wav,920e5f2869e2af1d8f53a1a4b503fd331cd234982f03bbc65b937d260f50a650
vcm_train_000706.wav,fil50_12632_ref_tagalog8_ALARM.wav,88d3c67ab5490ac7031355b026be4aad7f76f66ee29e69ad871faf2c6610d35a
vcm_train_000707.wav,fil50_05134_ref_tagalog14_COLOR.wav,d859a68665e6dd3bba4d35687c47fd3c6539146370a367e707f18e49b47e6be3
vcm_train_000708.wav,fil50_05998_ref_tagalog15_ALARM.wav,dc5bdff7ac619c8f1c807e99fb19c53bacadc0c46b55e0504112c4a8c315a653
vcm_train_000710.wav,fil50_03413_ref_tagalog12_ALARM.wav,22dd35fed27f4557355d91c6d5932ef951c60e26207a7cc4da21de5ad5eae201
vcm_train_000714.wav,fil50_01797_ref_tagalog10_LIGHT_OFF.wav,8bd90cbb4be72823c11fd9274b4b3f6c8975b1eaeed05cf9a5dd194c0e407208
vcm_train_000718.wav,fil50_08406_ref_tagalog3_LIGHT_ON.wav,bf7f6f35f422e2b521feb62fc628284fd383867cfe16fd5d57e67441c0093dde
vcm_train_000719.wav,fil50_00967_ref_tagalog1_NEXT.wav,5bc4d37f6a7409999f2f4d1a1722f8c9f41fc88516a545ebfece1185c79d816f
vcm_train_000720.wav,fil50_07494_ref_tagalog2_NEXT.wav,6a09d5dc98050dd2606282c4b286a69b024841b1e648a14eacedea5f4f2f7a2b
vcm_train_000724.wav,fil50_05135_ref_tagalog14_TIMER.wav,1e51a4c048f4349514f7e3b77db71f663e2064c4882ffa8dc4fa2a805f7117af
vcm_train_000726.wav,fil50_06790_ref_tagalog16_COLOR.wav,3b470266b0d5200449030b78dfcfd3c59aa38d3633c7dfd13c9ab9cffeb75a0e
vcm_train_000727.wav,fil50_03415_ref_tagalog12_ALARM.wav,d22c70f0c7dd9a31c3c57368178c1934852b6f563a9f6e742a4b80814504c7c6
vcm_train_000729.wav,fil50_10959_ref_tagalog6_NEXT.wav,81d129653ef08a687b71f3613652f4a868ec161a8a5259afc44ac01cd9d73cc5
vcm_train_000730.wav,fil50_10086_ref_tagalog5_VOLUME_UP.wav,ec3b244ce63746617ac534449251b6ea9eaec725221e0c14fc9f8502dccc2472
vcm_train_000731.wav,fil50_01798_ref_tagalog10_MESSAGE.wav,4db08363138d552f358f7c122637c822ef37db3e1595abae5ac378e4014c08a4
vcm_train_000732.wav,fil50_11773_ref_tagalog7_TIMER.wav,c208ee2a03f52ac90c44b4791cb1ef965233298e7b376634a2973badba721d8c
vcm_train_000733.wav,fil50_02627_ref_tagalog11_VOLUME_UP.wav,85be400bf961c1c9a5f83c842d7159f8c668b9b4948330b6743d5e3677ab247c
vcm_train_000734.wav,fil50_13430_ref_tagalog9_STOP.wav,bceb50d500f7e48298344461806b4f2e06072104f07b71fc74c208380e0451e6
vcm_train_000735.wav,fil50_08408_ref_tagalog3_NEXT.wav,7b119a69d538d00967f9228eb49a7eb130c347933e315f33bb8fb038f3b6e88f
vcm_train_000737.wav,fil50_07495_ref_tagalog2_TIMER.wav,d043f5e08402fabbe549f7efed261e1c8ac99f3ec942ffc72a3d214f5b6c8511
vcm_train_000738.wav,fil50_04285_ref_tagalog13_VOLUME_DOWN.wav,a6e48f798469875951e3a74adebd8ebdfba0679e3bfdcedffcdb21d5d25c5d44
vcm_train_000739.wav,fil50_09255_ref_tagalog4_NEXT.wav,e143885495a9c9b845166331951a0aeaa71a7193e1d64f648a303277877aa4f0
vcm_train_000740.wav,fil50_12633_ref_tagalog8_COLOR.wav,4176426310256bd30dc58912cef2888107782d2d3233c2ffe180e316ddf81093
vcm_train_000741.wav,fil50_05137_ref_tagalog14_NEXT.wav,7b67ae2882c4b1b8b08fee7d4419b2037157f7e417f9d08e929e12d304ee922c
vcm_train_000744.wav,fil50_03417_ref_tagalog12_LIGHT_ON.wav,1023d36ca468353866c76cf42cf9996928286cd6af4b8f938801210d07ae306a
vcm_train_000745.wav,fil50_00125_ref_ilonggo1_MESSAGE.wav,3e801bcd22e266a3325986391aa0def3a99765f18551f2760e1a084707f44c02
vcm_train_000746.wav,fil50_10960_ref_tagalog6_TIMER.wav,d23824ad09731f12edd7c31b86c3ee2fa0ce8e57654516d25a623899c1a00d65
vcm_train_000747.wav,fil50_10088_ref_tagalog5_LIGHT_OFF.wav,eecea302b4a72c84e2a518d8b7a8bea73485b41cb73bbe82cae46bfe80ee4279
vcm_train_000748.wav,fil50_01799_ref_tagalog10_TEMPERATURE.wav,ca82ec5971a61bd994dde7c6645d93b36bd22ba11ae57eb337af766adfad7f77
vcm_train_000749.wav,fil50_11774_ref_tagalog7_VOLUME_DOWN.wav,81f9f2fa09948a15e7353ce188e38db8a94d0e52eaa34d61db2685f54f40f463
vcm_train_000750.wav,fil50_02629_ref_tagalog11_BRIGHTNESS.wav,b45c93dcca50f4fbde87b42d207de10c9942ac2d55a4469a18bb3b6daa707d2b
vcm_train_000753.wav,fil50_00969_ref_tagalog1_CREATE_REMINDER.wav,b1032fbc6cd1cc2bcb009d7277713853b63f481ce6b071f6f002f809a8627eaf
vcm_train_000754.wav,fil50_07496_ref_tagalog2_TEMPERATURE.wav,b4f1dfe090929cbbda2a8305754adf1346e328428c0b60937e6751360c06a71d
vcm_train_000757.wav,fil50_12635_ref_tagalog8_PLAY_MUSIC.wav,214d3286c2fc4a5e5c3d2c5f8013cc607938320c816c73b1a41915bc60905d8c
vcm_train_000761.wav,fil50_03419_ref_tagalog12_LIGHT_OFF.wav,755ea7f5e60639c445664486077e8089c2c0ed6bbde06ffc6afcb52997ffe0ff
vcm_train_000762.wav,fil50_00126_ref_ilonggo1_TEMPERATURE.wav,cffd47e63a37c34015514ba0b4c8c4e5d6151971d6e01de964538ad89bb08f13
vcm_train_000765.wav,fil50_01800_ref_tagalog10_COLOR.wav,42b080e773ee6e9595e3894cff353444e2abca30c747ccef742a1fb49e0b1bec
vcm_train_000768.wav,fil50_13431_ref_tagalog9_TIMER.wav,c8201f0cf72f34e5ad5dec143474a701f287cc6e58f87d5a583323cd950a7f05
vcm_train_000769.wav,fil50_08410_ref_tagalog3_ALARM.wav,65ddd4604a3ec7b36b36abb8d6300cb50ea7f46926ca2a92699de1067419002e
vcm_train_000770.wav,fil50_00971_ref_tagalog1_TIMER.wav,6a31484800a9c47027cebc934584900839e6ace21fbc308e1097b296aaa0516f
vcm_train_000772.wav,fil50_04287_ref_tagalog13_LIGHT_ON.wav,9e11ca3a465e9ec834018088d95340543b284a0fcca1d050067eaf0d64d271a1
vcm_train_000773.wav,fil50_09256_ref_tagalog4_NEXT.wav,af47ace93ac415677ce4d1ca0cf36b67d3c8b30b14aa76841ec7b705526e988e
vcm_train_000774.wav,fil50_12636_ref_tagalog8_TEMPERATURE.wav,2315684c9374422f02ea125bdb1fbc7d072bafff32e7a3b3547b3c4b9e7ce21b
vcm_train_000775.wav,fil50_05139_ref_tagalog14_TEMPERATURE.wav,4549b79018c525ec08d1aa3de3444ed62708dc67074e887d5794c170383b02db
vcm_train_000778.wav,fil50_03421_ref_tagalog12_VOLUME_UP.wav,90243b3d79d232207d1ab62c2bbe796eedab468c6515dc5a6eb749f2ad2c0b93
vcm_train_000781.wav,fil50_10089_ref_tagalog5_ALARM.wav,56336da4444a7bada94687d27b92cdc55a2242a4040d782a22406052aac5dd9c
vcm_train_000782.wav,fil50_01801_ref_tagalog10_NEXT.wav,65a5423decff1e10561b3b816821e8e7c6cdb78317c93c12a7f2e0f76c91df0d
vcm_train_000783.wav,fil50_11775_ref_tagalog7_TEMPERATURE.wav,e1d912e03e540d5a4832aab72a56decfc9d0a0a5e284b054f809aaea0396052d
vcm_train_000784.wav,fil50_02630_ref_tagalog11_NEXT.wav,02238ae15516695ea83824523f35afa58d1934dabdf3385fffa562ebda452539
vcm_train_000788.wav,fil50_07498_ref_tagalog2_LIGHT_OFF.wav,55d759582afbeff19290c094d72c079145563fa8901baa52eca3c29d09426f79
vcm_train_000789.wav,fil50_04289_ref_tagalog13_BRIGHTNESS.wav,29a0b43104510c79a52e663ca74f683f5ca6888cf9d3db45a78975379d82e5a7
vcm_train_000790.wav,fil50_09257_ref_tagalog4_COLOR.wav,5e0753c4f897a0b20d803a094e9af8d35d0c27ce408ebe1a13a766f7a745e91f
vcm_train_000795.wav,fil50_03422_ref_tagalog12_LIST_REMINDERS.wav,666c6f850d6142bc4af5c20fe17ce25dd6e0784e8279fcf401fd8d1bc1f5de02
vcm_train_000796.wav,fil50_00127_ref_ilonggo1_MESSAGE.wav,70c72a966724b961d8ca6ef9d31be38cfad5bf127a3b276cfad0302869697f1f
vcm_train_000797.wav,fil50_10961_ref_tagalog6_STOP.wav,af3414b50f7520975899e848873d9884283b436f4e310f502e24d93a93648e57
vcm_train_000798.wav,fil50_10091_ref_tagalog5_TIME.wav,f5bd9a8acb5c57625701c4dc630d8adae87ca7d40e86274a462e1fd0ef552cd8
vcm_train_000801.wav,fil50_02632_ref_tagalog11_ALARM.wav,8574c67ff5d6443393902bbbd7529b0883ad5f05e0bf04d7819b0211f481b9e5
vcm_train_000802.wav,fil50_13432_ref_tagalog9_NEXT.wav,fe78f28faaf88db452ede189ccadcc9ca92e1c4df759065fbd709d50034c5d1c
vcm_train_000804.wav,fil50_00973_ref_tagalog1_TIMER.wav,f88d0112dd1babb304bd3be97e86c27ffbeaf6a7a726f0f664dab77cfff04829
vcm_train_000807.wav,fil50_09258_ref_tagalog4_ALARM.wav,196886de6a44b2793eeef9e8d6277bf8320fe7058c79fb162ac4c9aa4df1ac17
vcm_train_000808.wav,fil50_12638_ref_tagalog8_MESSAGE.wav,ae42d98cac970d3f7a568eded07282905c452782bdaedc0a4272b05354561ac3
vcm_train_000810.wav,fil50_05999_ref_tagalog15_MESSAGE.wav,391d8192231ba3e02f181e9d6a72c115bb53074eadf43ef7d3fce9b9a927d1e3
vcm_train_000814.wav,fil50_10963_ref_tagalog6_NEXT.wav,e31a2593b7130986c4301381adf20d7ead1ad57ecb7169dfab0de85c9a965f8f
vcm_train_000815.wav,fil50_10093_ref_tagalog5_CREATE_REMINDER.wav,95ac352b3355a9288ad1cb997fc87a093f671c8d093d57d5ad36baaf23597b98
vcm_train_000817.wav,fil50_11776_ref_tagalog7_LIGHT_ON.wav,583dc2ac1bce45a0ce247bd82dc117c52125f2350da9e750f630a424a5528ab4
vcm_train_000818.wav,fil50_02633_ref_tagalog11_LIGHT_ON.wav,fa44e3bc1c4c8a880e709e66b9a000715c2a5cf341f169ab0848f03036c02148
vcm_train_000819.wav,fil50_13433_ref_tagalog9_TIMER.wav,64f00ab340d3b5b119ca8c419e0630c6c377e88c23b684610c77cf70cd92c928
vcm_train_000820.wav,fil50_08412_ref_tagalog3_ALARM.wav,9dc6428254a522e6d27cfead6327906067cf9a02c62595e6ab8d72daa92a48a3
vcm_train_000821.wav,fil50_00975_ref_tagalog1_CREATE_REMINDER.wav,21cdceeffee3d3635b089ec938591fe34137a8fc76540defb46e3fb2aac62b3c
vcm_train_000822.wav,fil50_07499_ref_tagalog2_TIME.wav,064857114404ccf5c4d41dee0e818c0525f8f090698de5f12d641b10fcb6a793
vcm_train_000823.wav,fil50_04291_ref_tagalog13_LIST_REMINDERS.wav,396d6aac6ca9a177daf050c9dd2e9e5b6c406e847dacd868dcc80d80d04728c1
vcm_train_000825.wav,fil50_12640_ref_tagalog8_ALARM.wav,e7ec13da2def326c07ad3118cba1a3f0bdfee846ed27d795b8ca9426585dcf86
vcm_train_000829.wav,fil50_03424_ref_tagalog12_LIGHT_ON.wav,8d70e394775a12b3f3900dff4089dd16da9a01f43f62a4129ff799fb33d944fc
vcm_train_000832.wav,fil50_10094_ref_tagalog5_VOLUME_UP.wav,8e3fb8e4d96c44bedd655ee7d354fcdce02698e99b0497d3d88fd1e92712c416
vcm_train_000833.wav,fil50_01802_ref_tagalog10_BRIGHTNESS.wav,9b5e759a5717156a921e9f067d41c76c8a54f436c5a726f673827ceba5751ba6
vcm_train_000835.wav,fil50_02634_ref_tagalog11_BRIGHTNESS.wav,857a177dbab144d766d5f3a59ab3a4bbe82910bd38211fd2e7ebd41ae238fe8e
vcm_train_000837.wav,fil50_08414_ref_tagalog3_ALARM.wav,cc5e59ad5fa3410078ed3e1ded34fc66f8b4ed852d1f3c2030726096c59d4ab8
vcm_train_000847.wav,fil50_00129_ref_ilonggo1_WEATHER.wav,9702aad6be1d3890b1746236e46df56e874d4bdcc0f2a2d24170545c001ee41c
vcm_train_000848.wav,fil50_10965_ref_tagalog6_CREATE_REMINDER.wav,f254503ad75629ba8e05a998d51738142e44f05ceb56e0d37f2a5d71d1655b0e
vcm_train_000851.wav,fil50_11778_ref_tagalog7_NEXT.wav,904c6e95867ad49db9e362a426c10e4cf51ecc8c5b68673f6c1491e89945b990
vcm_train_000853.wav,,275ef151aedd6c8cf3938f3e8e999cf6f39039e2bce02d863cccbfaf4c736427
vcm_train_000857.wav,fil50_04292_ref_tagalog13_NEXT.wav,1bb822be48f50d354202a09a6355b86986171c769fb737ffc60b59a18437a35f
vcm_train_000860.wav,fil50_05140_ref_tagalog14_BRIGHTNESS.wav,338cfdb72d5bcb58db7fe78efcf5352b0ff6ca3c3ca454d59b55478f3b2e15d5
vcm_train_000863.wav,fil50_03426_ref_tagalog12_ALARM.wav,45ddaf50566762f5a3cefc7052068d75034bfc912d278030a5659beb7cc5a4df
vcm_train_000864.wav,fil50_00130_ref_ilonggo1_LIGHT_ON.wav,0007f6eb3fb684a59fe647a16a7db6548e868b1cbfaf5857b7220eaf7c9ccb53
vcm_train_000865.wav,fil50_10967_ref_tagalog6_STOP.wav,a320324e921a42f2a51b7433facb3fa78b20f79b37efa8602adc08f81aa009ee
vcm_train_000866.wav,fil50_10095_ref_tagalog5_VOLUME_DOWN.wav,b151ae630611c98b39434c8bd51aa7a5cdb03a24809b53dfe9ca26d965bb1f32
vcm_train_000867.wav,fil50_01803_ref_tagalog10_TIME.wav,b7cc133fed26a4f76126e5da54a5e30b4987ebb14055ea21de2728064476134e
vcm_train_000869.wav,fil50_02636_ref_tagalog11_NEXT.wav,d91232fe77db7ee28f3111d16c82aefa1e1d5e16b54c56be9f6940720556d511
vcm_train_000870.wav,,4c4457ee470f53aacba4b313ee2be2b8b6ee7faceda202f959aacf84e44d7f9f
vcm_train_000871.wav,fil50_08415_ref_tagalog3_PLAY_MUSIC.wav,2ac8eec846b0481594b59e9ab8c0c1b046bb890c105b309ffdd669951d40e479
vcm_train_000875.wav,fil50_09260_ref_tagalog4_TEMPERATURE.wav,4191c927acbb506557d203db07d6f547ac76f465092f3cab1a1edd75cd1df2de
vcm_train_000876.wav,fil50_12641_ref_tagalog8_TIMER.wav,43ce63140a6f149424dfe08e12ed7361c49b7446a05e9bc8f4948e531593879c
vcm_train_000877.wav,fil50_05142_ref_tagalog14_VOLUME_UP.wav,0613147c7d6960d233505eab1f355cf2a5a7e6db35dbf6488578b14ba9988013
vcm_train_000878.wav,fil50_06001_ref_tagalog15_CREATE_REMINDER.wav,63fc8741bfd2fcd34c2d65c528292d5d025f2c8fb29ced1e09bcb3a483a10ac1
vcm_train_000879.wav,fil50_06791_ref_tagalog16_BRIGHTNESS.wav,0ae184817e0126c2897079f78d2fe14a31eb433529d36d1fdf01e8517b10c83e
vcm_train_000884.wav,fil50_01804_ref_tagalog10_MESSAGE.wav,4af4dd5d759bd8297a47d698f783c382f3acfa6f50982dbda67df5b1fab6183a
vcm_train_000885.wav,fil50_11779_ref_tagalog7_TEMPERATURE.wav,ae8fec1aa5280911d1f4683fa1ff2c0bc48d9fb5d525ce8f464f64723afd9eaf
vcm_train_000886.wav,fil50_02638_ref_tagalog11_ALARM.wav,93bb70143745bc0d6210edb7bbec3865662a92198e9d00f8d94bb91f6a72e7e0
vcm_train_000888.wav,fil50_08416_ref_tagalog3_TEMPERATURE.wav,9033d9180ba086a01092059a4afda1394c32f5d8b7c41b61b5725f18c3e8ef07
vcm_train_000889.wav,fil50_00977_ref_tagalog1_TIMER.wav,fc6ac20189fe8820452cecaacbaab6d3a396b6e9981fb6b1e6d3c0efa2ee6722
vcm_train_000891.wav,fil50_04293_ref_tagalog13_TEMPERATURE.wav,b2ce2cd5a3728b323775d6db61fa117be6a63cddafd72763b87f74c431a7be91
vcm_train_000892.wav,fil50_09262_ref_tagalog4_CREATE_REMINDER.wav,b85ad892b14fc08924e5cced7bf5ed02b51fd26ad6bba186799a84fde9bb190a
vcm_train_000894.wav,fil50_05143_ref_tagalog14_PLAY_MUSIC.wav,7de7058d52fc68ebfdc9f776803bde34301f43c98337d5bb0a4892c7935f92d5
vcm_train_000897.wav,fil50_03428_ref_tagalog12_TEMPERATURE.wav,30bb5e0f087b0a20e45acb7e108b71687f04c2e0e955c70237607a13a06bd5ff
vcm_train_000903.wav,fil50_02639_ref_tagalog11_BRIGHTNESS.wav,5828c6d2bf0f6804fc85a303bb294dde920a12496a80abcdedcabcf9e7cb9603
vcm_train_000906.wav,fil50_00979_ref_tagalog1_PAUSE.wav,a4874e26ffd9f8385223d4dcc4b1fe3506cbc4d290610c7ba0cc801afb66f526
vcm_train_000908.wav,fil50_04295_ref_tagalog13_PLAY_MUSIC.wav,c5a5d4e6e9e897dce1321a804a4334b42fcbaf13d3688fe1568ca6b0ccdb461e
vcm_train_000911.wav,fil50_05145_ref_tagalog14_COLOR.wav,a181df542be3b19d5b563e48c0ef391574325fe98fa20e519492b8b9674d29b8
vcm_train_000912.wav,fil50_06003_ref_tagalog15_CREATE_REMINDER.wav,e53748e78687a465fa1c0a18b64781c122e623eaf268f3ef233b60b293b282a7
vcm_train_000913.wav,fil50_06792_ref_tagalog16_ALARM.wav,2a281bcf31ff2d8cbbbed97bd100e9c48e9f1c9391120391324e2a0547952fce
vcm_train_000914.wav,fil50_03430_ref_tagalog12_TEMPERATURE.wav,c2cc3935942323d54759e9cfeed3de06658044298ebfd5d1fee7899f4f0a8c10
vcm_train_000916.wav,fil50_10969_ref_tagalog6_TEMPERATURE.wav,bb85804bc187d3c3a46d2d95117c550a58ae8bbb10f33edf7d0b0b8f2b50b66a
vcm_train_000917.wav,fil50_10096_ref_tagalog5_WEATHER.wav,6a0f9d4415445da333c4c86de696f70f74276087ce0463225be1e1bd1a251571
vcm_train_000918.wav,fil50_01806_ref_tagalog10_LIST_REMINDERS.wav,00e5bebdc0412726a628f2e6eb6403ef777cbf72009c436b100aca867f54c02f
vcm_train_000920.wav,fil50_02640_ref_tagalog11_COLOR.wav,ca52f8cb86f41ad1ae1be2805a16e56526f390dc0ccbfd42d5091da861c68c0c
vcm_train_000922.wav,fil50_08417_ref_tagalog3_NEXT.wav,771ba32009396ceb412ed88ad3cd0907334348b630fdeabd64c1d8031bcbfd4b
vcm_train_000926.wav,fil50_09263_ref_tagalog4_PLAY_MUSIC.wav,4a5d4710406f5f07aa54d22b96077a30792f66a9bff8b25a329748db7ddab64d
vcm_train_000931.wav,fil50_03431_ref_tagalog12_CREATE_REMINDER.wav,b27e268184f9eaaaccb17d0815a6e79af62e789812d21b2401c125d044775262
vcm_train_000938.wav,fil50_13434_ref_tagalog9_MESSAGE.wav,267e2137b5c3b216295214118f904772d92f9ea0013cf8fb376a1044b22c1a2a
vcm_train_000939.wav,fil50_08419_ref_tagalog3_PLAY_MUSIC.wav,7f71720a2cabd9d134942f7d30e847c50123198a57e55a09d596b9d060acfcec
vcm_train_000940.wav,fil50_00980_ref_tagalog1_TEMPERATURE.wav,849d535b3816602f96a94582daa0efb30534b375622c86b6985080dab8ca3fb6
vcm_train_000942.wav,fil50_04296_ref_tagalog13_STOP.wav,551845e556d0666802fed49da9f03e4b359689e68b7e73cd4c002977b4cdf2f4
vcm_train_000943.wav,fil50_09265_ref_tagalog4_COLOR.wav,548a201059193fe4a3657d9b1545777ef889f10a43798ad5e987efb410c3782b
vcm_train_000944.wav,fil50_12643_ref_tagalog8_VOLUME_DOWN.wav,dcffc22a1f97ee2aead67dae2426a91e9037fd57b65ce9b5667e96b1e30421dd
vcm_train_000945.wav,fil50_05147_ref_tagalog14_PLAY_MUSIC.wav,a25ae47d410adabd8c728500cf0aa38f8f91366bf3f8f4a40d57a6a389f13f7f
vcm_train_000948.wav,fil50_03432_ref_tagalog12_TEMPERATURE.wav,796b92c1573f9b76ad5baff3324c9c29eb1e8be3a521b3f61c0966e94e1b4310
vcm_train_000949.wav,fil50_00131_ref_ilonggo1_MESSAGE.wav,4fd281708955710bb4d794cbbcc4a20d889460d2655bbd1352ae4a959698c52b
vcm_train_000951.wav,fil50_10098_ref_tagalog5_COLOR.wav,dc7621c7b7144220249e39ed72cad8c571c2c8f8ba4dbf9b0e3430e289a22862
vcm_train_000952.wav,fil50_01807_ref_tagalog10_NEXT.wav,716f62f7c64a6a4dadbd5521bfe459a72794e9c6d8c17894c44e088aa036b796
vcm_train_000955.wav,fil50_13435_ref_tagalog9_TEMPERATURE.wav,5a1bf4f93b951fe97ad3748d10ee7738f53dc8bc1e66d290b5e9823d0451f885
vcm_train_000957.wav,fil50_00981_ref_tagalog1_TIMER.wav,0610031a7d7d15ec9418d03d196941e55b23a8ac6a29778e8f1a8fa9ee9861c4
vcm_train_000958.wav,fil50_07501_ref_tagalog2_COLOR.wav,281d584bf455c8c3b2b8e045dce01cf3eccc18219eb1c743d842243b7de9bdbe
vcm_train_000959.wav,fil50_04298_ref_tagalog13_PLAY_MUSIC.wav,7333ca17d383b8a7ff0d6d1017c1ec5aa96a54eaab66dd2de9baa2b1050e69d0
vcm_train_000960.wav,fil50_09267_ref_tagalog4_ALARM.wav,b54b42edfd5406963fd86a956cf6e62c271f60cae2301a546134583285415d6b
vcm_train_000961.wav,fil50_12645_ref_tagalog8_TIMER.wav,19e7ffdf31806046a416b53ec2535a27c72b4044a4c464b3113ced7d56f3711f
vcm_train_000962.wav,fil50_05149_ref_tagalog14_ALARM.wav,dfa40bb614aac88ca2ccc72902cf5a8b7010c8f24b55b9f80179fa87dd10b0a3
vcm_train_000963.wav,fil50_06005_ref_tagalog15_COLOR.wav,11d67fc2be14f2ce47d1a95d6c49bdfe221ebac5d2c5d2dbc7854525b980bb06
vcm_train_000965.wav,fil50_03433_ref_tagalog12_NEXT.wav,20f21742d9cf0f804bb2fff69b1787dc55d63631189ec4b88f447adbd9d74b7b
vcm_train_000966.wav,fil50_00133_ref_ilonggo1_COLOR.wav,359a0cf2eb34403637e4136f9c28cbf7019cb44f100b04a41f6bc3360f56b17f
vcm_train_000967.wav,fil50_10971_ref_tagalog6_NEXT.wav,279c6d998eb55b251f576b213e3187dfd066ef66e824d32a3813f65189218d45
vcm_train_000968.wav,fil50_10100_ref_tagalog5_CREATE_REMINDER.wav,d287a485dd7fa91480c79abfea7e5bd044b2c04133b5844425fd1513f2ad085b
vcm_train_000969.wav,fil50_01808_ref_tagalog10_LIGHT_ON.wav,2141736d740429b7514e6640f92426ceb7d83f08d40db9d068c83aceab05392a
vcm_train_000970.wav,fil50_11780_ref_tagalog7_PLAY_MUSIC.wav,aa6b407ea03d4cc3b96e26400e017992a7ddafca3cb770c68ba0da25f4dd119b
vcm_train_000972.wav,fil50_13437_ref_tagalog9_TIME.wav,73deae224993b7bdc3c5a591810a7f2559d53e2c95d506927695e82b8b8f55a6
vcm_train_000973.wav,fil50_08420_ref_tagalog3_CREATE_REMINDER.wav,e371c0c18655628f1a3bbf0ec81006e7644386580db267089326246f4d1acec4
vcm_train_000974.wav,fil50_00982_ref_tagalog1_VOLUME_UP.wav,997cf760e8fef094323c4fb42151bf5145fa03109b9c03e1c2809ebab92450d8
vcm_train_000976.wav,fil50_04300_ref_tagalog13_TIMER.wav,fc68d89db2a9f51a973e2991756e23ebf31eb5ab9ee512c6c7d5a4098719e0d5
vcm_train_000979.wav,fil50_05150_ref_tagalog14_LIGHT_OFF.wav,469ebb114a6bb9d29fd477962cb2874550c9c07bfacc5df60d2d577c73784bdb
vcm_train_000984.wav,fil50_10973_ref_tagalog6_PAUSE.wav,5891e91d10a0d8f8c822941aefd56cc36c7787c65267b7791db7570fd219a175
vcm_train_000985.wav,fil50_10102_ref_tagalog5_BRIGHTNESS.wav,a13e1682a184ad09629ff1a02a2991c6f4a14f547bcec9e889dc47e2c34a9646
vcm_train_000986.wav,fil50_01809_ref_tagalog10_LIST_REMINDERS.wav,1113d18ad7a8a85ab7c279155d5a674c0e08b91362bf0a07fac2ce213a6cf306
vcm_train_000987.wav,fil50_11782_ref_tagalog7_TEMPERATURE.wav,b78cfe4c18b60413ae7e7603d65947ebc9d62c110b0c0177ae8b699318166938
vcm_train_000988.wav,fil50_02641_ref_tagalog11_VOLUME_DOWN.wav,8b818832f8905b9b5594791522d3a1161d04cce9ffbbee74eb86e42206c11639
vcm_train_000990.wav,fil50_08421_ref_tagalog3_STOP.wav,2e1f99187d79d60fc1bb155478b8813d67c3bee6874f385f2e6f75b6769f1c6b
vcm_train_000992.wav,fil50_07503_ref_tagalog2_WEATHER.wav,b5a84cc3f775e453788756f54530b38e00b81c3fe03b7bc438b06707ae166f1d
vcm_train_000993.wav,fil50_04301_ref_tagalog13_TEMPERATURE.wav,af41d1c50ab6f69e06be5fc010569671882b12dca28d40597e579ea3efd537a8
vcm_train_000994.wav,fil50_09268_ref_tagalog4_NEXT.wav,27d8377b5e28b78b33bd8d38be1f62b99ad7781298ff6e9727255e2cb8c98bf6
vcm_train_000995.wav,fil50_12646_ref_tagalog8_COLOR.wav,ebd5b967bb83d3a840035cbd70bdb4a061c9a6ba438ff0db73a077ebb98ae76f
vcm_train_000998.wav,fil50_06793_ref_tagalog16_CREATE_REMINDER.wav,5e24de7aa8f6194a6bbb1224a77a624d71532659e0a755b76c10acc61b0c4526
vcm_train_000999.wav,fil50_03435_ref_tagalog12_STOP.wav,3e16015f7ed71c12c8e3b1b2f78ccf656a4fed17f108042ee6c46e46a908484c
vcm_train_001001.wav,fil50_10974_ref_tagalog6_TEMPERATURE.wav,05764f33776ac926a3c05b068e46eaca8f8d319e348b9a8668f28976c340bc50
vcm_train_001003.wav,fil50_01811_ref_tagalog10_TEMPERATURE.wav,086863bf04230af101df1b551599b6186931301323ea178c7a0589ed0f977608
vcm_train_001006.wav,fil50_13438_ref_tagalog9_LIGHT_OFF.wav,924bb1c66063d0949ca3ed8862a849f39842565144c364b607c4c7b32622a7e5
vcm_train_001007.wav,fil50_08422_ref_tagalog3_NEXT.wav,4f49f6dfebd954e43dfe81a297b6bf52ae5584634953880aca33272117c8e975
vcm_train_001012.wav,fil50_12648_ref_tagalog8_NEXT.wav,9ad13bf1de1c0d227988ad67027d84184d4c343de7564e23e59f088dab568083
vcm_train_001013.wav,fil50_05152_ref_tagalog14_LIGHT_OFF.wav,30096a7269a487e37347b029930a017359361a9d24e241bccc4bff35ba955802
vcm_train_001014.wav,fil50_06007_ref_tagalog15_VOLUME_DOWN.wav,6a66c4ac91e8ea4454a370147012b78085ccaff9b620111f6b1c589f5b3c126b
vcm_train_001015.wav,fil50_06795_ref_tagalog16_COLOR.wav,e2e7e9480a2420d09ddfc81da43b471eee0060ffdca2c6a5ccd77670777ffc54
vcm_train_001016.wav,fil50_03436_ref_tagalog12_COLOR.wav,0f703c410d544cd0ea2efd52ada63f5cefd63dce6e302cabf1922381f54b209c
vcm_train_001018.wav,fil50_10975_ref_tagalog6_TIME.wav,263f027628312be1d331cd8f58d813719a2cdd115e9d58b2765898f280b6a4f0
vcm_train_001019.wav,fil50_10104_ref_tagalog5_CALL.wav,8287188421b05db25fca24d94841ac6790b339870d1b5109cd17fd30842c6f0b
vcm_train_001020.wav,fil50_01812_ref_tagalog10_TIMER.wav,1ff6c3e03edcd824f1db0140f0952b68b5eb700d7b4c6d597e0ec176f8bab7e6
vcm_train_001021.wav,fil50_11784_ref_tagalog7_TIMER.wav,3565b1beb59182e167c8f357269de5182109ab356445f88bdee45a33dd1a2323
vcm_train_001022.wav,fil50_02642_ref_tagalog11_COLOR.wav,df4e6d5b7c02761061dc028a5c0804722ba77e562601420b01ca3a6517f1de26
vcm_train_001023.wav,fil50_13439_ref_tagalog9_ALARM.wav,468a22f30c207a7ccca9d8eb050a9475dd0cbde98d53859337a6a1b79d93365b
vcm_train_001024.wav,fil50_08424_ref_tagalog3_TIMER.wav,8c1d51c00976b0d45a6c107006068c9935aa5d34f39c38d456713a17db6a65d3
vcm_train_001026.wav,fil50_07504_ref_tagalog2_ALARM.wav,c14b20cbb287f894c16c74d8ef7773cac5b1ff55b5a41b9dcf825035056d36ff
vcm_train_001028.wav,fil50_09269_ref_tagalog4_VOLUME_DOWN.wav,3fbe2976403dcdab16645c4e6e9b622e7ff5949a2c20b5b43b59d72c4f4b0e58
vcm_train_001031.wav,fil50_06008_ref_tagalog15_TIMER.wav,1f59acc0d2fd7b329a9a505965cb0c1439ad2e681a5bec27287aac20b0145302
vcm_train_001032.wav,fil50_06796_ref_tagalog16_CREATE_REMINDER.wav,f2b08e74a239df2f1319f03bc05feb7220be4524ea39f3211b0557257e2eff10
vcm_train_001033.wav,fil50_03437_ref_tagalog12_LIGHT_OFF.wav,2d9e5c47193a86b5be9339fb014b3026fcd26944a4002c8e12adb99e69a93cf1
vcm_train_001035.wav,fil50_10976_ref_tagalog6_TEMPERATURE.wav,1f3b6f32e867f5cf2c88973b1abb91922ea0b8292e1ef7dc4e8dae9f4eb3f21e
vcm_train_001036.wav,fil50_10105_ref_tagalog5_VOLUME_UP.wav,4296545f3d0a760d0bbdae937c83291f5ced9ac406a1d5f630d129e5650eb3cb
vcm_train_001037.wav,,1a7d915627051e467798a58acc5a17bf3c01086539d9dd6265a19afc4626d7c9
vcm_train_001038.wav,fil50_11785_ref_tagalog7_LIGHT_OFF.wav,c9eb66d8bc9a1a1a2c88213f6cb4b94a3b7ac0278d7a491ba8d042c526e31c37
vcm_train_001040.wav,fil50_13441_ref_tagalog9_COLOR.wav,35b94560c50c41d7a11cc7ac19578bca2590a827bbe6dbe85b9657198a4c42ec
vcm_train_001041.wav,fil50_08425_ref_tagalog3_LIGHT_ON.wav,39ff109c8cc1f7544d200ea160381058f99246060c80158b8c0fd09e8c954afd
vcm_train_001043.wav,fil50_07506_ref_tagalog2_VOLUME_UP.wav,5a4bc5ef2ca92f59b2e3064f3661177bf7610b2fb5a44d315cbe6737f2c198a7
vcm_train_001044.wav,fil50_04303_ref_tagalog13_LIST_REMINDERS.wav,9ef1661e758e9cd3c6b978c2ff99ef31c3913c2e18949f2eebb5d6ad00c3fb56
vcm_train_001045.wav,fil50_09270_ref_tagalog4_ALARM.wav,8e9b5596a2fee6113dbefbc6815698a072b9aa48e48b2e701847c46edd08747c
vcm_train_001047.wav,fil50_05153_ref_tagalog14_TIME.wav,7920ac7eb40ec25636a51462fd18d4f0bac615e2b6f247faba57c615c2f98531
vcm_train_001051.wav,fil50_00135_ref_ilonggo1_TIMER.wav,4650c12f123328c54e81748e757176ad6f5a0f90674c882901ed8f66bf89cc72
vcm_train_001052.wav,fil50_10977_ref_tagalog6_CREATE_REMINDER.wav,132d2fd7d1f32c4c4cbee9ac0b03901f847a514f2985c6603dd946466bdd3bd5
vcm_train_001053.wav,fil50_10107_ref_tagalog5_TEMPERATURE.wav,c2fc171e8bb5d19e2fe1bc5672866bcea55fa0928fb69bc3ba8a1357f7b1d778
vcm_train_001056.wav,fil50_02643_ref_tagalog11_COLOR.wav,d605d059c76509508dd37b4b27e8d30543d9e69ef229b20b10999883df31fbf3
vcm_train_001057.wav,fil50_13442_ref_tagalog9_STOP.wav,8f4f152f3debb436b554b13edf4b453407196baaf331178cc6c1b2be32585a03
vcm_train_001058.wav,fil50_08427_ref_tagalog3_BRIGHTNESS.wav,6d45480212f184548e0d0e4647f3d5c1bc152a449780e47e91633fb05f81117e
vcm_train_001059.wav,fil50_00984_ref_tagalog1_NEXT.wav,20acc887776d15bb2b39205af900ac1b9d06ea7c9476a61498e62aaafb6f9fda
vcm_train_001060.wav,fil50_07507_ref_tagalog2_TIMER.wav,19f805e14b9e6793bd89bece84451ee10ea664b456e50c577eb44ca77464b39a
vcm_train_001064.wav,fil50_05154_ref_tagalog14_TIME.wav,47663d0278ae6ae49f1b74593d302ef89992741b66c789422fb48ed6ad4ff103
vcm_train_001065.wav,fil50_06009_ref_tagalog15_COLOR.wav,7dfd1f8e105080abb936bdf243484a98e2c4aeeb6fd5f9d4a238a66a372433bd
vcm_train_001069.wav,fil50_10979_ref_tagalog6_BRIGHTNESS.wav,a702cac23fa722633b1df57ed4a1f925e8f04a4f6b9c2d9f2b023c89cb89b80d
vcm_train_001070.wav,fil50_10109_ref_tagalog5_CREATE_REMINDER.wav,181a27c36a5cbb5ede706b20118749df9bd1def66fccc277545cac92c84966c1
vcm_train_001071.wav,fil50_01813_ref_tagalog10_TEMPERATURE.wav,1cf6a596eeb46d489ceca7b63e2e5c681a84a6b9abd650ab4a450c1be9a96558
vcm_train_001072.wav,fil50_11786_ref_tagalog7_TEMPERATURE.wav,890c84f39de6ca7b2f23d30ff0ed496f58e24af8c5e93083a042db8a9f7b170d
vcm_train_001073.wav,fil50_02645_ref_tagalog11_LIGHT_OFF.wav,0dabeae144d6494e370304df9cde3356976e430d89c6b791385143be4d07e506
vcm_train_001075.wav,fil50_08428_ref_tagalog3_TIMER.wav,69bfad8bd8fba5a77cdd1a59b58294dc08ef44430f6a00c233220d79c2173669
vcm_train_001077.wav,fil50_07508_ref_tagalog2_ALARM.wav,00e1d39970fa37e22f7154b2d39b9b1a867294b0e3d93e413e3e8f71af169431
vcm_train_001078.wav,fil50_04304_ref_tagalog13_NEXT.wav,6adb6a2e30f0fe4e4388769174e8aba2d13463fe8d1c51532d37856982427762
vcm_train_001079.wav,fil50_09272_ref_tagalog4_TIMER.wav,9b743479e03555f3763121a0d57ef3510a8533a82a37a0bf87934708db7eafde
vcm_train_001081.wav,fil50_05155_ref_tagalog14_CREATE_REMINDER.wav,3b892be3a58e5418973beca19a5b647aec758a44e3eb4f02a7609817d8a7d950
vcm_train_001082.wav,fil50_06011_ref_tagalog15_NEXT.wav,12e4ac75c600f00a980201ecef84192673d0ae96ca2a138e7434ed96c421c738
vcm_train_001085.wav,fil50_00136_ref_ilonggo1_TEMPERATURE.wav,bd8bb7dd153b5daaeda728accfc32344dc626199e54ec884be1eb7549fb82419
vcm_train_001087.wav,fil50_10110_ref_tagalog5_VOLUME_DOWN.wav,dfa02ff47da14006b0b414ffa100ebc44baaeaa0183f20f6fb851267c270100e
vcm_train_001089.wav,fil50_11787_ref_tagalog7_LIGHT_ON.wav,ace4581a789f0fd0e82f277d5825f55936af4029a5f519906c29e6ff0eff328a
vcm_train_001093.wav,fil50_00985_ref_tagalog1_TEMPERATURE.wav,eed46b2fa2f70a7bc6f97a5cac166cc64e15b77cb7ab6205cb7e9cbeee48c790
vcm_train_001094.wav,fil50_07510_ref_tagalog2_BRIGHTNESS.wav,54d8c235e5f8f307f718c5e9e32ce22a68af50067705f3731fdb3188e8ddc99b
vcm_train_001095.wav,fil50_04306_ref_tagalog13_TIME.wav,0f87f1eff7bba9cd5140741f8f07220d1060f77a09a76d13b472d24718dd8ac2
vcm_train_001097.wav,fil50_12649_ref_tagalog8_NEXT.wav,5a9d8dfd1b74161d45cbabcc386c1e1a21266e99aeee8bea017af6312af214e8
vcm_train_001098.wav,fil50_05157_ref_tagalog14_BRIGHTNESS.wav,9c4a78ea30c4910ba86f9aca908a3246ee1dffbf03b742e290fbbec806167361
vcm_train_001100.wav,fil50_06797_ref_tagalog16_COLOR.wav,7107ec3dfb3a2f5670c7a86fc5e1c7cf35767451a72f50d2313cb8033d454ded
vcm_train_001101.wav,fil50_03438_ref_tagalog12_COLOR.wav,8859fc4bb5652e6ed4982f9c7b2227b844b93b1181ab4c72655146a9e020a637
vcm_train_001102.wav,fil50_00137_ref_ilonggo1_TIMER.wav,9971468baf50b5889e5d4d51bac21871278c7a6785fa677cb5c5757f68bd93ec
vcm_train_001104.wav,fil50_10112_ref_tagalog5_CREATE_REMINDER.wav,ebd440876875f362a1cd589290b242332e55666e06dcd07ed4829da6aa7afb2d
vcm_train_001105.wav,fil50_01814_ref_tagalog10_LIGHT_ON.wav,10f30bff579fca2ebdbb724cea2fda8eafe425a0dbc1693b2688177018f025b3
vcm_train_001106.wav,fil50_11788_ref_tagalog7_TEMPERATURE.wav,54106cf8a80cacb9b89a5f2d7a18ac4f1b5221ac2a7a1c2f1b7fd1235e9a293e
vcm_train_001107.wav,fil50_02647_ref_tagalog11_COLOR.wav,47a15efe5c5c647ac07f8fca28f64fe11763c8fd276508a278012eb9cf8b3427
vcm_train_001108.wav,fil50_13444_ref_tagalog9_CREATE_REMINDER.wav,195d065f6b4de8c0cd63e30b40ecde75cca7766f160fbb9cada0742e0834b5cf
vcm_train_001109.wav,fil50_08429_ref_tagalog3_CREATE_REMINDER.wav,c7cfab96dde1e274e8209f0f63a17e69bedef98dc205c5b3d0b3d4d908111d23
vcm_train_001110.wav,fil50_00987_ref_tagalog1_NEXT.wav,a3f2993ad3e26463d5ee919463146a18a47197754a3ea4cbe84fd1f2aef5ec31
vcm_train_001111.wav,fil50_07511_ref_tagalog2_BRIGHTNESS.wav,6b5b2f41c4cf449cafcbabcb1e8991f9191197f5c3707341b626f3b78b909b27
vcm_train_001112.wav,fil50_04308_ref_tagalog13_LIGHT_OFF.wav,dc8b91d8c147f4523494b8d15dac87f6e072abf2427154130c3d1989da489999
vcm_train_001113.wav,fil50_09274_ref_tagalog4_VOLUME_UP.wav,43f771c2e6b6ee20862c4a70b7d71e97a273cac3eedce7e4d54d3e680ce6c0d9
vcm_train_001114.wav,fil50_12651_ref_tagalog8_LIGHT_OFF.wav,f75362f59b92ad052c58825c6c7ceb03e232372d9e9206468f36e4601c10f807
vcm_train_001115.wav,fil50_05158_ref_tagalog14_TIMER.wav,ed168a023b173e35870bc7ad8882c77113bbd8e38c1cc479c50e8715c611ea76
vcm_train_001119.wav,fil50_00138_ref_ilonggo1_LIGHT_ON.wav,6b382c20293aa51a583bb733ec51299d49b1a2f75455a312f67f08d6f78cc5a4
vcm_train_001120.wav,fil50_10981_ref_tagalog6_BRIGHTNESS.wav,216459f02615dbb7df60e36b54d2a7b3305ffcecdfa0aa9682f8cf79e321f4c7
vcm_train_001121.wav,fil50_10113_ref_tagalog5_TEMPERATURE.wav,42e9d92d125e751361ee82965754e55594d09964601d1c2cf00a27ee4dad2189
vcm_train_001123.wav,fil50_11789_ref_tagalog7_PLAY_MUSIC.wav,9125b087095969856159a6d50726de86deb2b635f229fa16517dc4efbd8f1087
vcm_train_001130.wav,fil50_09275_ref_tagalog4_TIMER.wav,61d9dc597eba76ad7cd710bf1d4427592cd8e92c828a711eab7f1a26cf862702
vcm_train_001132.wav,fil50_05160_ref_tagalog14_CREATE_REMINDER.wav,c802849d3f0d7ce2553e5331119fd2ed0627218f8c0bb28c48ac565eceff4b3f
vcm_train_001133.wav,fil50_06012_ref_tagalog15_VOLUME_UP.wav,4a3125465f17286f378ae2ba73d3075cb35e84d159624bbfc5277bcb2fb37d98
vcm_train_001134.wav,fil50_06798_ref_tagalog16_VOLUME_DOWN.wav,eb2c871ea53a5d2163535be33d1bf6c4d8eaec3fbe2a28a3a4eeee1557af96e2
vcm_train_001135.wav,fil50_03440_ref_tagalog12_CREATE_REMINDER.wav,6fd1970dc98af169019b5cec1171f95d723b177fdadfddd0e43d983296e1f4cb
vcm_train_001136.wav,fil50_00139_ref_ilonggo1_NEXT.wav,e1811de4860c48bf0459df0713baa897ee8cc6f61d0c12d223326596139db6a2
vcm_train_001141.wav,fil50_02648_ref_tagalog11_NEXT.wav,8bd3db19c6eed3b88a0ade3a1901c1e744e7ff5b4929236b2ac9aa69f2c16b1f
vcm_train_001142.wav,fil50_13445_ref_tagalog9_TEMPERATURE.wav,4bff7adfec1a617787880eab13cf7012dbafc177f3dd5cb7791f1a7c303dc60a
vcm_train_001143.wav,fil50_08430_ref_tagalog3_VOLUME_UP.wav,c7a82c05856c9af9cce074aad2657cd83936baf29310ce9f0c24ef77423db078
vcm_train_001144.wav,fil50_00988_ref_tagalog1_LIST_REMINDERS.wav,365bb3aafc2c1452960137bf0e2f423c0cb5f043f68e29a84d60d67cad60f08c
vcm_train_001145.wav,fil50_07512_ref_tagalog2_BRIGHTNESS.wav,1a47a32cbff83973eda7a0de078dce0982a752e043d62f19789e20bcb0e5157a
vcm_train_001146.wav,fil50_04310_ref_tagalog13_VOLUME_DOWN.wav,372798ebab90c74fe4ad3745790ff737f8cc67b01c3b7f927db994dd4f38ccd1
vcm_train_001149.wav,fil50_05162_ref_tagalog14_LIGHT_ON.wav,1f93243e5076280e55039ee4c5db66af5c5257f9145e035240980b8f16f259f4
vcm_train_001151.wav,fil50_06799_ref_tagalog16_STOP.wav,edbef071da77a3bdb1706ac1aa98caff27f77de5b26cf303398e1dd871aaa89b
vcm_train_001152.wav,fil50_03441_ref_tagalog12_MESSAGE.wav,95eff9c5291300084729c435a90cd9d9e867cb08ddaf232afcfa2402a67560e9
vcm_train_001155.wav,fil50_10114_ref_tagalog5_TEMPERATURE.wav,b5348248ebb7e7a5b1059c84365d7389ebb1afe681352a7c9841d8aef4b82992
vcm_train_001156.wav,fil50_01815_ref_tagalog10_CREATE_REMINDER.wav,b77d867a8123e0b2d074ff66775971a7f8f82ebb3c6c8819d05b632d8e099fec
vcm_train_001157.wav,fil50_11790_ref_tagalog7_NEXT.wav,d01ee42fde2a21ef38eead0ad375671e087d4d02134c8998790ff639611732a8
vcm_train_001159.wav,fil50_13447_ref_tagalog9_CREATE_REMINDER.wav,8dd5b4dda525a173a3f1392693919178b0ffcd25176cb6c3da038cf14ed3a445
vcm_train_001160.wav,fil50_08431_ref_tagalog3_COLOR.wav,907ad8d7e5ec08d4c3052cd15f12b7fe8438dd416dc313a27ff5749444c87b79
vcm_train_001161.wav,fil50_00990_ref_tagalog1_VOLUME_DOWN.wav,07bbb4e25c5df5309c268b9d9e286365f3a929f581b9c5657541501c472b35e3
vcm_train_001162.wav,fil50_07514_ref_tagalog2_VOLUME_UP.wav,42cb0d98aa9c452ad4cbfc7102d4a5a091793d7d61f0cde09b161435deae9a69
vcm_train_001163.wav,fil50_04312_ref_tagalog13_CREATE_REMINDER.wav,334b9309911ec50ac7b4b14be757b6023ce1390a27ffd6a1ebe5531ccfc907d2
vcm_train_001164.wav,fil50_09277_ref_tagalog4_BRIGHTNESS.wav,b844fe9029a5dd46b22ce0f55f2f1e82bb7b4ba3ef87c942e7f6aa145248792c
vcm_train_001166.wav,fil50_05163_ref_tagalog14_PLAY_MUSIC.wav,235de928c3ea5ad59a81bce77cb3e2dd4a8991ac8ec2baf87d023813ca6862af
vcm_train_001167.wav,fil50_06014_ref_tagalog15_NEXT.wav,6bb10f38581f844266680d2d5d6ca6827f746b3751a6bd82f5ec5b3f99e866fb
vcm_train_001170.wav,fil50_00141_ref_ilonggo1_NEXT.wav,9f489022a34d140be6f73bfe6499cd36827ec2325feda98007438c8dc0535c05
vcm_train_001174.wav,fil50_11792_ref_tagalog7_TEMPERATURE.wav,283a41758a96126c24a8cb936d90ddab048e3ce5171709c10cd19aaa4be36ed8
vcm_train_001177.wav,fil50_08433_ref_tagalog3_VOLUME_DOWN.wav,cea263d5b1ea57f2c19b0c922715fe6813882fc39f370f39bc40ad92df0676cd
vcm_train_001178.wav,fil50_00991_ref_tagalog1_ALARM.wav,3edfa49e46fbf05cb5b2fae5b2412976e22015b7aad285e7532d65404a50df23
vcm_train_001181.wav,fil50_09278_ref_tagalog4_NEXT.wav,7ebdaf402a2794790b4a5b271d56c321cd49bfc0d14f11e8de7c58f1a43b52a1
vcm_train_001184.wav,fil50_06016_ref_tagalog15_NEXT.wav,c1951506f3d06a45890056dad0f41e4c3f2548ff6e846b06d490c05b02db1dbb
vcm_train_001185.wav,fil50_06801_ref_tagalog16_COLOR.wav,c921078188f2cabc099fb69b5a449c738242f735e49a917fe5fb9009395c1c5b
vcm_train_001187.wav,fil50_00142_ref_ilonggo1_ALARM.wav,496d0cf301c837fa4ccf127fe72a595d448b57547f42659453e856d903f94a66
vcm_train_001189.wav,fil50_10116_ref_tagalog5_CREATE_REMINDER.wav,0e32e8fa0425628b490b4d5fe962c7e01abaca76069755fb272417a515c21522
vcm_train_001190.wav,fil50_01817_ref_tagalog10_NEXT.wav,d0f90a85c90a1557bf535b87c3bb9a371b07a6d0b1b5056f7f55b39e14498d89
vcm_train_001192.wav,fil50_02650_ref_tagalog11_TIMER.wav,bd5b8f5719247729b60658faeb1c8449d5f18a67447982ebbf95f6a86a24929d
vcm_train_001195.wav,fil50_00992_ref_tagalog1_LIGHT_ON.wav,bcd6f51aec3b044aabdb6b6a9b81c81cf4253db53c26e3b681442a0e9014bf4c
vcm_train_001196.wav,fil50_07515_ref_tagalog2_CREATE_REMINDER.wav,d5bf3cee70e49e6e081b1536104253c970ac0ea7c55598cff28d61289e74275e
vcm_train_001197.wav,fil50_04313_ref_tagalog13_VOLUME_DOWN.wav,417ce9d917edee7333d281ec328299faf03cbe2a4314289ff98138644ba13678
vcm_train_001198.wav,fil50_09279_ref_tagalog4_ALARM.wav,153ab863da397611312feb8c43cc74005182b8b13fa524b8c1f6fc708edaa259
vcm_train_001200.wav,fil50_05165_ref_tagalog14_COLOR.wav,d4256a964a05a82fe45b34595ec3f866c1f78ab2d0151a66dbe901c137404f35
vcm_train_001201.wav,fil50_06018_ref_tagalog15_LIGHT_OFF.wav,6c93a083718981b39d17ad511e66eba9f858fefb44f1a35cb050a67cea1f8430
vcm_train_001203.wav,fil50_03443_ref_tagalog12_VOLUME_DOWN.wav,c2127ad20eb3177b459d1ce15be40952fab0b53181c4618fee5d687ec955a4dd
vcm_train_001204.wav,fil50_00143_ref_ilonggo1_NEXT.wav,034926612e5b4ddde2cb8de8c34e23ea558ee6c2f653b74808852890b1f1c7b1
vcm_train_001205.wav,fil50_10983_ref_tagalog6_LIGHT_OFF.wav,0239900022a3ddb8f823b6273b09ca931676d5d1091f398492c5627069cf6508
vcm_train_001206.wav,fil50_10117_ref_tagalog5_TIMER.wav,c21a6ac20eb86c9a3219a519891fada2ccc865ad72fee4a882b3edacddc493d9
vcm_train_001207.wav,fil50_01818_ref_tagalog10_MESSAGE.wav,92f756eef713e1849e06dd62376d1325280b84fbfd51e6f9eb912e82d3207377
vcm_train_001210.wav,fil50_13448_ref_tagalog9_STOP.wav,efa9d37d1ec3c6440823d922441d0d4f75c7ba785f949e81b866bd2ff093c0c5
vcm_train_001213.wav,fil50_07516_ref_tagalog2_CALL.wav,bdf9384d73c02ebe42818dff2e5df1f4af80ce4eab59a6bd1354c6df32845e4a
vcm_train_001218.wav,fil50_06019_ref_tagalog15_PLAY_MUSIC.wav,4f54d41256013b9eddd32c9e8779a221c0f5f4bdf13049ed39dfc29abea68d4c
vcm_train_001219.wav,fil50_06802_ref_tagalog16_CREATE_REMINDER.wav,0094dcd87827dae33c8fe355e9c5441a9a624085ed0bc5293fad29fe7699cc8f
vcm_train_001220.wav,fil50_03445_ref_tagalog12_PLAY_MUSIC.wav,3aec5c50422ad471f49db91c57e23d01b8375d928fea93a4ca6af5714b6e4269
vcm_train_001222.wav,fil50_10985_ref_tagalog6_WEATHER.wav,17ef6f09903900f8068752dfe1036ca7baf94f5e49d03a401a5c95c882a41a88
vcm_train_001224.wav,fil50_01819_ref_tagalog10_ALARM.wav,4b347ef949640354a23ddc04a316643cd9cdea58c7ea66f32ea9693c05e69e36
vcm_train_001225.wav,fil50_11793_ref_tagalog7_TIME.wav,e1c6d80d310666de2a5f27bd2ed498539854cdfefb105ed2ed417f02479f264c
vcm_train_001226.wav,fil50_02651_ref_tagalog11_CREATE_REMINDER.wav,0e4d45d3e2b9ab7bb24011704d94dafc112547b8c607cc790082a70ad27703fb
vcm_train_001227.wav,fil50_13449_ref_tagalog9_ALARM.wav,d584af49e4c7621011da07094f263a563cf6af42926bf2c4b3e5722103cc4a63
vcm_train_001228.wav,fil50_08434_ref_tagalog3_COLOR.wav,84a6b09c0e7a02393a00fa6e8763bf628f41528f940c8c6e8e855793baf245f2
vcm_train_001229.wav,fil50_00994_ref_tagalog1_COLOR.wav,28d6a19051d09764938836f8ae2ef26a34de59ab2ce6261cf33b16e82268ed71
vcm_train_001230.wav,fil50_07517_ref_tagalog2_TIMER.wav,693c3aa4ac878e9040cff599b3f0c5c8552671aaddb52214dbc4abb761106277
vcm_train_001231.wav,fil50_04315_ref_tagalog13_VOLUME_UP.wav,194dd341595e4d4bd1f15e4fd9ec976550e2efa2dc562f94d41fb2674aef74ce
vcm_train_001232.wav,fil50_09280_ref_tagalog4_VOLUME_DOWN.wav,303063c83a5f52b3e3030b3661cbd5cfe1a0c22c8ddef71a1fdba4780f180ad3
vcm_train_001234.wav,fil50_05166_ref_tagalog14_CALL.wav,902549a6a084d9b900ccdd3558d7bb92a9e51f4807ebcbcf115f3947c0e4e7b4
vcm_train_001235.wav,fil50_06020_ref_tagalog15_CREATE_REMINDER.wav,5094a46c5f4ea671c28e5c96d52ac65eaf26a4ce9f04e5988dcd877e9e138360
vcm_train_001236.wav,fil50_06804_ref_tagalog16_COLOR.wav,005b8999d03baaaa3448a059a32241f456e50c8dad5b3db089125b1877929192
vcm_train_001238.wav,fil50_00144_ref_ilonggo1_LIGHT_ON.wav,8a9cbaa351592088c2bce196478f9340f21d920c5cec9608fd44af09660da0a2
vcm_train_001240.wav,fil50_10118_ref_tagalog5_VOLUME_UP.wav,cec0628b812834ba0fa06cc516e80d8d66662505fab334cfa32a16829d4084d1
vcm_train_001241.wav,fil50_01821_ref_tagalog10_COLOR.wav,2082352556e3fe2600f9487e8757a754abe92a51155805279045a39949a9fe59
vcm_train_001242.wav,fil50_11795_ref_tagalog7_TEMPERATURE.wav,7ccd71bd2b4d5547fcccf86dc390400e87b49b23d3dd240e1f312512552df154
vcm_train_001245.wav,fil50_08435_ref_tagalog3_COLOR.wav,68985f4dfc150283d69a71bbc1310835769284ee180c2a4b53cc9cb158653c0d
vcm_train_001246.wav,fil50_00995_ref_tagalog1_STOP.wav,a302371380d9afa8e67a4e98773340b357dbd6c34fbae6aba785fa076fde98dc
vcm_train_001247.wav,fil50_07519_ref_tagalog2_TIMER.wav,b351d373ee349c232401b9a7fa4089a402596136ffe10bc8fd0ebd789380a646
vcm_train_001248.wav,fil50_04317_ref_tagalog13_NEXT.wav,63f8c6d54cf3d8fecd8ada58f550d0528113b61c4f3d2da86fa3ac8c9336a399
vcm_train_001250.wav,fil50_12653_ref_tagalog8_ALARM.wav,7b6e1b7f82c6740c2d119a751fb7e39272c8e67b709a7a2b0969c3c608842912
vcm_train_001251.wav,fil50_05167_ref_tagalog14_TIMER.wav,8b958461ab2e9e4acb35523e17e3fe119cf795bba4465d488e9ac392c97a7010
vcm_train_001254.wav,fil50_03446_ref_tagalog12_NEXT.wav,a71296ec255850a46e2de207d02dd7e02ec637863ac903cbcf93601ccceea31f
vcm_train_001259.wav,fil50_11797_ref_tagalog7_TIMER.wav,3c493250759241dfb194a42042abb8a97b29521bc0646faa86463a134a18abf9
vcm_train_001260.wav,fil50_02652_ref_tagalog11_STOP.wav,36005e21fc27d562c17f2f17f588667080f56c6a47a13fcbbfb2d928d9cce021
vcm_train_001261.wav,fil50_13450_ref_tagalog9_TIMER.wav,e33351df8b894b71dabccd54a5bd735d76b56a692ccea5ec9754fecc11be9f1e
vcm_train_001262.wav,fil50_08436_ref_tagalog3_CREATE_REMINDER.wav,7d56b6ece8f7348a34e6064a0e1720cab54a2812b2220e48122f2a90e920f682
vcm_train_001263.wav,fil50_00996_ref_tagalog1_BRIGHTNESS.wav,6f6412c3fe244560bcc4613d655c774a284ffb25d07b6d107bb2adb1c8612be8
vcm_train_001266.wav,fil50_09281_ref_tagalog4_TEMPERATURE.wav,b680da66f4baebd7f0109ba1e76dc1d02c26142fb3bca09eb90f19d8836f85b6
vcm_train_001267.wav,fil50_12655_ref_tagalog8_TIMER.wav,e98e8997c65e04e1236912cdce6eb934bdd9cc5d4b3d3c6b5ec2eec0a376a6cd
vcm_train_001271.wav,fil50_03448_ref_tagalog12_NEXT.wav,993061b52e459e367745c5242f1d1f0b1b8feb833ae025bdc4ff038e1d71a395
vcm_train_001272.wav,fil50_00146_ref_ilonggo1_TIME.wav,94c2aef4a0a25e31eb9d10c53cba11c23a8f3af4e5dabdc0b9855adf10a52e57
vcm_train_001274.wav,fil50_10120_ref_tagalog5_STOP.wav,bea974134f75f9eebea6b34fbada8d66674bee3890ec6b4bed7205cf24258e15
vcm_train_001275.wav,fil50_01823_ref_tagalog10_WEATHER.wav,a6c5925e115f984f21fb8ed58018e5de9b404440b5733579893153a650da4e49
vcm_train_001276.wav,fil50_11798_ref_tagalog7_NEXT.wav,cca8805c929e40cce0bc0d165c59cbe266356eb5cc183c168fa033252693ca2f
vcm_train_001278.wav,fil50_13451_ref_tagalog9_TIMER.wav,82496d00f41ea4af3edf597da60d57b6ad459bcc2683b8980876c4e7f40a617b
vcm_train_001281.wav,fil50_07520_ref_tagalog2_TIMER.wav,b43e4e8bc07564019e6d66e1f96e299b2b45962e2f3316400e88217aecc14af3
vcm_train_001282.wav,fil50_04318_ref_tagalog13_NEXT.wav,6fd7b569d599526ed975243e7212371dad00ae07fe43ea0d23889faf9ea28da7
vcm_train_001283.wav,fil50_09282_ref_tagalog4_BRIGHTNESS.wav,885c2e1ddf397e68aca2b91c5e23e951bb93cca0d48ed8c5e1339cd58e31ffb1
vcm_train_001288.wav,fil50_03449_ref_tagalog12_TIME.wav,82961a6fa7a3f86ccc93694df6d5a406ce254d7e1048c581dd0115271aace72a
vcm_train_001289.wav,fil50_00147_ref_ilonggo1_COLOR.wav,d6ea918c941448088366a5bfd13fbe3a802771d392a8074b7ec9a0b0ab1645c7
vcm_train_001290.wav,fil50_10987_ref_tagalog6_NEXT.wav,f62398fc6abac8daddf2010b32b8d978ac0ec389226ac5f84d36d955ff55fe7f
vcm_train_001291.wav,fil50_10122_ref_tagalog5_ALARM.wav,dc360945d11eef114cf6dd3c1c9ef5df1b188de2c99ecde2a5a6d9b50e062494
vcm_train_001293.wav,fil50_11800_ref_tagalog7_TEMPERATURE.wav,7a2478932bb267919d3f0b106e2c57a46a282f58f9293f1bf759e39125679cf6
vcm_train_001295.wav,fil50_13453_ref_tagalog9_STOP.wav,d3f1b9b8b95ab1b4cab89480f0e6460b7fcd1cf1ea2662d1eabc6601b5e3ea1d
vcm_train_001296.wav,fil50_08437_ref_tagalog3_ALARM.wav,8b14c1660f204d8eaea73684348d27879ce4161e8c18423c1559d0c6ec0e6974
vcm_train_001302.wav,fil50_05169_ref_tagalog14_PLAY_MUSIC.wav,9f0a56a3224f118e85770704da154f65861a23cfb8d6b3817b1e31e85fc9e442
vcm_train_001310.wav,fil50_11801_ref_tagalog7_NEXT.wav,90c5467d5fa5e0afcfdb7fe78cb6e2de69218651d8c3ec997eec03174791efeb
vcm_train_001311.wav,fil50_02653_ref_tagalog11_BRIGHTNESS.wav,d08a6d1670ebe5a8654afa3eb797607ed4712ae4bfe608e548617a289f6cc68b
vcm_train_001312.wav,fil50_13454_ref_tagalog9_ALARM.wav,620b220c9ac15deb83f400b265b4934ddb3f739244cee8685900379c20e8fcdb
vcm_train_001315.wav,fil50_07522_ref_tagalog2_ALARM.wav,acd3a21ecd76cada9505eee5082ab92d959cf824032256ae53fe7df851566ec1
vcm_train_001316.wav,fil50_04319_ref_tagalog13_COLOR.wav,17ba43d81e634e00a946c971b12f46cfaffef784008e962d8f4f926e6a39bce4
vcm_train_001318.wav,fil50_12656_ref_tagalog8_PLAY_MUSIC.wav,e56d1ca34a814345f641b49770c0febe2b8ed9e9640719a3d96e6c0b6b14fddb
vcm_train_001319.wav,fil50_05171_ref_tagalog14_BRIGHTNESS.wav,b1709b14d0b17f7763f8c7f270e2eee47e16d321da2578e2ac14f574d7c937a6
vcm_train_001321.wav,fil50_06806_ref_tagalog16_MESSAGE.wav,50e235553f4f4f6f95f873fc2ca3de31c602ddf7e39da6ab558677fe9fc9863b
vcm_train_001322.wav,fil50_03450_ref_tagalog12_TEMPERATURE.wav,a23966639848b6d4e14b5a6240c8c28f4e75701f939fd2be0512820cba3df7fb
vcm_train_001326.wav,fil50_01825_ref_tagalog10_CREATE_REMINDER.wav,cfb9b00a46d9eb5d3ea666ddece5548f113741d61f53bed25228695701e57016
vcm_train_001328.wav,fil50_02654_ref_tagalog11_ALARM.wav,9f24582abe50f70fbefec8f5a82145839783ca0472977fee6ed3839d312289d5
vcm_train_001329.wav,fil50_13455_ref_tagalog9_TEMPERATURE.wav,0fa98ed4018e86709fca563439f4f50d0c666351ed7cec96049534084d28e2d8
vcm_train_001331.wav,fil50_00997_ref_tagalog1_TEMPERATURE.wav,3532a3471024a99bb87cc8d10da04581cbbc00bc8c0aa720aadd09d3a0428588
vcm_train_001332.wav,fil50_07524_ref_tagalog2_TIMER.wav,4b5e95e4da0db318f82e056af28ebcae36f649a7e1b08589ae3cb17f71cf0310
vcm_train_001336.wav,fil50_05173_ref_tagalog14_PLAY_MUSIC.wav,37ea7b1837a41f03bf74770ba7790affe6c41d7f1708ea2455ca9def3548fdc5
vcm_train_001337.wav,fil50_06021_ref_tagalog15_COLOR.wav,c2e22c88c1ebdc0a5f950118e78bad901e156480a41d8c3c9cf2084f9f77e22d
vcm_train_001339.wav,fil50_03452_ref_tagalog12_NEXT.wav,8126f84a3a62ccf4f8554513941f3e1d1c5bd5a58e35d2641398ff0ae9b091a5
vcm_train_001340.wav,fil50_00149_ref_ilonggo1_LIGHT_ON.wav,acab4f550571ab3c07be8244025e8ab3c8644948e5fe5cbbb7fa059d3597ae0c
vcm_train_001341.wav,fil50_10988_ref_tagalog6_ALARM.wav,58cdbc1eaaef0d36345228772d1419a04d37521b5b27170f78edb83befeae244
vcm_train_001343.wav,fil50_01827_ref_tagalog10_LIST_REMINDERS.wav,81b891151746776d60277f5c007c9511702376dd2a9977bdbca0adc49444ffc3
vcm_train_001344.wav,fil50_11802_ref_tagalog7_TIMER.wav,e22703ed7db976773ef643bf6c78749354ab4595da13c72d2ba77793e7fb41a3
vcm_train_001345.wav,fil50_02656_ref_tagalog11_ALARM.wav,6b826d768b811f55b6dba10b1fcdd8b8e8a01219fce87fc7a8cde4ab9890be0d
vcm_train_001347.wav,fil50_08438_ref_tagalog3_TEMPERATURE.wav,e2ad6a21f080228ffe307bfdd51da107baf238c25d42662568ed24ca16a7aba2
vcm_train_001349.wav,fil50_07525_ref_tagalog2_CREATE_REMINDER.wav,4a308fe52ebd0bf30bf7c225dc7a35693faff7190073386610745e866c633d8e
vcm_train_001350.wav,fil50_04321_ref_tagalog13_PAUSE.wav,bff4a50907bc742e47501cd9fbdc40a9cc0d8f347e85afc06ac59e0370679c50
vcm_train_001351.wav,fil50_09284_ref_tagalog4_NEXT.wav,6062172269b15f7dd54238ffa86022552a9166c24cbc9d260c16c78e1cd0b888
vcm_train_001352.wav,fil50_12657_ref_tagalog8_TIMER.wav,b2ae1e60b017c5759fca4cdccd9a3498149bedaa3cd86d237465f7d03adde711
vcm_train_001353.wav,fil50_05174_ref_tagalog14_TIMER.wav,89e797879538dca6cc5623648bc3c69e2265341f1274c4ee94dfce4340a07cd6
vcm_train_001354.wav,fil50_06022_ref_tagalog15_PLAY_MUSIC.wav,b9c465f629d290c96220360945aee12f515e0b82e01bc63bc3edbfc04bfe3760
vcm_train_001356.wav,fil50_03453_ref_tagalog12_VOLUME_DOWN.wav,1998efc93d713ffb0be9e96d55662578eb7ebb0c296f971ea7b6047d5bc00d7a
vcm_train_001357.wav,,48f2fb0eefa6e9a41d90db276e9ec66e2c68ecfb0a91e320f089907cb40204bd
vcm_train_001358.wav,fil50_10990_ref_tagalog6_STOP.wav,e38c3c1003aac76962b75068dd2949ff6246ae97b078bc5e1b4f9da16a949fde
vcm_train_001359.wav,fil50_10124_ref_tagalog5_TEMPERATURE.wav,0a28632e3768b9e3d4104e6608670a4de1f4d5f799d457c59bf3cccc77124fd3
vcm_train_001360.wav,,0dca8c9d30bc1f2feabebfa8974d08743c2e3d83978a10708da747a689613e1f
vcm_train_001361.wav,fil50_11804_ref_tagalog7_VOLUME_DOWN.wav,566604ae0e36e30d481743c0eede5ceef2067a4c579eb7e79bfd09e42c3ed9c3
vcm_train_001362.wav,fil50_02657_ref_tagalog11_TIME.wav,827bcdee84150621706a25173a3f8f704c03d05503d7705037eedde52ed16ca2
vcm_train_001363.wav,fil50_13457_ref_tagalog9_ALARM.wav,e7a5d2cd27e160eac613f03f43f426e5ab0ea0992960c5dd76c1a21f8b5f14a4
vcm_train_001365.wav,fil50_00999_ref_tagalog1_TIMER.wav,a09b5ab59d1527ece09fde2950964ba84550ad2675ae6d01a96f678a3110c862
vcm_train_001366.wav,fil50_07526_ref_tagalog2_PAUSE.wav,9403ec058af71f210dbbb8d4e2d2807dea03cbf672f9a928a211935302efe85d
vcm_train_001367.wav,fil50_04322_ref_tagalog13_LIGHT_OFF.wav,91e9b4fc80f8c25208f929d2a5babab00c42c8f922806be3091a6396b6c1ab4e
vcm_train_001369.wav,fil50_12658_ref_tagalog8_TIMER.wav,97236a24330f53b863171c899a2f12f6deeeaf40fdd2bc661fd76702a5309638
vcm_train_001370.wav,fil50_05175_ref_tagalog14_NEXT.wav,ea9c14340dbe36e7273b88d9c794ab93b4ece90e433d591a374c261e060c151f
vcm_train_001374.wav,fil50_00150_ref_ilonggo1_LIST_REMINDERS.wav,1359d0e6bf33b30ade30cc9accde3f649e35a5bcb2fa47554d497cb808de6fe3
vcm_train_001376.wav,fil50_10125_ref_tagalog5_TIMER.wav,10a3a0b6ec9835804e6a790ff7137bf67bd53d4833bccc9c4ebeed78dceb2b81
vcm_train_001377.wav,fil50_01829_ref_tagalog10_LIGHT_OFF.wav,f8f76d14355faef7203af6b8ece13f03575076f61655ca446f8f87de4c0e0bdd
vcm_train_001380.wav,fil50_13458_ref_tagalog9_VOLUME_UP.wav,c2f4a37a32e12f4ed8b43b31e60a1ddc7b3edcc19aa84383fea340bc87596a7b
vcm_train_001381.wav,fil50_08440_ref_tagalog3_PAUSE.wav,2aa9f666f64b46608f78294a40685bebf550f37bff6166ef4110cc20b4b36278
vcm_train_001383.wav,fil50_07528_ref_tagalog2_LIGHT_ON.wav,dd26c34588f5ccead6cde1a21fb52b8189100f921b0cdaf2356d18967f07e8ed
vcm_train_001387.wav,fil50_05177_ref_tagalog14_CREATE_REMINDER.wav,b757d154e26964c4335183d36b341edadecc10460d2e776b0008cdf8567c0ae2
vcm_train_001388.wav,fil50_06023_ref_tagalog15_LIGHT_ON.wav,5c195d740136e73755379a2ced5abdc0d2712c2550a5d4f9f77979f6ac06cc56
vcm_train_001389.wav,fil50_06807_ref_tagalog16_CREATE_REMINDER.wav,596b021f6ab38d5671d5adb950b24baca3f123670351197c1ae625c6dfba2632
vcm_train_001390.wav,fil50_03454_ref_tagalog12_ALARM.wav,6d199c7deee031f29a838999493cd6a6dd948c868210ae78a0f0c08ad1c23a9e
vcm_train_001391.wav,fil50_00151_ref_ilonggo1_COLOR.wav,d493529bdb5a3eaf8e17e3bf2e27b5177a9255775de48a75cb5e472266c383a0
vcm_train_001392.wav,,5ec4abfde9d5c0a6de6a453c8568dfe3cb2dbae61886847dc60bb415aa17efba
vcm_train_001393.wav,fil50_10126_ref_tagalog5_PLAY_MUSIC.wav,a94a506d503a688a58bc04da5444f0cf3f96f533ab427458cd7cf50254776d51
vcm_train_001394.wav,fil50_01831_ref_tagalog10_STOP.wav,92c524e03c80b4fd295854d932c717a152854263149b05228161cd1cc71386c4
vcm_train_001395.wav,fil50_11806_ref_tagalog7_STOP.wav,191cd3c84c2a5678ecfc09ec9fb67d58b06a20690fab5286a5d1d474b7f5019b
vcm_train_001396.wav,fil50_02658_ref_tagalog11_CREATE_REMINDER.wav,93f67869fb0fced54fedc63964b6b44fbde65e883f9e3a6d4a6774ffd9175f8b
vcm_train_001397.wav,fil50_13459_ref_tagalog9_PLAY_MUSIC.wav,1ac8703e0099beb86924d490713175f116984baf7284b59ec2e7b55a6b6ce97e
vcm_train_001400.wav,fil50_07529_ref_tagalog2_LIGHT_OFF.wav,0cc4abebef3eba4ddf583f1739f09ec7c41f2fd1a020e98fba5fb6ec9c41d2ca
vcm_train_001401.wav,fil50_04323_ref_tagalog13_NEXT.wav,2f2e4df0c1500e3e90f7e92700f09f39713f58c8e4de24eaa443c0746ba520bb
vcm_train_001402.wav,fil50_09286_ref_tagalog4_WEATHER.wav,03bd956f3028369861ee5b100144e45cc1058359bb643f5ce92ac2edc52c866a
vcm_train_001403.wav,fil50_12660_ref_tagalog8_CREATE_REMINDER.wav,d459a2294944ce798d7e391b34208cf852ff42a5bf39d01a7a953b2b05f3b754
vcm_train_001405.wav,fil50_06024_ref_tagalog15_STOP.wav,47cade607c82166be09ded48c825d480e83b4e4dd52ed471e7428994409bb8e2
vcm_train_001406.wav,fil50_06808_ref_tagalog16_VOLUME_DOWN.wav,155e5be35500b5e3feea7593c0e4f0b9ee6996e4a339fd83a72f2f7660cedcc5
vcm_train_001407.wav,fil50_03456_ref_tagalog12_BRIGHTNESS.wav,32fba3aef9f6e9cb2f6aacea0069fa2d0f2c12797b00c07ec0f0630468eaadf1
vcm_train_001408.wav,fil50_00152_ref_ilonggo1_NEXT.wav,906c6d03a6155347755c927f5722647ee46fc66adb3d4400770963fadef9a552
vcm_train_001409.wav,fil50_10991_ref_tagalog6_TEMPERATURE.wav,46e0e889ab0cc3e092123015b443e82bbfb0b2c202ca6e845afe3c7542a153fe
vcm_train_001411.wav,fil50_01833_ref_tagalog10_LIGHT_OFF.wav,a1fc436b88a64092e46dc8f0f045fceb42311c4769f1a4b661ac0a3e9409df33
vcm_train_001418.wav,fil50_04325_ref_tagalog13_MESSAGE.wav,d5d0e364391ba483dcf20c6b146fd51f82af8b5f0f7ceea2b7aa5b22a4b016ac
vcm_train_001424.wav,fil50_03457_ref_tagalog12_BRIGHTNESS.wav,25508e01da89eff11380771a98b6872eba20e3532280ea54903a27a97dde7027
vcm_train_001426.wav,fil50_10992_ref_tagalog6_NEXT.wav,fd03d879cfefb6768ccb8a1a1a5f35f1d4cb50a2ae48546be8ced35f7574a68c
vcm_train_001427.wav,fil50_10128_ref_tagalog5_WEATHER.wav,66a29833d2aff07c4ec9c9e9250a047f1893f2857e6ddb674bcdcae756d4162e
vcm_train_001428.wav,fil50_01834_ref_tagalog10_COLOR.wav,22d2a7b6c5a77ea63643716d33c75e258e44a4a016e95cf8f472c637b1d760de
vcm_train_001430.wav,fil50_02659_ref_tagalog11_COLOR.wav,2370cedbb099b7fea257d908809451f841fa2db02f9ef328cdf540781c74ce94
vcm_train_001431.wav,fil50_13460_ref_tagalog9_TIME.wav,9ecca5fa6b9214276b9e11b12f7804f62f559658ea4686ea9a5b784f80487ff4
vcm_train_001433.wav,fil50_01001_ref_tagalog1_VOLUME_DOWN.wav,fa443ce38881dae167b11ea52710148f4415a9e21cb3846fed1b69969cdab59e
vcm_train_001438.wav,fil50_05178_ref_tagalog14_NEXT.wav,c921262f6145b98ef35b4186624b4489b5818bb40515e22672d2e5f256b805da
vcm_train_001439.wav,fil50_06026_ref_tagalog15_COLOR.wav,32c8c189b3605e0a408e19a6a3d89c12a5367a917e311fac6c6cfe2effb7009e
vcm_train_001441.wav,fil50_03459_ref_tagalog12_WEATHER.wav,6181dc8aaa3a6114abc9d3b5077e24a9448b1ffe6a9ec60230a5fdc594289d3a
vcm_train_001444.wav,fil50_10129_ref_tagalog5_ALARM.wav,1a85d0b376d8bf3459a31242dc9709758e38286ce8c0a0f935464fee79116141
vcm_train_001445.wav,fil50_01836_ref_tagalog10_COLOR.wav,8e9ad4d5e62116a79240fb86b900a4366107eeeacbaa817271ed4865c997ec9e
vcm_train_001446.wav,fil50_11808_ref_tagalog7_PLAY_MUSIC.wav,b6c88fb697ceda2d8b3d7e17f8e24c148b8b70189e33f814a44dd454d1c36453
vcm_train_001450.wav,fil50_01003_ref_tagalog1_COLOR.wav,37f8956319251469cec0aa380042e0f39bf5fe3c26aeaddcfb489f7142405157
vcm_train_001451.wav,fil50_07530_ref_tagalog2_STOP.wav,47b66ae44e7a4ba71a67c9c7639a1c9aaf62c82d7920a6f0bd6926bdb884e484
vcm_train_001452.wav,fil50_04326_ref_tagalog13_TEMPERATURE.wav,866b5422204e13fd747417c1bddc2a9a8dbfde5491a0f69273e33a8b00dbfe48
vcm_train_001454.wav,fil50_12661_ref_tagalog8_TEMPERATURE.wav,9a274c58638a730f962e434e137e2a37e74fe457ba6d62e511d7776ffe46379b
vcm_train_001455.wav,fil50_05179_ref_tagalog14_COLOR.wav,666c5cf6a1e29c98fa9cedc2d032f7d81fa0149e8472d0ca6d2f81d766a6415b
vcm_train_001456.wav,fil50_06028_ref_tagalog15_TIME.wav,c2827aa56f07421655e30a1dae4d067c8f0b31a60e34e176eb011f78cc5be124
vcm_train_001459.wav,fil50_00153_ref_ilonggo1_PLAY_MUSIC.wav,54bebe7350303b53513d8931b598126838922908f672c54e63af1b90b7b89c55
vcm_train_001461.wav,fil50_10130_ref_tagalog5_TEMPERATURE.wav,88402dbe64d1f6c5a2a11ba4a49e25c9e2af38b0c67c99ab5fe85a24cc5c0950
vcm_train_001463.wav,fil50_11810_ref_tagalog7_ALARM.wav,a35f53f3d9282da876740eba6470e7c9644b72eb4529629ec14c580412140851
vcm_train_001464.wav,fil50_02661_ref_tagalog11_LIGHT_OFF.wav,165132d2d6e655005f6319581cd6a722de675fb13df8ec590e190fe785810bf6
vcm_train_001468.wav,fil50_07532_ref_tagalog2_NEXT.wav,d13a1242ec8f832e3abc90dc667391f16e89060e15bad76c3c44a7105ce08a29
vcm_train_001470.wav,fil50_09287_ref_tagalog4_TIMER.wav,8fd69a53d1c66ef3224709b5c4a51ded3b7ad483efd0e9ce694be6a8839e659e
vcm_train_001471.wav,fil50_12663_ref_tagalog8_TIMER.wav,45d27fc2553d4427173f1d34bfb18a61365a66c45f4bf9088a36f6fb50754e73
vcm_train_001472.wav,fil50_05181_ref_tagalog14_STOP.wav,d238e6b66b177ea279488e4e4cf51510ea56d997c3dd8c4a3531f5c6096291cc
vcm_train_001473.wav,fil50_06029_ref_tagalog15_NEXT.wav,48b2ac537ab1343a678deb78ad02bcc1cdbfb2f3f2a80358ba398eee07beac82
vcm_train_001474.wav,fil50_06810_ref_tagalog16_COLOR.wav,091376f1a0f0defbd6201def2b6e3b3a9c2ae41d1d237e67985ae61ae9a764b8
vcm_train_001475.wav,fil50_03460_ref_tagalog12_BRIGHTNESS.wav,adc9a2455ef8b3d56d23d675b4f699e38cfef9ea71186931a554054e7ba22bc2
vcm_train_001478.wav,fil50_10132_ref_tagalog5_TIMER.wav,3113ae804dc02a5d367f7733b614470265cbb43ceb9b2c409d3ec8e93642edb6
vcm_train_001483.wav,fil50_08441_ref_tagalog3_TEMPERATURE.wav,d61bd0f541cca2c05ef7848bf7329d5a75ec458e491509ede06da65be8452bf8
vcm_train_001488.wav,fil50_12664_ref_tagalog8_TIMER.wav,9ff31aceb53d347c152d24a5d8fcf186d419d801288d7e2e7f441a83b747ec4f
vcm_train_001489.wav,fil50_05182_ref_tagalog14_MESSAGE.wav,7c3a201b1b75b1a8eccd3e541056b2a9a20663e98cdc3a76ace3a69a37f6126e
vcm_train_001491.wav,fil50_06812_ref_tagalog16_PLAY_MUSIC.wav,2f58d121a983c1dd7471276ebb5b8d4b915dfde35d673dd973e00a589e693b03
vcm_train_001492.wav,fil50_03462_ref_tagalog12_TIMER.wav,72f01ff048279f1f20921623cce5b1a226abb7ce2a665a31ae997fbb9e40ec2d
vcm_train_001493.wav,fil50_00155_ref_ilonggo1_LIGHT_ON.wav,fcfab09ffdcb25c0e7827a36867469f2271c8148d97761e9890f025503152fb4
vcm_train_001494.wav,fil50_10994_ref_tagalog6_NEXT.wav,444ae8f5d017acf95ea27e3da46544b8734d6ebc85c2fafa93e06451de78fcf0
vcm_train_001495.wav,fil50_10134_ref_tagalog5_VOLUME_UP.wav,c9a02d7e88c814554f3a375e396998820b4c6b720085366d70426a89ebfd799a
vcm_train_001496.wav,fil50_01837_ref_tagalog10_COLOR.wav,7972caa2159854ace63dd97f075f948d3834fc12f16b48f26e92cff78af22cc4
vcm_train_001497.wav,fil50_11812_ref_tagalog7_TEMPERATURE.wav,f4f696b7f0899d9fcce1bde603fe55118f65bc02c817103d893208c3e0786934
vcm_train_001498.wav,fil50_02663_ref_tagalog11_VOLUME_DOWN.wav,2c231e5fe18775662054d73db21343c293c2a53fdc1708170acd78a32d002bcb
vcm_train_001499.wav,fil50_13462_ref_tagalog9_COLOR.wav,0b78f75693b8a24526350d0665523da8ac1a21cfd86e7144abb40b7fc18cfa73
vcm_train_001501.wav,fil50_01005_ref_tagalog1_STOP.wav,78c9dba85a50c2e216fbc393e291f624042dd1e1c620f6ad719b9dcd5f80e766
vcm_train_001502.wav,fil50_07533_ref_tagalog2_MESSAGE.wav,f7a50ba08127ad037793231f674e67a57b1b2619f63ea9f2e55821ef92712b46
vcm_train_001503.wav,fil50_04327_ref_tagalog13_WEATHER.wav,a82da7ee75155c9b81e7f9659d387a782c052099676482f72ce4f4a9c9b6583e
vcm_train_001505.wav,fil50_12666_ref_tagalog8_TIMER.wav,24b75df9eac12fd883b0042f799ecfbdf834b82fe1c202d36658bef61922199b
vcm_train_001506.wav,fil50_05183_ref_tagalog14_BRIGHTNESS.wav,dc9775d0bae167f1d0e1e788fea03dbca033162857783b77ee4dd0bc620400fc
vcm_train_001507.wav,fil50_06031_ref_tagalog15_LIST_REMINDERS.wav,3cb0c49b55a5517cc647f4690a76098ef0acb3c588c4bada48a951a59a802a29
vcm_train_001509.wav,fil50_03463_ref_tagalog12_BRIGHTNESS.wav,1837cd8210e8246d2779c012aa53a5bfa714ae11837d2e56e0e9f4acdd9e2a0b
vcm_train_001511.wav,fil50_10995_ref_tagalog6_STOP.wav,679f1a0f4d4cea39617e259b89d5870348a51849d473b3877e14d9a30d4fda32
vcm_train_001512.wav,fil50_10135_ref_tagalog5_TEMPERATURE.wav,1b0fa9f39b46ddaf45de88974e57cc8218aec8ce88939cb3b121ebf1f1fa098e
vcm_train_001513.wav,fil50_01839_ref_tagalog10_LIST_REMINDERS.wav,b72706712f0712ebd611e6ebcd49f2214863d6c7f041d7cce2af78b1d815dfe5
vcm_train_001514.wav,fil50_11813_ref_tagalog7_BRIGHTNESS.wav,69d7c2a88415e6986ad6277750efe1d2793c9c3e828fb9660aae673c232efcf7
vcm_train_001515.wav,fil50_02665_ref_tagalog11_LIGHT_OFF.wav,1fd586352820d5887cf4791599462555448b4942f1581c3fca7eee2b059eced5
vcm_train_001516.wav,fil50_13463_ref_tagalog9_WEATHER.wav,ace5dc0442645c666799e52b8494b477a1830311a0e69424b822fc5db3e3a6af
vcm_train_001518.wav,fil50_01006_ref_tagalog1_COLOR.wav,d09a5693d426b7dc0d0be764f135bbdfbcbdf95a1cb1023f52ea6de924d41153
vcm_train_001520.wav,fil50_04328_ref_tagalog13_TIMER.wav,284e149b9e741ae87e026a5931754d015737ee91bbd3cb7e45981005c3046433
vcm_train_001521.wav,fil50_09289_ref_tagalog4_LIST_REMINDERS.wav,b243f33c2794cb9a69be0cba64ba55e31dadf13801339ab278c8181df00795ad
vcm_train_001522.wav,fil50_12668_ref_tagalog8_BRIGHTNESS.wav,e429242d4095e92bcf16aa29f0a5fa5abada587075649225fc81c0cc21140199
vcm_train_001524.wav,,7cc2ac45ef608bf102871e5cf5530129eb40e7aac8fb9c01cbf170e7303e08c7
vcm_train_001525.wav,fil50_06813_ref_tagalog16_TEMPERATURE.wav,18856b3a90089d66a8f94718f9ac0a03e5629893c522e5098f0a950b4d86f26e
vcm_train_001530.wav,fil50_01840_ref_tagalog10_CALL.wav,5132d525c92988a44cfc479ca9342b929491f940447a4cf51abf3bae618212f7
vcm_train_001531.wav,fil50_11815_ref_tagalog7_TEMPERATURE.wav,e5f5cc0798cdd6cbdd7455e7f2b39721120c071e01b8008adc7703ca3ca4b764
vcm_train_001532.wav,fil50_02667_ref_tagalog11_COLOR.wav,16bd7212fcaca8f08ac40ff0569d8c04f4cb3738d19b8fce0ade2d86ad480fef
vcm_train_001534.wav,fil50_08443_ref_tagalog3_TEMPERATURE.wav,cbee1c061e69726f8c1c97f2e98dbc17455e2169564b3b03688d0b001875c847
vcm_train_001538.wav,fil50_09291_ref_tagalog4_ALARM.wav,d71c6fc65d8b1d908de8563be4530fe331f022ddfe7d3a07cfc84c949d9b6d4f
vcm_train_001539.wav,fil50_12670_ref_tagalog8_VOLUME_DOWN.wav,b6c95ae8a0a26fa921a941544a0697d62cd0edee8898455ad2744218299a4eb8
vcm_train_001540.wav,fil50_05184_ref_tagalog14_BRIGHTNESS.wav,eac34352980c9ce42052888ece5664d641b09cf3ec332e8186aa372bd1843727
vcm_train_001542.wav,fil50_06814_ref_tagalog16_CREATE_REMINDER.wav,cd3fdcdd447a582c39d3ac80af6afec752f876acbea3629633a25f1d85c184ea
vcm_train_001543.wav,fil50_03465_ref_tagalog12_NEXT.wav,4f0afe87dcfb1ad6f040bf550f51d9b438436c41327f91e339200a304f082f2b
vcm_train_001544.wav,fil50_00157_ref_ilonggo1_COLOR.wav,16858c0ddb3e334d1b05672d19dcb894e01d3ff742d3574753091e208c8931c5
vcm_train_001545.wav,fil50_10997_ref_tagalog6_VOLUME_DOWN.wav,1ace18b5ae1643d70f2e95530abbc096d4bdeb8b48557c580565702f5cfbcd18
vcm_train_001546.wav,fil50_10136_ref_tagalog5_WEATHER.wav,9d5a73192f987ecb398a386f016f2d0221d6feba5d8c657f4e48b305c19c34b5
vcm_train_001547.wav,fil50_01842_ref_tagalog10_CALL.wav,1c676b3cd5f69db104683b8b4c0308b8a8f6d7f6551305502f5346bbc4eb8db1
vcm_train_001548.wav,fil50_11817_ref_tagalog7_TIMER.wav,71960126319dbe483951b8c4149aade5f592a31ccb75e20111f1ef85d171c3f8
vcm_train_001549.wav,fil50_02668_ref_tagalog11_CREATE_REMINDER.wav,08bd855f1086a6835269e878ca6feda3a041c53fe0614d6a51d626668a23a972
vcm_train_001550.wav,fil50_13465_ref_tagalog9_BRIGHTNESS.wav,9f5c360e58cbb97d64756c188662a02e1a64d89c136502945286e12e2e7878ef
vcm_train_001551.wav,fil50_08445_ref_tagalog3_VOLUME_DOWN.wav,fef94a13ec003441734b744494a6d271e6adbe7545d4bbbf7c4fe3320c0f5561
vcm_train_001553.wav,,c85e376569139bdc16c07ce5c04ed04e24c74d0b7851319d177c7c6fff0083de
vcm_train_001555.wav,fil50_09292_ref_tagalog4_TIMER.wav,d80be5b19eb9ea877caa91b66291a40acc4b635ba16d5966422c896c3b1d8e74
vcm_train_001556.wav,fil50_12671_ref_tagalog8_BRIGHTNESS.wav,71f73d01ddf770bbdfc25dd66f7d45f6997c1dc95e4e9d80135b62f318839bbb
vcm_train_001557.wav,fil50_05185_ref_tagalog14_CREATE_REMINDER.wav,edc9dc46e4a18597cf4e23c74085b4e2ae477e5fa5ad95583f9dbc388e2ce677
vcm_train_001558.wav,fil50_06032_ref_tagalog15_TIME.wav,322389f3710c944dfec09a96310dc7d457daa499863a535d44b4a3050672f56d
vcm_train_001560.wav,fil50_03467_ref_tagalog12_ALARM.wav,764a618f1c3d99a0d32d04c4ce700bf47e4361c987724aaf80a001afa7c50a74
vcm_train_001562.wav,,e8e2228aeb71bb4fb70bd48299336305840a4633d28755eb9aaca7bb3c07d96c
vcm_train_001563.wav,fil50_10137_ref_tagalog5_LIGHT_OFF.wav,d15ae56256fab78081bd86c1a279424c69fbcbf22bec30ef85231ef9d706590b
vcm_train_001564.wav,fil50_01843_ref_tagalog10_NEXT.wav,c8da4ca143eff3a65c44a7ec2610e4a2062301c689ae0675c764028281c770bd
vcm_train_001568.wav,fil50_08446_ref_tagalog3_WEATHER.wav,8099f0df50f7dc6ff573078904a1c97a911c683551dae8de94b4af073027935d
vcm_train_001569.wav,fil50_01007_ref_tagalog1_TEMPERATURE.wav,0eb13cf9de0fa920cb2ca190ef7c6a13abe47d7b6d39461886a47b36ef2ba1c4
vcm_train_001570.wav,fil50_07535_ref_tagalog2_LIGHT_OFF.wav,7881d0f6bad2e3e7de61f68e1d66a90389a3a450ade49f8199cd2f3f9288d88f
vcm_train_001572.wav,fil50_09294_ref_tagalog4_NEXT.wav,b08852905794540ba874f92220eb4599fcd0fcecaa82d56a53271cb21eec3de0
vcm_train_001573.wav,fil50_12673_ref_tagalog8_TEMPERATURE.wav,d13ff480ef6c6141a6fb866795dd524068cafa8726293e81c135b88f543be89d
vcm_train_001574.wav,fil50_05186_ref_tagalog14_VOLUME_UP.wav,abf755d7ee6f4acdc9c81e8944abc893bbc12050e5218a49b04f5e509b0b73b4
vcm_train_001575.wav,fil50_06033_ref_tagalog15_TEMPERATURE.wav,66fcc3852958485aa8cb12ba83cedbb68208b0c69370967e52d8be560e4ecd23
vcm_train_001576.wav,fil50_06815_ref_tagalog16_MESSAGE.wav,3cb454f0a07006a2a92cf1ed5f01b2fbb9642b1094410342dd7f7c1f78106a35
vcm_train_001577.wav,fil50_03468_ref_tagalog12_CREATE_REMINDER.wav,6502f9ac26d1f681f74182cc80f220301e3aa4649475e83af0848789533458ba
vcm_train_001579.wav,fil50_10998_ref_tagalog6_COLOR.wav,61a9f5cb5de325d3bc9f03a1eb5dd1529350a45e5dbc82309628572a81230637
vcm_train_001581.wav,fil50_01845_ref_tagalog10_CREATE_REMINDER.wav,b7ff6828611b1de834b394b6771b47b8f8b0e2f69b76caeeb5126e3723c3ad70
vcm_train_001583.wav,fil50_02670_ref_tagalog11_MESSAGE.wav,7a65b63152b608098eb20f452ab9cb0e102d59f35be948a35487bb037599ebd8
vcm_train_001585.wav,fil50_08448_ref_tagalog3_NEXT.wav,60dc68460069021a062d9d0fd144024865cedc10c7eaee7cc29ee6043d60ecc4
vcm_train_001586.wav,fil50_01009_ref_tagalog1_TEMPERATURE.wav,7d3e67ef310183a0cbc262678636ab54dbc764203d98d6ea4c50f4a45efe3ea4
vcm_train_001587.wav,fil50_07536_ref_tagalog2_NEXT.wav,44593d85d71aeafcc75e7d118b03300a2c8470b2dc28b11d8ce31567fbae6ca3
vcm_train_001588.wav,fil50_04329_ref_tagalog13_TEMPERATURE.wav,becac84ea4f6e61f91761c77642e95791fdfdfb204d6dd85f131a87788a3ff11
vcm_train_001589.wav,fil50_09295_ref_tagalog4_COLOR.wav,ee583f4eb98c1965fc1b585dc5a8efc2cc86b54040f11e7c8a1afbe34c513544
vcm_train_001590.wav,fil50_12674_ref_tagalog8_ALARM.wav,827657e47510443941610d3762d021207248e6c3fd82d8435f744a994cd487bc
vcm_train_001592.wav,fil50_06034_ref_tagalog15_COLOR.wav,f1734193d2f5cea304971d5fc014f2498d99eeb651048fb6e566af3ea605b763
vcm_train_001594.wav,fil50_03470_ref_tagalog12_MESSAGE.wav,97026968a6a0c8558f0d12cfd5eb29aa342f155f88e43dd3ff64e336143ea492
vcm_train_001596.wav,fil50_10999_ref_tagalog6_COLOR.wav,08a8eea55303c9e7fd13fc0dda3716ef16c6fe7e6928876f2f0730bc34a67345
vcm_train_001597.wav,fil50_10139_ref_tagalog5_COLOR.wav,aaba238f5c7116df5556382694074dafec9b039eb06c42364c10be56efff86c3
vcm_train_001598.wav,fil50_01847_ref_tagalog10_VOLUME_UP.wav,4763a71081fd6418eeb58fb6dc478adf1a3821d675daef72c0587bb2d2688708
vcm_train_001600.wav,fil50_02671_ref_tagalog11_ALARM.wav,5c2fbb90d51370bbc26b7a12ef41f6031579cbc39b474804c9ab26c5b770f1f4
vcm_train_001601.wav,fil50_13466_ref_tagalog9_LIGHT_OFF.wav,45f606ff99a19efc7fca22e2475251902fcb58cfe2fdd73a222d22c83be58967
vcm_train_001602.wav,fil50_08449_ref_tagalog3_COLOR.wav,98e4b618b73f624b99eb68e528608c6487577d824a44bf45e3aa4ddf6938a7f1
vcm_train_001603.wav,fil50_01010_ref_tagalog1_NEXT.wav,356b34e583dfbf577d02552fa2782461b919c7610ceb8b9a49ad6b458fa7e5cd
vcm_train_001605.wav,fil50_04330_ref_tagalog13_LIGHT_ON.wav,8035700e3bc6f25e1253cd1438182eaaf8781ecaf01a888d095b9abe2f98753c
vcm_train_001606.wav,fil50_09297_ref_tagalog4_PLAY_MUSIC.wav,9eb24e2031da8c6d4825ccb9787bb430ba0e9905644f0cbcb8c9e45825cbe5b3
vcm_train_001608.wav,fil50_05188_ref_tagalog14_NEXT.wav,f78bc388ca28edf72f89f80ad8be488a9622f5660aa5822e96bfa3387461c59c
vcm_train_001609.wav,fil50_06035_ref_tagalog15_NEXT.wav,9033c39c3d0ecdc54bba8bf64f1f461c5cd0748cb6ca996c6fc3bab3214c2c05
vcm_train_001611.wav,fil50_03472_ref_tagalog12_TEMPERATURE.wav,3e1819d5e97227598d948a7a5b43113f37b4eda19f126ab4fa39ba24d53b87ce
vcm_train_001613.wav,fil50_11000_ref_tagalog6_NEXT.wav,00c719b0460a08334ad9fab8355ed61b7be9cae6e681f829d87e27754390da73
vcm_train_001619.wav,fil50_08451_ref_tagalog3_CREATE_REMINDER.wav,5c681068650947c7fea58515a86d9c4b78e287ab3eb95c5cc77a05e8449888cb
vcm_train_001620.wav,fil50_01011_ref_tagalog1_BRIGHTNESS.wav,96bbd9ac684193389f132b475a9ece60d64c7309feeab9d2a248d1d69aeae209
vcm_train_001621.wav,fil50_07537_ref_tagalog2_VOLUME_DOWN.wav,e3f86e9dbaff98661bcbc38e3314d3098b596530dced3eb80e93fc53b6948631
vcm_train_001622.wav,fil50_04331_ref_tagalog13_BRIGHTNESS.wav,4a54a9b79139c4a2ed9d26abf4ef7daae3da4dfed31e0182e55957f610a4c203
vcm_train_001624.wav,fil50_12676_ref_tagalog8_PAUSE.wav,0376ad1f1fa4e7d3ac33799a416ac235eebf3d27fb52f60fe463a5272a67c439
vcm_train_001625.wav,fil50_05189_ref_tagalog14_CREATE_REMINDER.wav,264d36b8c0c70dfbf661621e65bb21385a1f5775b4bbaa0aba9e90b6dafcc340
vcm_train_001626.wav,fil50_06037_ref_tagalog15_TIMER.wav,368591264d2edc10d69cd14ac780ce8f5b40e206dfa58342cf446c3653f34db6
vcm_train_001627.wav,fil50_06816_ref_tagalog16_CREATE_REMINDER.wav,a78e0fca54f3cb596d4741cdde7a975f3c79b2de22b28b7fc4cc66f00248ee3f
vcm_train_001628.wav,fil50_03473_ref_tagalog12_PAUSE.wav,2bdc70c64ab1335fd6f88cc3702434418acb0e8b7bdbb6982184efb525d2b4e8
vcm_train_001629.wav,fil50_00158_ref_ilonggo1_BRIGHTNESS.wav,df269dd8b3ada3a6eb2da68773f250fbfd97a30c76e7c204ee41b5cbbd35dd2c
vcm_train_001632.wav,fil50_01848_ref_tagalog10_STOP.wav,c0b62237d5a9dd64fdb74b396d5adf41855aa264716da612f7e18bb7ce5e19c3
vcm_train_001633.wav,fil50_11818_ref_tagalog7_BRIGHTNESS.wav,37a9209b6f6a4b55edd5aef330e3546a51b2cc3b78c8dde37d95ca0bbf8a2d42
vcm_train_001634.wav,fil50_02673_ref_tagalog11_TIMER.wav,bb93ca0f143e6db453a606a5b8684b1035a95bde0d8cfbf5964dd674b1208844
vcm_train_001636.wav,fil50_08453_ref_tagalog3_STOP.wav,2b4e0e7838387e5c978b73ec9185164d6fd3460a520545f8cfb3ff6c26ab610c
vcm_train_001637.wav,,548dd70dc3dc3fe2d42f9b5359f6d0f8657bbb068f40a3c7fde91e12b6650dc9
vcm_train_001639.wav,fil50_04333_ref_tagalog13_TIME.wav,f8e0e3fb9ff44ab9114265135fd75f52a1b1d7288f2227fb808a1722fe0d4499
vcm_train_001640.wav,fil50_09299_ref_tagalog4_PAUSE.wav,9520413449caccfdcd6da97b5f3b3cfff913f58431267b712877647c793e9fa1
vcm_train_001641.wav,fil50_12677_ref_tagalog8_TEMPERATURE.wav,97a91a0b66d986e51bc7796d415b18d2b80a68af4b675e6e4a7727e28f31e30f
vcm_train_001642.wav,fil50_05191_ref_tagalog14_LIST_REMINDERS.wav,2917dbb2ae8b984337134fc3426ffb16ba280f9a07be559bdc440405e1e0e874
vcm_train_001645.wav,fil50_03475_ref_tagalog12_LIST_REMINDERS.wav,09c958fcbb86f83ef3af5e380ca1627dc1a188b22155192809f3ff86cf10feba
vcm_train_001646.wav,fil50_00160_ref_ilonggo1_WEATHER.wav,d50a12c286795e3d3919f317586e8c5c470938eeb2b80794bd95e99ae7656b6f
vcm_train_001647.wav,fil50_11001_ref_tagalog6_PLAY_MUSIC.wav,25d02fa92e1a414d1da0ca9725e30fd0a39dac30d9bb7ba4da4e6b5f1bc5e1dc
vcm_train_001649.wav,fil50_01849_ref_tagalog10_LIST_REMINDERS.wav,db194ff23b20dea3956b16d2841511042aad361cbbb8abf334dc1dfe4e9cdd25
vcm_train_001650.wav,fil50_11820_ref_tagalog7_TIMER.wav,46cdd56e29c842a191b2a9a658531dd2346d4c6d224b9dec9f2e665c0b32ede8
vcm_train_001652.wav,fil50_13467_ref_tagalog9_TIMER.wav,8813ed3e6306e9908da268cfd6dae1c940d8276eb0e4aba1e87fe0e6de4b7c38
vcm_train_001653.wav,fil50_08455_ref_tagalog3_LIGHT_ON.wav,fbba7a479c828971a94a711cd7558ecdd36feac668b1b9519424917c2e98a8c0
vcm_train_001658.wav,fil50_12679_ref_tagalog8_NEXT.wav,fddb9a746f8e62d3ea85fd157ff8777c2a3c36239aa02fc242f19ee94b1adb9f
vcm_train_001659.wav,fil50_05193_ref_tagalog14_COLOR.wav,a9d006bd2bb92d2b02f6161ea4538d4455a9de7095f3d6eee137fa9793f107b5
vcm_train_001660.wav,fil50_06038_ref_tagalog15_LIGHT_OFF.wav,4a9de558ed2488e5899ac2eb0f4bed9b7b159f9d208003763bbf4c18985eafc6
vcm_train_001661.wav,fil50_06817_ref_tagalog16_LIST_REMINDERS.wav,bb505319fc85edc458295417748a4a3a5624a8052c045339ea815872f9146fb6
vcm_train_001662.wav,fil50_03477_ref_tagalog12_NEXT.wav,f611462330a4bf896089741ce726f3f36572b1c46ff7e68d56432dd7fe7569df
vcm_train_001665.wav,fil50_10141_ref_tagalog5_PLAY_MUSIC.wav,c3c770b7576e4c9b3a5cb278aceed258eac71c3438b73ae4ffda5a3fda8e1491
vcm_train_001667.wav,fil50_11821_ref_tagalog7_COLOR.wav,244260d4261a9d10a9ad18948672b4332742484694feb69bed8412272211ad65
vcm_train_001668.wav,fil50_02675_ref_tagalog11_VOLUME_UP.wav,cf7c1bb54442406d1e6dd6b7e87fe0ffeb39871f4bfeb393d2b6ff74d43524ab
vcm_train_001669.wav,fil50_13469_ref_tagalog9_TEMPERATURE.wav,d7dcdec348440c649c6b33310d223c4840bd078380cee2d52647f156994ef21e
vcm_train_001673.wav,fil50_04334_ref_tagalog13_COLOR.wav,b2f084006eff2286bfa2a81d8a2ca11aa16218b483a3c5ee52cd9c6939e6883c
vcm_train_001675.wav,fil50_12681_ref_tagalog8_BRIGHTNESS.wav,0215534361c9a6f807a2a1bf091ea6771f78fc0686e76c014423259e6c3427f2
vcm_train_001676.wav,fil50_05194_ref_tagalog14_VOLUME_UP.wav,715bd5b1b2b32e214053611f339990728bdd844f009692cd0d6640defe3fe0a9
vcm_train_001677.wav,fil50_06039_ref_tagalog15_TIMER.wav,a552f57a9757c2a00bc03531fe93c9b3207526bb2888f5a2d3a5914e444941a6
vcm_train_001679.wav,fil50_03478_ref_tagalog12_COLOR.wav,e28e075901720e4724d5c5d27f114c4b341f16473cc64c906a25a190b9f41268
vcm_train_001681.wav,fil50_11002_ref_tagalog6_VOLUME_UP.wav,2a462e4b044ffe33875555aefac87c164fc4ddbc48a5e204eb8527265d37834f
vcm_train_001682.wav,fil50_10142_ref_tagalog5_WEATHER.wav,5fe596ba933e2d1c5e435b948d534bfdf5d8064fa6927ebc71acdf72eae9d645
vcm_train_001683.wav,fil50_01851_ref_tagalog10_COLOR.wav,c1b95769d6e4beeb32c57d92c21d88df2ced4a44de93a5658fa4cd4b42bcf430
vcm_train_001685.wav,fil50_02676_ref_tagalog11_NEXT.wav,e16d69f4bf9afa85cc216cd48f02cf2cd6c93faa3bc7a7cfe8bc153049c75d02
vcm_train_001686.wav,,3d8dee74d34d949edd957926eccfaf150d3ce8265db5b12c7e715803e42e47a9
vcm_train_001688.wav,fil50_01012_ref_tagalog1_ALARM.wav,76df39c9a8cdab3a889221867a263c1477ab80a059df8306c4d1898f5ff5a8c0
vcm_train_001689.wav,fil50_07539_ref_tagalog2_LIST_REMINDERS.wav,9ae72a11701820e80640d896d800eefcc855d24163177f823b1457a5845057c2
vcm_train_001690.wav,fil50_04335_ref_tagalog13_LIST_REMINDERS.wav,abdb2ae571bd69090ba83484a2db431518c37f73538e5bf454b3e4d3ab73c4d7
vcm_train_001694.wav,fil50_06040_ref_tagalog15_TEMPERATURE.wav,cdca75863ed23d3bd4666e8752c8803970746fb42ee5ac101d1ab7afb83ffbc0
vcm_train_001696.wav,fil50_03480_ref_tagalog12_VOLUME_DOWN.wav,9259bda9e6aa224e7021678e68a4a0a46d9f3946752344b76a2a46282400bd6a
vcm_train_001697.wav,fil50_00162_ref_ilonggo1_MESSAGE.wav,7d3265c9d3a7cef97a64b1dc7b85ffed9ae11710cc61a0d2a1fc0658024e2eaf
vcm_train_001699.wav,fil50_10143_ref_tagalog5_MESSAGE.wav,cbf8bf787ed13bcf6c05332d00e150370e79225fae72372e8f2e2d6b9a77ae6a
vcm_train_001701.wav,fil50_11822_ref_tagalog7_TIME.wav,1a90634adbe1f69b81c5a164ccde457eb434bf2038379dcbd7400734479096f7
vcm_train_001705.wav,fil50_01014_ref_tagalog1_TIMER.wav,cbbbf9c62124c8366c4d943d8084c32e54fa8c8795ae1cde745148fadbf6eefb
vcm_train_001706.wav,fil50_07540_ref_tagalog2_LIGHT_ON.wav,393e06414c0266a01bad61b77b0fbb8437ab4bc20cfc96bd0197de896ac60c68
vcm_train_001707.wav,fil50_04336_ref_tagalog13_PAUSE.wav,e54365e28cfbfca4a42a6b1351aff812035d4c2315d03fc62edccde3c876eb8e
vcm_train_001710.wav,fil50_05195_ref_tagalog14_COLOR.wav,abb2ddd45e7644bade093826052b7bd821e6fde089ddd40f6fa43c459788cf62
vcm_train_001711.wav,fil50_06042_ref_tagalog15_TIMER.wav,dc08f10cf0c15585851074489dc9cedf0d8043158c8eb97895d400f502aa3414
vcm_train_001712.wav,fil50_06818_ref_tagalog16_COLOR.wav,f71bd951c7e0ed9451b327b80bae01e604fd943b5330fe4afff2954ac14b8567
vcm_train_001715.wav,fil50_11003_ref_tagalog6_TIMER.wav,b68f6a6c4f7d1b3eaefa53b567825bddae19addbcf637c35704aae49051ffc34
vcm_train_001720.wav,fil50_13471_ref_tagalog9_MESSAGE.wav,cc48a8c18fea2ebb9b1ac07eb3ff5a1ccaea0d0d92f72d39fc52f97e44ea0dd6
vcm_train_001721.wav,fil50_08456_ref_tagalog3_TEMPERATURE.wav,19c8daa375d15e79c43b714a4d666803ebe07ae1f64d6ee5cee2a3a87fde235c
vcm_train_001722.wav,fil50_01015_ref_tagalog1_PLAY_MUSIC.wav,60f923664be7f2aa448c1089e95e0b77bbf26170900eb72dcd4377f2e13dba9e
vcm_train_001726.wav,fil50_12682_ref_tagalog8_CREATE_REMINDER.wav,a6a863ce9bb827916233aa63482c14f7d51e6ce59c938180729bed01eb74977d
vcm_train_001727.wav,fil50_05197_ref_tagalog14_ALARM.wav,8ff4fb335a16f33d24bc32147b7c2cceca895c92cca81b621d6f1e198722336b
vcm_train_001728.wav,fil50_06044_ref_tagalog15_CREATE_REMINDER.wav,3a0474ef66c931486b74180dd4acbceeb14d4f0d62e0da4b0db333a257986158
vcm_train_001730.wav,fil50_03481_ref_tagalog12_NEXT.wav,efaac7e3d7a4d58a158dad574aa14d76905602eb64a8907ca56f8b590e6b9fb9
vcm_train_001732.wav,,07603402097036d6383e524a8a342b001c1d3ee77845b9ee49f0976b74411782
vcm_train_001734.wav,fil50_01852_ref_tagalog10_LIST_REMINDERS.wav,25942b9a412bc0430c2f6db812597bd84ca6aeb697505a00cf7c66c7f6f4f1b4
vcm_train_001740.wav,,e38fb65f2bcce8fcadb986b0145d309b6ddb5422d21b0b60014b5f3f037ed470
vcm_train_001743.wav,fil50_12684_ref_tagalog8_ALARM.wav,ddc7937bcba9058a0d4713efa587d8c2e76ba21b5f3218cfd2c121ed1a57f46f
vcm_train_001744.wav,fil50_05198_ref_tagalog14_TEMPERATURE.wav,dfb6103b07b6b481b39730f24ce352ec48ce0cbb69f776fce190ac5e29968cad
vcm_train_001745.wav,fil50_06046_ref_tagalog15_BRIGHTNESS.wav,ffbfd6a57e8b9db132d910e969f9c9efca887ebe31e0bf000d994376877d9013
vcm_train_001747.wav,fil50_03482_ref_tagalog12_TIMER.wav,cd5407786fc53adc87817469f7f5e98b89612365b8fb8f530dab5da232f6c076
vcm_train_001749.wav,fil50_11005_ref_tagalog6_STOP.wav,88a8fc62ed8cbdfe55fbd3773726c73d71d4c220755f6cfb0768503d55f8a0a6
vcm_train_001750.wav,fil50_10144_ref_tagalog5_BRIGHTNESS.wav,22c591d40a0f5f5885bb166f88f8fcc0ed3eaa10a0067bd7d5a53aa35b09f988
vcm_train_001752.wav,fil50_11823_ref_tagalog7_WEATHER.wav,467d287661b092db386254bd7af7245ce392910f7fefb64c1eece27b87541c19
vcm_train_001755.wav,fil50_08458_ref_tagalog3_NEXT.wav,7ea50d5a5e026c575db384119f2441495121ad8d9c0a349e76b7e54c32f9ff3d
vcm_train_001756.wav,fil50_01017_ref_tagalog1_BRIGHTNESS.wav,9d547d8002a80d09ff3fe8131ef15d8347878f673a7dd44f9d0f024230f032c3
vcm_train_001757.wav,fil50_07542_ref_tagalog2_ALARM.wav,64369b5a8861b5848b0c58f718f7d096bd9b7bad07add6471cff52686922c2b6
vcm_train_001758.wav,fil50_04337_ref_tagalog13_TEMPERATURE.wav,e765ceaec353f10c48a593b1e5b256396d583a8ee2dfeed845e0418165a8dcf3
vcm_train_001760.wav,fil50_12685_ref_tagalog8_LIST_REMINDERS.wav,8c07780d013699b86f0ca55d8e362346ab3201732a497d022284e4a5bc6ad4a8
vcm_train_001761.wav,fil50_05200_ref_tagalog14_TEMPERATURE.wav,f18814836eddca76d68aa711ed7e1f5748bc73c2e43c1db3c75ca672042c536d
vcm_train_001762.wav,fil50_06048_ref_tagalog15_TEMPERATURE.wav,58667035a53ded42b54a3dbfde98eeea49e23f2a8b79d7a820575b9f6e8b9307
vcm_train_001764.wav,fil50_03484_ref_tagalog12_CREATE_REMINDER.wav,595d910aa38b9ab9cd3230cb57f8f44df917311890cdcb830b15798211022633
vcm_train_001765.wav,fil50_00163_ref_ilonggo1_VOLUME_DOWN.wav,271353b36fa9eb3ca73032beb1472becd3ba65369e01d66a4bb6f74a1f071b78
vcm_train_001767.wav,fil50_10145_ref_tagalog5_NEXT.wav,32f64de8b64a33925f05948deefe6fa6a10ea1257a4ed68a6ac6869d59b2f6a2
vcm_train_001768.wav,fil50_01853_ref_tagalog10_WEATHER.wav,bc6dba7d7e203e2ee893c3ff948d5ff66eb7e5def5d4e245dfc170bc9a638489
vcm_train_001769.wav,fil50_11824_ref_tagalog7_LIGHT_ON.wav,ce39498903d29faaeaa2deb0158c9f8619889e0e9361add00de1e5e5ffd88ee9
vcm_train_001770.wav,fil50_02677_ref_tagalog11_ALARM.wav,c488808e810f2cfa7e404ef6f81f51503f6fec1cb66e97c5f4e7ba17b1ee7934
vcm_train_001771.wav,fil50_13473_ref_tagalog9_BRIGHTNESS.wav,20b967b815878d065146d191039e92942c4eb9b729f2cbd633a01399fc98ad78
vcm_train_001772.wav,fil50_08459_ref_tagalog3_VOLUME_DOWN.wav,468c9ccbba4f2dda9f3336171ca35086be21a43b189a8b81dc7742fe5c72d912
vcm_train_001775.wav,fil50_04339_ref_tagalog13_STOP.wav,0572b310a4aa9dea9c253119f81115e3cbf47f9ce7e0e393d6c4589323ed684a
vcm_train_001776.wav,fil50_09300_ref_tagalog4_TIMER.wav,2fc0a64d9c2f66e9b8e36fae0b512dfd506c3eaa53a01afe16496f36a78e60d1
vcm_train_001777.wav,fil50_12686_ref_tagalog8_CREATE_REMINDER.wav,e777408644e80d31eac67eeeee45fe20c62f797a9f897c70a74b4ff547d25d66
vcm_train_001778.wav,fil50_05201_ref_tagalog14_ALARM.wav,f2f505d16cfd3a9cf6e9b950c87f33147e76dd941e22c338356fa907cb3bc24d
vcm_train_001779.wav,fil50_06049_ref_tagalog15_TIMER.wav,5076765b9e60fa75c61510afbdf3b7a5be7001792fe6a0e4bcef4026cbc2fdf9
vcm_train_001780.wav,fil50_06819_ref_tagalog16_WEATHER.wav,0183be610a12a307854b7348bcaa1577406abd3894818a282e1619fe51ea1520
vcm_train_001781.wav,fil50_03486_ref_tagalog12_TIMER.wav,5029d4dddae28ab0099805b1ac65f4003695fd1a91c6e585c11e8e75dc0323fe
vcm_train_001782.wav,fil50_00165_ref_ilonggo1_NEXT.wav,8c2ca8ccd4bfd9b8b16e2453561079f7eaa374c7070a1fb94d47394dd5e76b73
vcm_train_001784.wav,fil50_10146_ref_tagalog5_COLOR.wav,8cafe5589d54f7c5683a2347d57b8a421f4847d9e4f241587c4442251246532c
vcm_train_001785.wav,fil50_01855_ref_tagalog10_TIMER.wav,006e41ad4240f85aba914b1c05b74afdf669cea451f92e9eaea4c44988c59814
vcm_train_001787.wav,fil50_02679_ref_tagalog11_MESSAGE.wav,58edecf9405f09c99d2bcfd7a09f8633ace9dc0f38609d175432922a2fc90628
vcm_train_001788.wav,fil50_13475_ref_tagalog9_CREATE_REMINDER.wav,6751a7139f4e5e132694023cb59a66e11b3aee9b38982bf7c53322c27398c8ec
vcm_train_001789.wav,fil50_08460_ref_tagalog3_MESSAGE.wav,38c206883b7cb95744c9081c28c1e20c07b1d063c2188faa3c659e5f07bb5c7f
vcm_train_001791.wav,fil50_07543_ref_tagalog2_COLOR.wav,41d70f80fb21431e95c16aaa0de62a5b3401fcfc182eaf609fe6cdab6ac8c370
vcm_train_001794.wav,fil50_12687_ref_tagalog8_CALL.wav,4cbc385ad181b81722d64d56bbec34d73ee8f4b3226b3bc9b5976a1db27e687c
vcm_train_001797.wav,fil50_06821_ref_tagalog16_LIGHT_OFF.wav,d45c90c5e9441aef481007fbb5d9ca1eb878b1028689aad21e753948d626ac50
vcm_train_001798.wav,fil50_03488_ref_tagalog12_ALARM.wav,4f98b351bc0e7853434df31dcc87ff82379432ee5b9f4235fd00a6d9e478efcd
vcm_train_001799.wav,fil50_00166_ref_ilonggo1_CREATE_REMINDER.wav,7253bc8f3c232d3f474609bebecc7ac386626981a47990465c2a1837998fcf55
vcm_train_001800.wav,fil50_11007_ref_tagalog6_VOLUME_DOWN.wav,d77bdf5efdc9b207a01e424063f798a1efb9d8c1a2497a53334b961072dc04ff
vcm_train_001802.wav,fil50_01856_ref_tagalog10_LIST_REMINDERS.wav,517fba4d44f3404ad4a3d9aa4dddb0f4fa0bbf156fc97e97251a8a355f62502d
vcm_train_001803.wav,fil50_11825_ref_tagalog7_VOLUME_DOWN.wav,112d58d295fd9c56177ffc9ee2bee1b6dc6c0b778d68ef9164cf31987c0f117e
vcm_train_001804.wav,fil50_02680_ref_tagalog11_BRIGHTNESS.wav,176c652fd34456b0d64e0ed47409de59b749ab8ab97a8578d94aa7fcecad3e24
vcm_train_001805.wav,fil50_13476_ref_tagalog9_COLOR.wav,f9f3892109bbe9151244455dc0fa709df19c0f1e1f233178bb74f3b0bf408246
vcm_train_001808.wav,fil50_07545_ref_tagalog2_VOLUME_DOWN.wav,c0b1b35569183a8188852babcba49bf525ffa9500f922145d8ac6085cca77180
vcm_train_001809.wav,fil50_04340_ref_tagalog13_CREATE_REMINDER.wav,a31b0471d9ca076dd70fa7f80c4cd83980b5682a0992f39531df4450630fac24
vcm_train_001810.wav,fil50_09302_ref_tagalog4_NEXT.wav,9c976b2391b76437a2dbd1be0be233d8c45a9111614b5cbdcbedf54994f64fa7
vcm_train_001811.wav,fil50_12688_ref_tagalog8_LIGHT_OFF.wav,d8be4ebc0415550f6f202fe7c13d98a1e1c38fdfe012923b56c9ed20b3b04062
vcm_train_001813.wav,fil50_06051_ref_tagalog15_TEMPERATURE.wav,d952473d2629685e9a954a0b94363fc07b933c9b4ab20ce78e8b6533f9eb0984
vcm_train_001814.wav,fil50_06822_ref_tagalog16_ALARM.wav,628520a7222c9dedb08dd6a9c8248915e9d6982bc37d5cc6881af1a64956b700
vcm_train_001816.wav,fil50_00168_ref_ilonggo1_COLOR.wav,1819ed684bffe8baea35852eafe20fc61b9a94dcd067004449bb319fb159684c
vcm_train_001819.wav,fil50_01857_ref_tagalog10_LIGHT_OFF.wav,cd8d9a97b66fa72a6d1256a9fd14c382268bf9a8145d66ec7cd526c99c9c8586
vcm_train_001820.wav,fil50_11826_ref_tagalog7_LIGHT_ON.wav,023166a1e67e9dd429670e544a542e066b1fb3d92eeffa6b7459cc7ebf79fc0b
vcm_train_001821.wav,fil50_02682_ref_tagalog11_NEXT.wav,b53682d127f06bb3d19da144f8823c0147bcb8f95cd172d6cffc6330c9477754
vcm_train_001822.wav,fil50_13477_ref_tagalog9_NEXT.wav,c4bc22e0ea2fbe14b2382fcece5f569fbf9ec4165d181642a4b295d7e07da905
vcm_train_001824.wav,fil50_01018_ref_tagalog1_COLOR.wav,75099859131138802fcb2af04546a80736e3c818a6cc02f9169ec3996d73fc4d
vcm_train_001825.wav,fil50_07546_ref_tagalog2_WEATHER.wav,9e6841338f73768c7e4f30a93af443e4a6204503160863eb9a3a885d118f77c3
vcm_train_001827.wav,fil50_09303_ref_tagalog4_WEATHER.wav,6b4c0c7d9460e5b2989f464dc54ed283a6e2c74ea07f0819b7aad7f8eba0cee9
vcm_train_001829.wav,fil50_05203_ref_tagalog14_ALARM.wav,e71386884e471db89c46dd567ece57c22cefecd0306413487d2d980be3bc002f
vcm_train_001830.wav,fil50_06052_ref_tagalog15_COLOR.wav,176362c9745d6ce728632cfb0530941d096ad86d2108334341ba8cdfbe8df3c3
vcm_train_001831.wav,fil50_06823_ref_tagalog16_STOP.wav,74af95e93b5b40f8b20afbb83218d45750d7cf74d3f676737b70ab7cfbd50fd2
vcm_train_001835.wav,fil50_10147_ref_tagalog5_WEATHER.wav,d2bdea4fd2d78dd10d63a7087068ff00b43fb5436f00453566bda89b299885ca
vcm_train_001836.wav,fil50_01858_ref_tagalog10_TIME.wav,29c668d888b2358c752d8b3fffaab0553466ae318f47021709c5ee5d4b32375a
vcm_train_001837.wav,fil50_11828_ref_tagalog7_ALARM.wav,573e49bf8b3c59e9cedf685d92f7fa60be42dd295f27e17b517bdb2d1facc4aa
vcm_train_001838.wav,,45f3d68c6b6a278df79344fb760457171e28071ed23b1af432971dd22f827886
vcm_train_001839.wav,fil50_13479_ref_tagalog9_ALARM.wav,7d538627bca7162e850fe1923b79b57a4a98032dd0dfb24fce44bfff2aa85682
vcm_train_001840.wav,fil50_08461_ref_tagalog3_TIME.wav,a300c0aa0f67a96a940d29ecd1416167010af4a43a81fa78670ce1093150cdd5
vcm_train_001842.wav,fil50_07547_ref_tagalog2_MESSAGE.wav,2a951d2389327e0c055aefa52821baf613dce5c172c71bdba9aa7cbb6dba1b9a
vcm_train_001843.wav,fil50_04342_ref_tagalog13_TIMER.wav,36eb510a4c44f8d50f6980178f649b468aed44b04cc2eac9b3a4a6ea5e0dbfe0
vcm_train_001844.wav,fil50_09304_ref_tagalog4_TEMPERATURE.wav,a485dd14f64ec4cf8101d2789361f75449874da7f9aa4fc95c940797f39afdf6
vcm_train_001845.wav,fil50_12690_ref_tagalog8_STOP.wav,3efccfc3a8411464a621b8809afa4cb9d59e089711847822f0ac66221ab62de9
vcm_train_001848.wav,fil50_06825_ref_tagalog16_CREATE_REMINDER.wav,57eeae1431f43085fb36c8c3ab6f371916797b6b2714749c8f4a9dfa083ca17a
vcm_train_001850.wav,fil50_00169_ref_ilonggo1_TIMER.wav,96c4e4359dc4c1da77104851b9c2473330b9d612046dddaf4d41d62b009907aa
vcm_train_001851.wav,fil50_11008_ref_tagalog6_STOP.wav,f5e7a3791fe06ea9555b10cfa6b78e0a179b987139ea18637044765b3843a69a
vcm_train_001853.wav,fil50_01860_ref_tagalog10_STOP.wav,1fcc9cb6b558dbdb41b50c7fec5fb2ff55b8cccc41c99c42a5252db216ae65f9
vcm_train_001854.wav,fil50_11829_ref_tagalog7_ALARM.wav,e4204783734f1de26929ddb909015c756dca954e477bdd58eef6326d2cc4bd15
vcm_train_001855.wav,fil50_02683_ref_tagalog11_NEXT.wav,c835d0a097cc5a3ab4a4f7cd55af68e9053f4e3cfb7bb20983c4e714701519e8
vcm_train_001857.wav,fil50_08463_ref_tagalog3_VOLUME_UP.wav,f795302699e8274b5b8aaabc4f063e6153d9c02e4efc1c085468a9ba123c7293
vcm_train_001859.wav,fil50_07549_ref_tagalog2_MESSAGE.wav,a1590d6139f2963ba87e8b0c8266fa571fc3875a11fe438261a68f6ca6bce3bb
vcm_train_001861.wav,fil50_09305_ref_tagalog4_TEMPERATURE.wav,91e0a397b1d11e594f59d92442e7e5452c2523b080d6a6eb71c780b6519badf8
vcm_train_001863.wav,fil50_05204_ref_tagalog14_PLAY_MUSIC.wav,555334cadf04d8ded098973188a80a7bf10ce808c52cb0c4382d20a8bb15829a
vcm_train_001866.wav,fil50_03489_ref_tagalog12_COLOR.wav,c9e048bb8ef6e07e42cf743ec9b8cf0f9b9302b9d69278d4aa96b7c617ea4ce5
vcm_train_001867.wav,fil50_00170_ref_ilonggo1_ALARM.wav,c1f1f31962ef6cf983451268fc3743b68bc5a46f11eed892b82ef0bfd00f4787
vcm_train_001869.wav,fil50_10148_ref_tagalog5_PAUSE.wav,ff9e4a60d31eaefb4bc647ad0609007284a53eb8c5594bfffac770c77cc760c8
vcm_train_001870.wav,fil50_01862_ref_tagalog10_STOP.wav,5e4f89fec8ccdc77d8e318bc8bd38363a79ecc87262c2533136d2b7888d42294
vcm_train_001872.wav,fil50_02684_ref_tagalog11_CALL.wav,082b22d68d7653449ad42d8efa2a29ac9df2c757648bbd113e69399d86019191
vcm_train_001874.wav,fil50_08465_ref_tagalog3_VOLUME_UP.wav,603a1f3ead1aed59936ea450cbbeb1792c27dbf5d61dfc8e0d7fd088fdc4dd0d
vcm_train_001875.wav,fil50_01019_ref_tagalog1_NEXT.wav,e6a371a71b7043a69df73b03f5bae3ab9d47f6bb356eb5b183f16799a2fcda06
vcm_train_001877.wav,fil50_04344_ref_tagalog13_TEMPERATURE.wav,74c5c9891fe3708dfbc41b371e35059d6ff6fabd47f3dd8ad3728a74c83b82db
vcm_train_001878.wav,fil50_09306_ref_tagalog4_VOLUME_UP.wav,86d5935317035c09ba99f61e241a93e7eee20efb6b996bc1ca0bcf7c7be3be5e
vcm_train_001879.wav,fil50_12691_ref_tagalog8_TIME.wav,6a94fd9c64124cc3b0b90a483ee4ec7e74372bffaa3d0abf916b9912201cafce
vcm_train_001882.wav,fil50_06827_ref_tagalog16_LIGHT_ON.wav,6eab36bfc81fc19903acc99545f8a0ddae8f6d93af1d0031c44239588413970b
vcm_train_001883.wav,fil50_03491_ref_tagalog12_ALARM.wav,d7b84c59329e33cc2962386a7243bb718f58839d92575c7ae60eabe61c21e729
vcm_train_001886.wav,fil50_10149_ref_tagalog5_PLAY_MUSIC.wav,758c7040892ae56bb5ea4e67c24df1a02bf0a1776085363da1ce415f630b3381
vcm_train_001888.wav,fil50_11830_ref_tagalog7_CREATE_REMINDER.wav,66ccdfe5232035bb9b3888f73ad15fdc10d8acc96ff190a053cc722d57f70512
vcm_train_001890.wav,fil50_13481_ref_tagalog9_LIST_REMINDERS.wav,fcebcf096ca16b2cdf9f690d60b5c1b711e71daa24d1a735306a663ce7a2c6d0
vcm_train_001891.wav,fil50_08466_ref_tagalog3_BRIGHTNESS.wav,80f62edc259366453c8281d4781962253bcd5b3392767b9e8b6791d0034f6017
vcm_train_001899.wav,fil50_06829_ref_tagalog16_CREATE_REMINDER.wav,1fc3539300adc41e84d428ca06e178fb509e0e20547fabad3a30634fbe71ff4d
vcm_train_001900.wav,,4e722c45d2e0ae6632a88fad30eedf5f31130c8da6f65513ec4c41c171924631
vcm_train_001901.wav,fil50_00172_ref_ilonggo1_LIST_REMINDERS.wav,e0561ac495d4ab0fc5b4f60675830f2df9be790ff073b5fe74f19623f32a30a6
vcm_train_001903.wav,fil50_10150_ref_tagalog5_NEXT.wav,d630984cf895e6c6bca46f93f9d965ce9cf03569777e9840238776c299aa5532
vcm_train_001905.wav,fil50_11832_ref_tagalog7_VOLUME_UP.wav,30d498c66a90a821a7988a18622f000f83e1965bd779cc75942aba0d23ebb5ce
vcm_train_001908.wav,fil50_08467_ref_tagalog3_LIGHT_ON.wav,9c735fddcf983fd74a37d06e6710032e518904c14a595c0a6a265c4428a7666d
vcm_train_001909.wav,fil50_01020_ref_tagalog1_PLAY_MUSIC.wav,4cbbf9a78e348c8daff3ca1c2713768b412ee5111bde65d052b501a9d9a4f48e
vcm_train_001910.wav,fil50_07550_ref_tagalog2_VOLUME_UP.wav,8d21695101a9bc1c1593bca34a2ce072e7254c8213a961b3d46b121740be578f
vcm_train_001911.wav,fil50_04346_ref_tagalog13_COLOR.wav,2007b23771e211091b8a0c970cede23e354fed2eb31ee746f6d5949b50f5466a
vcm_train_001913.wav,fil50_12693_ref_tagalog8_TIMER.wav,069a79d57ef9a2815dbc814dbf15c7ad7514d7851e4bc5562c9431df573f516e
vcm_train_001915.wav,fil50_06053_ref_tagalog15_TIMER.wav,50550eb0ba0455c3d91888cc8f06bc3f6c1270c1bc555a55a65c20eaba511a4f
vcm_train_001916.wav,fil50_06830_ref_tagalog16_CREATE_REMINDER.wav,9be2ccc7d280df02d60d34df170e3adc43b6f74ec34e40bad410bf0f50a48828
vcm_train_001920.wav,fil50_10151_ref_tagalog5_CREATE_REMINDER.wav,dac0ef50df98c695bd42ff4979c04b254da23da9c34d6332f7f80dfb60324aa7
vcm_train_001922.wav,fil50_11834_ref_tagalog7_COLOR.wav,c6410c517315c59874b2f5652a6cb00f0b43e0c706b9b98a2dacc7f5bd698d36
vcm_train_001923.wav,fil50_02685_ref_tagalog11_CREATE_REMINDER.wav,ebe9df993d058c406b3d4f882249de5202e467183826f0e05b1085e259e8cb8f
vcm_train_001924.wav,fil50_13483_ref_tagalog9_COLOR.wav,81480ce13c2e9344a55c46484a70b37afc376dc2b5669228cbdc60520785fb9f
vcm_train_001927.wav,fil50_07552_ref_tagalog2_TEMPERATURE.wav,8ff030e16d5e505c5f0f5d3a3c049c4723e7b77ef2bfe5b5453a69849bb8ea74
vcm_train_001929.wav,fil50_09307_ref_tagalog4_LIST_REMINDERS.wav,17fb421df30f19e612a7dd8b6d60c1f294c23ddeb73910397fa1b8a586eb56f8
vcm_train_001930.wav,fil50_12694_ref_tagalog8_MESSAGE.wav,12393fd874a46e7c512ea32eb1d5861ce4ee64ee0af75870216527f6ff1140e9
vcm_train_001931.wav,fil50_05205_ref_tagalog14_TIMER.wav,56fb0bad012fc9f212f012c989ae5bae29c16ccb7c164be3ede7364f9c210881
vcm_train_001935.wav,fil50_00174_ref_ilonggo1_TIMER.wav,ca7447745963978d874fb6575faae78ec60407926af1d461dd6ab853e439e2b9
vcm_train_001936.wav,fil50_11010_ref_tagalog6_CREATE_REMINDER.wav,3bf18ada61ac3a7f5f4e450ed9077d31e887ccb293bea177493cad6c1be07e57
vcm_train_001938.wav,fil50_01864_ref_tagalog10_TIME.wav,0df70bd5876b6d3ab52b247094deddd5b5449dfd7bcbce7440e43b9ca26f32bc
vcm_train_001940.wav,fil50_02686_ref_tagalog11_COLOR.wav,7bfe5c64a8a79636e2a2f34ac5866241996a1413074ab0c02a6828cb8f0526f3
vcm_train_001941.wav,fil50_13484_ref_tagalog9_VOLUME_UP.wav,970956ff93d7ecfd95be11dd4d09bee635e4dca4df59a0aabb7e9cb4fe5d368a
vcm_train_001942.wav,fil50_08469_ref_tagalog3_LIGHT_OFF.wav,25348e6b1cd8cca94b56991cbc4cbdbf61261512037276e60b92202259a4656d
vcm_train_001943.wav,fil50_01021_ref_tagalog1_TIMER.wav,67569fd28f618c51b81da1464521c2ec753871fc672e23922f6682b8d8f3203d
vcm_train_001944.wav,fil50_07553_ref_tagalog2_CREATE_REMINDER.wav,f6e3680110ee44e03621dceabb294ba06c7dd7200ef5128b5784a28188c25774
vcm_train_001947.wav,fil50_12695_ref_tagalog8_COLOR.wav,db7de86cdfbddff7296a0e6b756b6b6a199fdceb10261a9a9a37fd2e7b932733
vcm_train_001948.wav,fil50_05207_ref_tagalog14_VOLUME_UP.wav,3af298d35701a069b877f9b6520a96118447c4b5c63660d63590129a2be33451
vcm_train_001950.wav,fil50_06831_ref_tagalog16_PLAY_MUSIC.wav,d5e9d6ef22de8bb56c2a8eff8098f5c2f68e84d6913d367820f2a925fd2ad41d
vcm_train_001951.wav,fil50_03492_ref_tagalog12_TIMER.wav,de5fb32805d53a899541a2d0e1b72a9aef9120cff34ae32c0090781e62623442
vcm_train_001952.wav,fil50_00175_ref_ilonggo1_LIGHT_OFF.wav,c10700bcb67375999b141763eb22472056ea149bf3d9587fe0ba2ef95e351980
vcm_train_001953.wav,fil50_11012_ref_tagalog6_NEXT.wav,2b8ff12c27c0e4d21387b5e61cf3a7020ec659c5318bf32f1401bcdc06c0113c
vcm_train_001954.wav,fil50_10153_ref_tagalog5_CREATE_REMINDER.wav,9f725515860a02e9402e40e09d7f122b8416ec0396b3cf3c30a84419f1fc37f1
vcm_train_001956.wav,fil50_11835_ref_tagalog7_COLOR.wav,78b34b6a947de31eb81d8bdf2d8a8f1024d558590a406d49590b9c38701da5f7
vcm_train_001958.wav,fil50_13486_ref_tagalog9_NEXT.wav,b5062e2e98ef7fca3c3419c5f8b4f09647b527bbad0e791e16448b975087fd66
vcm_train_001961.wav,fil50_07554_ref_tagalog2_BRIGHTNESS.wav,3f38760acc31785781cb3877165226ac56cc045ffcd4c8ed183a557f12b14cc1
vcm_train_001963.wav,fil50_09308_ref_tagalog4_TIMER.wav,c170b105ff13a89c793fc7906f38ae4c5083e57847e84bb6ba3ca8b85e1167cb
vcm_train_001964.wav,fil50_12696_ref_tagalog8_LIGHT_ON.wav,c85fbb3a1fc7db043bc094f848bbb58dc52c4e7d6d2f0db472d2b67c7a64c077
vcm_train_001965.wav,fil50_05208_ref_tagalog14_TIMER.wav,38755d6417aa972ed5b25c214ab1a86772bbc3b260e0e2fe510dfcf1afd1e537
vcm_train_001967.wav,fil50_06832_ref_tagalog16_CREATE_REMINDER.wav,67ab8a33bc468ff77f2cedcb00df92964c7dde4b0ca80696cedc799f7cb54542
vcm_train_001969.wav,fil50_00176_ref_ilonggo1_TIMER.wav,116e2b9206da4b990b175ab8a2363fd53f90b3ed5e0ce6ddb0544773e7822e78
vcm_train_001970.wav,fil50_11013_ref_tagalog6_CREATE_REMINDER.wav,a8d160d6f291d500f5fe704f13c89f72d133d856ce97437ed7b1d3f731a4415a
vcm_train_001971.wav,fil50_10154_ref_tagalog5_TEMPERATURE.wav,0a5e8f79fc94e5f40f8542f1993dc080d370052e8a9e434ae4d154bdb418afc2
vcm_train_001972.wav,fil50_01865_ref_tagalog10_BRIGHTNESS.wav,cd3c1597c70aec7a08838c7759dfe4fde2a3e519ae6608e20efd7db055f3276a
vcm_train_001973.wav,fil50_11836_ref_tagalog7_COLOR.wav,aed2252651641d36b41796de05d4d5ffa67ed35bf5f6eeda7b47f27e3ed2f9de
vcm_train_001974.wav,fil50_02687_ref_tagalog11_PLAY_MUSIC.wav,897aba73b5b614db10d85158f3a0d7b7fcbc9d0fb8453bd8e941b9cf3cbb9eac
vcm_train_001982.wav,fil50_05209_ref_tagalog14_WEATHER.wav,08961e8f5dc1343eb331c79b8f10554c7fad7083a51353191567a4a78a2ba7a9
vcm_train_001983.wav,fil50_06055_ref_tagalog15_WEATHER.wav,b1a22cb06022f1bb8d2120e98c393162a8a383a6d63662d1a68cd850c4579179
vcm_train_001986.wav,fil50_00177_ref_ilonggo1_BRIGHTNESS.wav,f126bd3b711bbfe57ba44be30c35e8bf612629a4d55003a0250c753ce1d7be63
vcm_train_001988.wav,fil50_10155_ref_tagalog5_CREATE_REMINDER.wav,fe44eb8157f5e6bbab1a1e39a0e34114f969f787a518754f3201c87caa3aa5b9
vcm_train_001990.wav,fil50_11838_ref_tagalog7_ALARM.wav,8a34374c34cd6172bc867c2742b9c8ec5db9ea3c189abc28104277388dc6454d
vcm_train_001991.wav,fil50_02688_ref_tagalog11_WEATHER.wav,fc3f78569426667480d1fe3dba25485afb76b0603c359764dec726a26433dcd1
vcm_train_001992.wav,fil50_13488_ref_tagalog9_NEXT.wav,78fb7d821e092091c727231d53c453f01fc6ea414ea1196afd5bc7db1eb0b894
vcm_train_001993.wav,fil50_08470_ref_tagalog3_LIST_REMINDERS.wav,2130eec96b517ce5e7727199eb9eb5685c31962d68aa39c4c3ad163e697c49f6
vcm_train_001995.wav,fil50_07556_ref_tagalog2_LIST_REMINDERS.wav,1f3ff7639f9bd98d0a440b4230df0d29f2c3acab6388b4eac364553a223cfeb4
vcm_train_001996.wav,fil50_04347_ref_tagalog13_COLOR.wav,57095f031aca9f5f65751de3b878e27c9453d9dbe987cbc3c00e3cbf894f17ce
vcm_train_001997.wav,fil50_09309_ref_tagalog4_ALARM.wav,fe8d5ceb89a7385edc2cb544d1a0117cae4761cc8cf71ee0ab501d8c2d88d5ae
vcm_train_001998.wav,fil50_12697_ref_tagalog8_COLOR.wav,24638794f78d03f597d5d816b654a4be3a4a7e486e823057bca4c8042c6b5200
vcm_train_001999.wav,,b8886dd5c4b89fbfe0cf35a33c3b32ddc09b93ae33838d90443e105a59388dfe
vcm_train_002000.wav,fil50_06056_ref_tagalog15_NEXT.wav,468a761374a3608d78d92ca17e2eb4f276ecf41fd460d711a0b42b173104c47f
vcm_train_002001.wav,fil50_06833_ref_tagalog16_COLOR.wav,60ac3ea629482fd51bdd2de91e8fba2e9c1c541f651b5e9fb0637b535854bf66
vcm_train_002003.wav,fil50_00178_ref_ilonggo1_NEXT.wav,4cc540209771033ee957d4f099d612e6a557a123d4be222b033d822f20676a70
vcm_train_002004.wav,fil50_11015_ref_tagalog6_CREATE_REMINDER.wav,dc5a44ff7ef9b26d3911c279cfebdcc759847948ee0fe676d7839adfc8f91f0a
vcm_train_002007.wav,fil50_11839_ref_tagalog7_STOP.wav,bb2214546819bc36e2f3bda062b1b7913eb28c312fe59bb9eb17bcb3236911e9
vcm_train_002010.wav,fil50_08471_ref_tagalog3_TEMPERATURE.wav,1f6616d4f3eac43ebdcfdc95fe246a6ee69b6968d553a6f777dd7368e6d35515
vcm_train_002011.wav,fil50_01022_ref_tagalog1_TIMER.wav,4b77bf9c7c319e52d87a19c0f8d088972c337bfa61c4870d24dd58b6dd0ae5a8
vcm_train_002012.wav,fil50_07557_ref_tagalog2_MESSAGE.wav,bab7f6247be3fe5d84bdc4909019f0ac7485b612bf84925848e9a75202a5d281
vcm_train_002013.wav,fil50_04349_ref_tagalog13_PAUSE.wav,47cc88125c69854e69d577b1b5e063de56ae60660a6603f3bfea11029a52449b
vcm_train_002016.wav,fil50_05210_ref_tagalog14_CREATE_REMINDER.wav,d6a0faf62c6ae917d44f1f33506bba890c74d8a93dcb082de58a4ebbf2ccf790
vcm_train_002017.wav,fil50_06058_ref_tagalog15_WEATHER.wav,56cd1fbdc64fbf9e40533ad37371cf4d66b3f3946d9b6ef32fa28bfea533e578
vcm_train_002018.wav,fil50_06835_ref_tagalog16_VOLUME_UP.wav,a1361f0cbbe79443c7b8b3c1c97276c505c6ab9c53d186409fc28a7d941ad7cd
vcm_train_002019.wav,fil50_03493_ref_tagalog12_COLOR.wav,9d8966a500ea889f10b62eb656f09cdf48c424be1f44cc15fc9a2a6ab1f9b05e
vcm_train_002020.wav,fil50_00180_ref_ilonggo1_COLOR.wav,f22a19e2f85361ddfe273c2e3864741a13d2926b5797d3ffb5c3fc944521ef28
vcm_train_002022.wav,fil50_10156_ref_tagalog5_CREATE_REMINDER.wav,6ff86963611fd184488aa8e71785ac99766048bd3c9f222b5ecefdf505ca84b5
vcm_train_002023.wav,fil50_01867_ref_tagalog10_TEMPERATURE.wav,6c1a5d682f8a22a1505a3f9f9d09e6efcfdc86a1f72882d2279ef5c3de44506f
vcm_train_002024.wav,fil50_11841_ref_tagalog7_COLOR.wav,e9168701d4c6d5be5e724d7c126bcba25995af8e5c4b38e3756c52cef3839a4a
vcm_train_002026.wav,fil50_13490_ref_tagalog9_CREATE_REMINDER.wav,4cfe5d9e45f79be8d88efc4eb316895e5d162375b73a3f440c5f1c3156ce8a48
vcm_train_002027.wav,fil50_08473_ref_tagalog3_COLOR.wav,e42c8f56f64e211cf56c04d83c985ea7dcf9bf5b16b1d242312b92153b1b6896
vcm_train_002028.wav,fil50_01024_ref_tagalog1_ALARM.wav,1b36d77945833a7fb3eaf19ee643d2b697e50e18925201929f99610c07912e1b
vcm_train_002030.wav,fil50_04351_ref_tagalog13_BRIGHTNESS.wav,c46ef73b06525c973a6d28d3f8ad84a910be5868ffb76a6d2625091c8bccbea8
vcm_train_002031.wav,fil50_09310_ref_tagalog4_WEATHER.wav,d05768e1e9039ef2a74fccc781ab830ace69fc1807d5f6f046dad76ab42c8393
vcm_train_002032.wav,fil50_12698_ref_tagalog8_TIME.wav,d637dd6d0dbfafb931833191c56b50a378a0505df32827b755c2b73f0322ff1c
vcm_train_002033.wav,fil50_05212_ref_tagalog14_TEMPERATURE.wav,fb839f743f3875389c93b2f599651d3731bc5610a5080edb2d2865b5c219a6ed
vcm_train_002034.wav,fil50_06059_ref_tagalog15_LIGHT_ON.wav,7f90b4fe6db4063210932d2c9f4f19a6c6af82f2348cb8ec1c1efd3549ffe081
vcm_train_002035.wav,fil50_06836_ref_tagalog16_BRIGHTNESS.wav,7a19e32cc397bf8f84ba1d14c6d4bcafad76fd466567ca39136cfa32026e5167
vcm_train_002037.wav,fil50_00181_ref_ilonggo1_TEMPERATURE.wav,a502d83943914441cec0510a1f9c140962d81d3c8040f71d39e7a747a56af152
vcm_train_002038.wav,fil50_11016_ref_tagalog6_COLOR.wav,eca39b1eeb823556045eb0dadbdadc348e79a472ef96327dc569eef99622dcad
vcm_train_002039.wav,fil50_10157_ref_tagalog5_TEMPERATURE.wav,fa4bb11007b0d78e8883b32de9c1e904661f32fe82ee512961559ef501f23a8e
vcm_train_002043.wav,fil50_13492_ref_tagalog9_COLOR.wav,669ae91e399e126897ca8ada00cb9595a15981b63baa330d47ef3967ceb28d89
vcm_train_002044.wav,fil50_08475_ref_tagalog3_BRIGHTNESS.wav,9ae204ecb3498a5b1280e38a9d5fc12461bff4c1b9a2d40502566542c2590bf0
vcm_train_002047.wav,,52b32e21c92af47a26181bdf4da5f6a514276a61b45144623a5c468604f3dec5
vcm_train_002050.wav,fil50_05214_ref_tagalog14_MESSAGE.wav,8e9a22f90229d15b5fbec30ee4cc18221754b8b07a207f98c8ece2b15a0bc9e8
vcm_train_002051.wav,fil50_06061_ref_tagalog15_COLOR.wav,53711a4fcbce0309335637cc0d871f91997d2f92abe7e2d57db439e502adcd52
vcm_train_002052.wav,fil50_06838_ref_tagalog16_CREATE_REMINDER.wav,12fe9832bf1f28c4355318985f6a238a7634773427fe5c0cbab57ff39e92be94
vcm_train_002053.wav,fil50_03494_ref_tagalog12_NEXT.wav,813a6c4af334a673aad0903e2f300e7dba86151a267ed9da510879ddf005bbc8
vcm_train_002055.wav,fil50_11017_ref_tagalog6_TIMER.wav,349010ab881be1dcf698be80b32d78f12b5d4b1415fe34e4283f2c53d5234ec5
vcm_train_002057.wav,fil50_01869_ref_tagalog10_VOLUME_UP.wav,8d7820a037d7fb82e214a280f525884a5fa2ae324e5acd65a18bec4e14d1ddde
vcm_train_002058.wav,fil50_11842_ref_tagalog7_LIGHT_OFF.wav,6bfbc554b5c8b22befc9483404bfd270fd562188cd6639b897e70e42b76caf90
vcm_train_002065.wav,fil50_09312_ref_tagalog4_PLAY_MUSIC.wav,d9cc9ea4ebf1b0349b35a3700da0b7d48e21a0d78d689830766e50442eb23d6c
vcm_train_002067.wav,fil50_05216_ref_tagalog14_MESSAGE.wav,ec338a85fe5f687628e1e6f7dd33baccba3b1b3034e3224b0d34aa6792cfed84
vcm_train_002068.wav,fil50_06063_ref_tagalog15_CREATE_REMINDER.wav,d4a4fdb8e3d366ebb1462ec5bf1bc69eaac0a084f88a79033f00ce2b4b0774f2
vcm_train_002069.wav,fil50_06839_ref_tagalog16_ALARM.wav,c3eed26cdcc8e5b7a89c555f7d2ff77331d9749bd32ae3074d8b7adda91084e4
vcm_train_002071.wav,fil50_00183_ref_ilonggo1_PLAY_MUSIC.wav,8d0da7aec14abe14c605d4e04befddab76d3ea2913ddc062df3f991c86f13329
vcm_train_002073.wav,fil50_10158_ref_tagalog5_CREATE_REMINDER.wav,54dfc778323f0f30f91ec00fac6a1e6d9043c273cb21e5784bc692d7becfdcdd
vcm_train_002074.wav,fil50_01871_ref_tagalog10_TIMER.wav,e8bf4eeeac62cb8a525eb5a2416b14943e5a9ee8b42782b622dbf2652437fa8f
vcm_train_002075.wav,fil50_11844_ref_tagalog7_NEXT.wav,c8c7c7b9f6b7ec0a4a1575892010016f559b32bb2333f0448be6abf5407ae344
vcm_train_002076.wav,fil50_02690_ref_tagalog11_TIMER.wav,52316a990448392cac270426c3e165bc5dc0d9747432f79928581c97e1990c5b
vcm_train_002077.wav,fil50_13493_ref_tagalog9_CALL.wav,22e928ba1a140834740f62f1723d8961e6c5008dcfb44bcca6b3cdbfafb9d6e3
vcm_train_002078.wav,fil50_08477_ref_tagalog3_ALARM.wav,27407854e41a955f2167018654f707b4265ea16009b8b321b52f7e23f80fb89b
vcm_train_002079.wav,fil50_01025_ref_tagalog1_COLOR.wav,565eba2fa1e2ace3d69a23966f2913c78e56f06514b9f3cc78bd4a6c54d3a9ae
vcm_train_002080.wav,fil50_07558_ref_tagalog2_NEXT.wav,327d1b9cadb62dd3b1b18f679d12b20aa766caa4c862738736ade4aeb053af6a
vcm_train_002081.wav,fil50_04352_ref_tagalog13_BRIGHTNESS.wav,0654a4d4b7b3d4b296ab68545a7f8043c8700cf8564e8082a1c0b9185782e53e
vcm_train_002084.wav,fil50_05217_ref_tagalog14_TEMPERATURE.wav,894f1f77c01cad7e32eae730fffbd3eb6aec4df5512359ccf18976aa01bf3b3c
vcm_train_002085.wav,fil50_06064_ref_tagalog15_BRIGHTNESS.wav,81d2c84d1917fed3011c911b8b0c5eb39b89df5cbc3b7fc078379f26cbcdbb2e
vcm_train_002086.wav,fil50_06841_ref_tagalog16_VOLUME_DOWN.wav,041efb93d0f77da24d24bc13c6317a86ad2ba6816b4ae5ebdf2ec3857fed5b66
vcm_train_002088.wav,fil50_00184_ref_ilonggo1_TEMPERATURE.wav,ffbde9ffac8857ca9348d34e98b0c4aa584d7f80e4b7dc0192ee1ec1be948994
vcm_train_002093.wav,fil50_02692_ref_tagalog11_TIMER.wav,3d265e39bcfef97e5f3edd61f71a737a72d76fb67fd3e5a900c76f95e0e2ea68
vcm_train_002094.wav,fil50_13495_ref_tagalog9_ALARM.wav,53ecb213a1a292c3a93ef8230ae7d7f8309c78bcf0d631376c074dddfbf9e8e6
vcm_train_002095.wav,fil50_08479_ref_tagalog3_LIST_REMINDERS.wav,761c369a6670c62045473331746a548b6ce545c242b40a5c949d1984ae88c9a9
vcm_train_002096.wav,fil50_01026_ref_tagalog1_LIGHT_ON.wav,bc578bdd664524f473d6d674e07f9aa8b5c330928bbe1ac4c38394202cc84280
vcm_train_002099.wav,fil50_09313_ref_tagalog4_ALARM.wav,1c68f4f69d3dcc4278c28574c6c0eef4a34ca64a68a41eedea02b216169a9380
vcm_train_002100.wav,fil50_12700_ref_tagalog8_PAUSE.wav,ab148b9953901c6291d4e58856d55cd679cfd7f36e961b214853a4f6f903b425
vcm_train_002101.wav,fil50_05218_ref_tagalog14_COLOR.wav,467e174aec03571c3e9482a07797adc6dee4605190d79b9fe36aa94bcda2cc11
vcm_train_002107.wav,fil50_10160_ref_tagalog5_TEMPERATURE.wav,f88aebfcc3573d99b471baa89932fed309221d3467f27f8c0f48757d6123a0a2
vcm_train_002109.wav,fil50_11845_ref_tagalog7_WEATHER.wav,b87f7c588142d092e4b1e0c054c796de958dea420ee609d114bf3899ce2af52f
vcm_train_002112.wav,fil50_08481_ref_tagalog3_LIST_REMINDERS.wav,6ea4c00ab5ff68a2e6a37b460118d78bfece69da2527347f8b8815bafd420b54
vcm_train_002114.wav,fil50_07559_ref_tagalog2_TIMER.wav,e4a8c0d1d9a998af673e67c74ea84f79c42c8f4646e4e606d05c55bcc35a6a53
vcm_train_002115.wav,fil50_04354_ref_tagalog13_MESSAGE.wav,13926971151ea11cfc0289dc1c8d024c917b35becc34344dbbc2a2dc2829df1a
vcm_train_002116.wav,fil50_09315_ref_tagalog4_VOLUME_DOWN.wav,ff6e7f507058a6f8e8f8e8fb87378638cc7a9ae35fc6c73160e581f3479028c9
vcm_train_002117.wav,fil50_12702_ref_tagalog8_COLOR.wav,ac6f4fc6eae6474b24dea612411f2676404515f43b612c8b01182bcf8ec8022d
vcm_train_002122.wav,fil50_00186_ref_ilonggo1_TEMPERATURE.wav,043dd4aa12e30472c58aaf769d99ac461eb495bf12dcb3996e6bc6966c316813
vcm_train_002124.wav,fil50_10162_ref_tagalog5_COLOR.wav,de48966141a394028d70ab0a05da12bb8dc5c210cd9f8563349105062a73fbea
vcm_train_002126.wav,fil50_11846_ref_tagalog7_TIME.wav,3f91dbb3f91fc3c0ae1f2aa1ccf0b6ffddde39eef3ad5d39f974c14dea13699d
vcm_train_002127.wav,,457859b97209675e7a73765b8e123dd0f2d534d7ebfc7e56041957e0993d76ea
vcm_train_002128.wav,fil50_13496_ref_tagalog9_COLOR.wav,e54e2ac2b7b0c7aa82cab91fa3e9ac003133db4426ee931f3ceed12e048e3901
vcm_train_002129.wav,fil50_08483_ref_tagalog3_STOP.wav,eb9fb702c00f54eca2b7fe36e5bd837722f6da58947aed547cc5afbb0a589a01
vcm_train_002132.wav,fil50_04356_ref_tagalog13_PAUSE.wav,02153941b46b01ed3339e2692b22c3eb583c67a23044b5dc06f822a32adeca57
vcm_train_002133.wav,fil50_09317_ref_tagalog4_TEMPERATURE.wav,5f69bb5b8b80f43572fdb2257077faf25ad8d6e7e9f6ebf8f62a4810a7085365
vcm_train_002136.wav,fil50_06065_ref_tagalog15_TEMPERATURE.wav,59d6e0d52be4e4f52d8986d807ce17e0b086d845a16b9054d7130a123132ee1c
vcm_train_002138.wav,fil50_03495_ref_tagalog12_TIMER.wav,c97418131cf9efc15f5f0a1488739eeca3d3760b9a755e55ca621aff9a1a189e
vcm_train_002139.wav,fil50_00187_ref_ilonggo1_CREATE_REMINDER.wav,f516665e24c864f6c82d06158209de46ee4896cd4ac2ce3172fa43d78ea5c323
vcm_train_002140.wav,fil50_11018_ref_tagalog6_NEXT.wav,2920691cad0cc7b7291c887aa19194dc51cf82e2ca07affbf1e649ac2771653e
vcm_train_002141.wav,fil50_10163_ref_tagalog5_CREATE_REMINDER.wav,596c1b8312c371de6779e970f74c1444173ce3addd7bfa5ed05f3a4857d5d4dd
vcm_train_002142.wav,fil50_01873_ref_tagalog10_NEXT.wav,0f7112e60f79a756313486e8f034f2e1bd9f564d15b2de238dc9a08fada1e88d
vcm_train_002143.wav,fil50_11847_ref_tagalog7_LIGHT_OFF.wav,0d6f2586485f535d1b517e6e571e52ddd482f30771d2eae65654c4cfd75474ec
vcm_train_002144.wav,fil50_02693_ref_tagalog11_PLAY_MUSIC.wav,6576bd7e118aa0b38404cbe55d8669219576d99f4a338503632032de95fd14a8
vcm_train_002145.wav,fil50_13497_ref_tagalog9_VOLUME_DOWN.wav,2401d804e6a095dc1042c63efb348c1a9f1df21d55afa9036511faa8d10e26f5
vcm_train_002146.wav,fil50_08485_ref_tagalog3_TEMPERATURE.wav,c4f0e78f2c9b33de541be1f8eb2e0f698fed511980f7e7be89778aff48b39ff4
vcm_train_002148.wav,fil50_07560_ref_tagalog2_STOP.wav,c9ba0b89efcc12c0e54def78655f0bdcc00c38cb65af1f9e169b80b63ee4c241
vcm_train_002151.wav,fil50_12703_ref_tagalog8_NEXT.wav,3e4c2ba2e45086c086281c20f179621a6068e7708cc5913e86f199db81e3ccc0
vcm_train_002153.wav,fil50_06066_ref_tagalog15_COLOR.wav,329d2105829b6fb9d4f394de38eea36051b5f9ccc1af8d20d3f779321b2adb8d
vcm_train_002155.wav,fil50_03497_ref_tagalog12_TIMER.wav,c4791ac91b4c1cfa40f0339970318969f880211692c215875407e291cebe1d8f
vcm_train_002158.wav,fil50_10165_ref_tagalog5_LIST_REMINDERS.wav,889aa49c18cffe0db5dba594f5e96803614b21f962d1e61df3eb72b16a0fe121
vcm_train_002159.wav,fil50_01875_ref_tagalog10_WEATHER.wav,d2cbaffe1d2f844935c385ab42170c39b500564e813e9fe62f9162b402c78fc1
vcm_train_002160.wav,fil50_11848_ref_tagalog7_TEMPERATURE.wav,451bab331919faa7989989f50d644eb71831f1da55dc9ad092f29f2999b5816a
vcm_train_002161.wav,fil50_02694_ref_tagalog11_ALARM.wav,98785c61c6f98074d27d753e665bdb9861c65245a731eb4451cb90b1fe5475cb
vcm_train_002163.wav,fil50_08487_ref_tagalog3_LIST_REMINDERS.wav,b7bfe4fa763da1ea9b892030cb77715cb48352e553b622bf640b1b0a84f281b0
vcm_train_002164.wav,fil50_01027_ref_tagalog1_LIGHT_OFF.wav,fcdb80a1fa85d8c167a8f8942b502d963d8b5ce0af942db93c7a02ee80546cd4
vcm_train_002165.wav,fil50_07561_ref_tagalog2_TEMPERATURE.wav,dd1a6dcfd10f6ae36cdd1983f5ad6dc322fcac38d61de0e1cfcb083b8817a6d4
vcm_train_002166.wav,fil50_04357_ref_tagalog13_TEMPERATURE.wav,550cdbff8566169240db939b636d5ec77a8bedd31eb41fe8160483634826fafb
vcm_train_002167.wav,fil50_09319_ref_tagalog4_TIME.wav,bf83f3b8ceaa8a78ed28df6e8bd4b4b8b9910f0c566a1eb233c75b3344e6ea87
vcm_train_002168.wav,fil50_12704_ref_tagalog8_ALARM.wav,e6ce6b25e9e7cfd35a5fbbe01f703af6a171aaf8b3a8b877ad151e065f007c6c
vcm_train_002170.wav,fil50_06067_ref_tagalog15_ALARM.wav,462cef6f19f6b5e47f54807a0fa5e7fea8d0fe65780b05bbe8af91c301649910
vcm_train_002176.wav,fil50_01877_ref_tagalog10_WEATHER.wav,ae8dee0c306a4b93ec271bdc5bef2b7a2a3c745ddbce7b42cd12b8fee9f0192b
vcm_train_002177.wav,fil50_11850_ref_tagalog7_BRIGHTNESS.wav,2f6ec3930e3cd7855eac014f98d048c7a16f7371cd7e21f1cd7a8a991f1e82e6
vcm_train_002178.wav,fil50_02696_ref_tagalog11_WEATHER.wav,f78dfbabaa9c68a453ce8c9a4cccefb86f941ddf4f09c5329fa7170d4d04bb6d
vcm_train_002179.wav,fil50_13499_ref_tagalog9_ALARM.wav,8679547e70a21695d2bb02eecc875921c3349ff6840efe3f95a7352b4d56c3e9
vcm_train_002180.wav,fil50_08489_ref_tagalog3_NEXT.wav,5d2bee9455d2fd05f9ee3894dc90860354c30b774909903d2498b6e4ea5967a3
vcm_train_002181.wav,fil50_01028_ref_tagalog1_PAUSE.wav,46d4801b14ac4fa7e34a51a123ff44f82ff8220017167836ab42086ca0aecc53
vcm_train_002183.wav,fil50_04358_ref_tagalog13_STOP.wav,2d7702ccf34a481d9bfdab037a077570b0eddcab712c52f891376805f4c3b079
vcm_train_002184.wav,fil50_09321_ref_tagalog4_LIST_REMINDERS.wav,e611afbfa210a220844ce19bce9e7901b4e0b5f302323909da781de859a09c9e
vcm_train_002185.wav,fil50_12706_ref_tagalog8_NEXT.wav,83b54a65fd1efba10836fa3c1dd531d66e7375ac40ffa8722aaac3d85716d7b4
vcm_train_002189.wav,fil50_03498_ref_tagalog12_ALARM.wav,4bc15745f79802e363e37f95f96e8bdb5d851fa1317566e2915e50aaab3ad77f
vcm_train_002191.wav,fil50_11020_ref_tagalog6_TEMPERATURE.wav,b5c4291a560d238c47495e7f3680286c7902754732e54b01735869dd00e6a7e0
vcm_train_002193.wav,fil50_01879_ref_tagalog10_BRIGHTNESS.wav,ff2da1d483531305815bb881a08e8ee2aab40ff2b61d88907bfca3d3b69376e3
vcm_train_002198.wav,fil50_01029_ref_tagalog1_TIMER.wav,ee48425875a9335b5c4e4340af645f176e281ec6e340ddbd0e09f0d8dcb03ea6
vcm_train_002199.wav,fil50_07563_ref_tagalog2_TEMPERATURE.wav,aa5d7c2d207f74a2448838754a0220abda6a566b84825c6685c115db4d686a76
vcm_train_002200.wav,fil50_04360_ref_tagalog13_ALARM.wav,d1311be1fd8f38948e147146a0755cc0c8d16e0b13629bb30fbba07aed8fe755
vcm_train_002201.wav,fil50_09322_ref_tagalog4_LIST_REMINDERS.wav,270ecd4eea3a96e5d838c4834107101992309172f72f3c28d80fee9bde8c2f78
vcm_train_002202.wav,fil50_12707_ref_tagalog8_TEMPERATURE.wav,5142e5c97037f3c2acb41441c4837b2aa0216a55a320ecf00367c9d250625711
vcm_train_002204.wav,fil50_06068_ref_tagalog15_CREATE_REMINDER.wav,ffa0e9fb10bb6ad922f09e6e573db561fb3d187d0f60023eeaa9a435bcd84da8
vcm_train_002205.wav,fil50_06842_ref_tagalog16_NEXT.wav,af2a010affe7cedaf73c01299cf8c60de609340667a559c3e49f5b864a2b3855
vcm_train_002208.wav,fil50_11022_ref_tagalog6_BRIGHTNESS.wav,d31f8fc638418d24bb116cdfb8df2e6638b39b8696d6c5c314975eaa2dff19a7
vcm_train_002211.wav,fil50_11852_ref_tagalog7_CREATE_REMINDER.wav,2ee6c4ecb137588fc62f247a3aaeb5ad032442b287ba984ee9a4a748cbbe99d8
vcm_train_002212.wav,fil50_02698_ref_tagalog11_LIGHT_ON.wav,78b28a4dc3e17cab8b6050d7f5a362e85dd4cc001b9100d334eb465c1b3c49b8
vcm_train_002213.wav,fil50_13500_ref_tagalog9_LIGHT_ON.wav,2854828061ed0dd06fdadc5f87f7ccdc0a648c7ee17bc8f48a4281c287fcd741
vcm_train_002215.wav,fil50_01030_ref_tagalog1_VOLUME_DOWN.wav,4d4e05641c587375999f9c36a49689a82ed370d9770696af770e2c0846de48b2
vcm_train_002216.wav,fil50_07565_ref_tagalog2_TEMPERATURE.wav,66b60b568f1a50eba725e04c922e3c5cb4df8d85a4a14a2489c8aed53046a667
vcm_train_002217.wav,fil50_04361_ref_tagalog13_TIMER.wav,0fbde7ca6fb72c655369fc11edaa458bb7b7903140c854dc91588f30a8e5738c
vcm_train_002220.wav,fil50_05219_ref_tagalog14_TIMER.wav,7adb756770b39317e0aff5ad31771e59d29e454f54d5a769213e9bba4de61a96
vcm_train_002222.wav,fil50_06844_ref_tagalog16_CREATE_REMINDER.wav,5ce6d4f2419319cc600dd326de5350188cd84845cf5043fd1e80bd08479a2a8d
vcm_train_002223.wav,fil50_03499_ref_tagalog12_COLOR.wav,9888357c73cc24defb85947c689c856d2d2b5fbb9a3a7c2449a376d631c64491
vcm_train_002224.wav,fil50_00188_ref_ilonggo1_WEATHER.wav,713dee21d30c16977abaf212e17aec83fb2e23588df03ba1e0ff1e43b133c1d5
vcm_train_002225.wav,fil50_11023_ref_tagalog6_BRIGHTNESS.wav,d5c704505ec2094c90315bc062b7d35292f681d5994b9c135372cc7be314c707
vcm_train_002226.wav,fil50_10166_ref_tagalog5_NEXT.wav,e67ee8b9a513313bfdbd4e5e15ef2921493851f4ce66e55c6b3c95711053bd64
vcm_train_002228.wav,fil50_11853_ref_tagalog7_NEXT.wav,1d6df03995029741ebc696bb5220a360671f121526b8dfd3293de62749fe02b2
vcm_train_002230.wav,fil50_13502_ref_tagalog9_WEATHER.wav,e14ac287e04ae74771424b11d5208149362b2bb9996abc4d2a5d6bf9b41a364b
vcm_train_002233.wav,fil50_07566_ref_tagalog2_TEMPERATURE.wav,51c4a25b1811eb5943bfbf5c1cd0eba826ebcbdfa7e7eb09b0c960330da30091
vcm_train_002234.wav,fil50_04363_ref_tagalog13_COLOR.wav,e766157d1e7f3f77036a349a80c7d2fcf29f4592e776996c52ef53b6b57dc836
vcm_train_002236.wav,fil50_12709_ref_tagalog8_NEXT.wav,af00fd9f92d6e1bdf7a7ca004f0748d9f3d177fb6b308c60ff5ee221b24718d0
vcm_train_002237.wav,fil50_05221_ref_tagalog14_LIGHT_OFF.wav,99b3bb1d0a148d7560e957a627dce2cc1aa9af634f748ab6bafc9cebb0a39f2e
vcm_train_002239.wav,fil50_06845_ref_tagalog16_BRIGHTNESS.wav,dbadc36a6af3421fa3eaca3b4066f3bf8fa9ad018cbcee641663a268955de4be
vcm_train_002240.wav,fil50_03500_ref_tagalog12_TIMER.wav,2161b4609da2023bcbdf466c924d286e4cc6bbd3da4dd587233a6edd6d412c8a
vcm_train_002242.wav,fil50_11024_ref_tagalog6_NEXT.wav,da7f101cd06ff74d139a2796184efc9088b7e45baa9535796103aa749f81f407
vcm_train_002243.wav,fil50_10167_ref_tagalog5_NEXT.wav,360dcefc13580d1859dde0082ad22258a9e2138a50b3383d92849f715f395607
vcm_train_002245.wav,fil50_11855_ref_tagalog7_STOP.wav,3cfadb09c4f3ce5b0418cca1f19403b7b6a80c609fec5ea97ae0778a1897cacd
vcm_train_002247.wav,fil50_13503_ref_tagalog9_NEXT.wav,02aacacc223ff389998754c5dcf37ca589aa879742f0e5ce28e2c6b56f9eddc6
vcm_train_002248.wav,fil50_08490_ref_tagalog3_TIME.wav,46ae2324792fe32af57a68d772a4f159e9caccb3b316c6a32bb544b397505ffc
vcm_train_002250.wav,fil50_07567_ref_tagalog2_MESSAGE.wav,cb8618223424fa116fccf9198d3c66e2930cc930089e43166591c2ed31989f24
vcm_train_002252.wav,fil50_09324_ref_tagalog4_TIMER.wav,766dd12c81081819dfa26b590ba287859cf19f11da89a26d400b073da51b2636
vcm_train_002253.wav,fil50_12711_ref_tagalog8_CREATE_REMINDER.wav,a5b64feba1402436a43918eb5267428db6691ef1ba28d3187721de94b4f8f812
vcm_train_002254.wav,fil50_05222_ref_tagalog14_ALARM.wav,6ab8280f6b288b9cd648fdc0455807c54e593fea318d7d20d6ef0b5c407df786
vcm_train_002259.wav,fil50_11025_ref_tagalog6_TIMER.wav,1e32e81edec696a1cedd03fdf0e980953e63b664713965ec70efcb13845b55c2
vcm_train_002260.wav,fil50_10168_ref_tagalog5_BRIGHTNESS.wav,66f8374d6ea001dfdf8e9f44fddebbc6327577a57db7f8b320b519b8bd51242b
vcm_train_002262.wav,fil50_11857_ref_tagalog7_STOP.wav,da05ebafb48349a92e6e7e49461ab327f03b50b07b1d0c3d8fdbfb4a1690ff38
vcm_train_002264.wav,fil50_13505_ref_tagalog9_TIME.wav,3f46390bb423b06228497ac80827802b63da3c86992a0113873729c86b19226c
vcm_train_002267.wav,fil50_07569_ref_tagalog2_ALARM.wav,ba7f339049a611d9d78e63d0880fcbf7a694725be07c063982253358db339442
vcm_train_002268.wav,fil50_04365_ref_tagalog13_BRIGHTNESS.wav,9b6293008b1af84ee9a682c766b297a18777fda2ccdc58dce762c4f24c7c7edb
vcm_train_002270.wav,fil50_12712_ref_tagalog8_BRIGHTNESS.wav,a96b65118d44f0368ddc644cd7eeab1ff53084a5935dfab1ae4e81ef807125a2
vcm_train_002271.wav,fil50_05223_ref_tagalog14_TEMPERATURE.wav,9d4f0062acb133ec8b75958ad60257151da27d6c36c052eb9e9a8be21e789f28
vcm_train_002272.wav,fil50_06069_ref_tagalog15_BRIGHTNESS.wav,4fbc36d3f5aa0413d31a950d91a7caebd3a25e8a81fc41e9a966c998dc5576e4
vcm_train_002275.wav,fil50_00190_ref_ilonggo1_STOP.wav,a9cd19805b9f23e6094e162562cc1edebd679a0ac9aaafb412ef0d1ac3d29845
vcm_train_002277.wav,fil50_10169_ref_tagalog5_ALARM.wav,f99198181c971f7c125a1c879bd9d483d914fa3ddcace4f2a9e6f4e1280638d3
vcm_train_002279.wav,fil50_11858_ref_tagalog7_VOLUME_UP.wav,9d3e0eb0a6effca3670aaa60dab407c839dca04628af0808ffc8a7b3dac9a340
vcm_train_002282.wav,fil50_08492_ref_tagalog3_PLAY_MUSIC.wav,e9806239f216ae8d6ee20240b004ba0ea57c5d7b4b25a69d4be838a097a8aa56
vcm_train_002284.wav,fil50_07571_ref_tagalog2_PAUSE.wav,aa3b1bbf70ebd84faeeea76432cc3d6d56f723d4f191a60c4e48f8cb8f1666a5
vcm_train_002285.wav,fil50_04366_ref_tagalog13_ALARM.wav,6fa0b250493a63877a66973b08721191818866a8a732569b00dfafbbdb246551
vcm_train_002288.wav,fil50_05224_ref_tagalog14_LIGHT_OFF.wav,da460735a59e7eeda5cf2c76617afcbf1bfba714183a924b8051b1a684b670f7
vcm_train_002289.wav,fil50_06070_ref_tagalog15_ALARM.wav,2478e4d5c242634675fc36b9150bc05c994598fcb951f5d9d553e1f14ea28dc8
vcm_train_002291.wav,fil50_03502_ref_tagalog12_VOLUME_UP.wav,45aa416514e1fa4ea5b4227a0acadac38dc9a371b691928a2d6ca98e781844c1
vcm_train_002298.wav,fil50_13506_ref_tagalog9_BRIGHTNESS.wav,597f2111214937028d2a82a6f4f6847fa8d1346db72e30cd4b6e96d24cbd8150
vcm_train_002301.wav,fil50_07572_ref_tagalog2_TIMER.wav,c96b46d5be96a57a3529ca7842c7ff9864a084bf690492b727089b5fef0dd103
vcm_train_002302.wav,fil50_04367_ref_tagalog13_CREATE_REMINDER.wav,efd5eae0c6a01ba78f85363e36acb0d6b6bf786dc0ca4f4143ef024de97ba538
vcm_train_002303.wav,fil50_09325_ref_tagalog4_TEMPERATURE.wav,f4602681c96d8302eec86446d173fb6457752fbac2f8c56b3aef7f9efe77993c
vcm_train_002304.wav,fil50_12713_ref_tagalog8_COLOR.wav,da163c8ca5d7b3c699947325079679665bd9e16ac09116bacacbd340c388ae35
vcm_train_002310.wav,fil50_11027_ref_tagalog6_TIMER.wav,2e06cb9518a1eedec7fe6f45bab1c52573baa609a3fc2a83273a781cf1942a7c
vcm_train_002311.wav,fil50_10170_ref_tagalog5_COLOR.wav,b52d2c28f30b662c27e2a559f4c1a2513eca7b398a6599eeb6547ce8f0d191b0
vcm_train_002312.wav,,21afa9eaeaf8484090479350fb2cdd7cba66d6d3f973260d2af60de164aabaed
vcm_train_002313.wav,fil50_11860_ref_tagalog7_ALARM.wav,550d3420e38de481ef60c315d2e6b0c8b1bc005dcc68b430b4eea59fafefefb3
vcm_train_002314.wav,fil50_02700_ref_tagalog11_VOLUME_DOWN.wav,efd2dd3d268810fc07a6f6c21b7b82ae385e260e3eb34ab5ac8ab21a1ea9f123
vcm_train_002315.wav,fil50_13508_ref_tagalog9_BRIGHTNESS.wav,36fe38d9be12deb0ccf12f9d45c93a80053979edb43aa58c1768fe94e2b5b657
vcm_train_002317.wav,fil50_01032_ref_tagalog1_COLOR.wav,8f0fa3a2ecbfcecd98d89187b8f8aa1085756799c2cafdbaaf55543867ec859b
vcm_train_002322.wav,fil50_05226_ref_tagalog14_STOP.wav,87f503b07da08197a582d9502ef6da854d1effbf175ff77c61e858440dd60a41
vcm_train_002324.wav,fil50_06846_ref_tagalog16_NEXT.wav,e46749cfc712c7fc5bc5d0517eab460ba266a2d743e2bbb5bcc8e392a85dc205
vcm_train_002325.wav,fil50_03504_ref_tagalog12_BRIGHTNESS.wav,520b05f4cd6ccf55d2aa69c168022344f63a84a439aef743cd28a2e20e3a1b85
vcm_train_002328.wav,fil50_10172_ref_tagalog5_TEMPERATURE.wav,9c5b9eeb904c7dc8465243aa1473fb50f1a2b3ab97777553dae2a985bdbc5912
vcm_train_002329.wav,fil50_01880_ref_tagalog10_STOP.wav,b4a5d0da54ae1b33479f45e47960dfd93fb4c76504f75e804096d761b4b488d3
vcm_train_002331.wav,fil50_02701_ref_tagalog11_TIMER.wav,3175d2e0be955dc4a325f357d377e5e056e22fd8aa1e399f908c17012353b99f
vcm_train_002332.wav,fil50_13510_ref_tagalog9_ALARM.wav,62841c29506cc2fc2aab44b7f7809f86a11d6218c49c21fb245abbc16437bbd7
vcm_train_002333.wav,fil50_08493_ref_tagalog3_NEXT.wav,d6deccdf03fb8b74505b03178970c0f082bf472e5b1125bc6d59ddc790571d28
vcm_train_002335.wav,fil50_07573_ref_tagalog2_LIGHT_OFF.wav,870efaa7c0bdc5ed6050b16592407984b50247fd9b94cc57b31fe3f513420ce8
vcm_train_002336.wav,fil50_04368_ref_tagalog13_COLOR.wav,6e09bb8ebe8eb7cda5e38573d991ab71eaa74f4799a3eaa89fb5892061cf8eff
vcm_train_002337.wav,fil50_09326_ref_tagalog4_CREATE_REMINDER.wav,77e3820f227d30457fe51810f530a2fb67b9799db9faa6aa9630f62e55b63270
vcm_train_002340.wav,fil50_06072_ref_tagalog15_PLAY_MUSIC.wav,16b15f9d5f6d1475e1c2868aa0fc1316385e41f68cdabeadacd903ae051ab3b8
vcm_train_002341.wav,fil50_06848_ref_tagalog16_CREATE_REMINDER.wav,fc0da55e07b9c51c716ed340a7dfc42c49fe70f3b6402a719a3529f2455d4d66
vcm_train_002342.wav,fil50_03505_ref_tagalog12_CREATE_REMINDER.wav,1284daa8106c338b8c9b64af539d7dc40730f281313ee95986ba1d38f8057e36
vcm_train_002347.wav,,e4cf51e13ef55141f7baab848df6b8b4e0b28feda036b634bc5ec6bb1d843dbc
vcm_train_002348.wav,fil50_02702_ref_tagalog11_TIME.wav,ae54f8bbfb3cabf9131cd83e95e9187836d140c5725e07f40c638ed28ca03846
vcm_train_002350.wav,fil50_08494_ref_tagalog3_VOLUME_UP.wav,6d4f217e1524d35cfa3a37a016b3e907c2a0e8febc11d6dddd087d923fee5499
vcm_train_002351.wav,fil50_01033_ref_tagalog1_LIGHT_ON.wav,fbed4b058981a2553d38fcda6ffdcc1734b9d2ea9ecfac8cb62398010a5aad07
vcm_train_002353.wav,fil50_04370_ref_tagalog13_VOLUME_UP.wav,67442cfe3ba332700246212d179876f7995abbcba55316a446f989f8e0a2afab
vcm_train_002356.wav,fil50_05227_ref_tagalog14_TIMER.wav,4d7cc1587eb999fa6367512fdf6036b495775dc265af110fd2516702645157b7
vcm_train_002357.wav,fil50_06073_ref_tagalog15_ALARM.wav,86d934f64c5d55de605e3f8280d39b86a02328c206df126dd7a5b9618c748290
vcm_train_002358.wav,fil50_06849_ref_tagalog16_TIME.wav,910e3936a908d35bf132e1415311969828b3265724942ce2904514ae973bf8d8
vcm_train_002359.wav,fil50_03506_ref_tagalog12_TEMPERATURE.wav,488d0290bab248f67c2008c1df69772204679272d4f402f79dd138eae29b41b5
vcm_train_002362.wav,fil50_10174_ref_tagalog5_TEMPERATURE.wav,47b17d5881d3fa30313f1b5b160a8a803e01928f6459198cf4b7762ae4b548db
vcm_train_002363.wav,fil50_01881_ref_tagalog10_CREATE_REMINDER.wav,7b78f64c4b201cf84ad3a12a235c48367ea7669bc741079e829f1cbff805adf2
vcm_train_002364.wav,fil50_11862_ref_tagalog7_PLAY_MUSIC.wav,1a36294df04b689ab041cb54168062f10f1ef73ce4dbb84b438aa21ef704bbb6
vcm_train_002368.wav,fil50_01034_ref_tagalog1_NEXT.wav,ba09f311aaee7c998ac94a2ac4d1e79fa491fd26f48722ddf132d749e2b5f7ff
vcm_train_002369.wav,fil50_07574_ref_tagalog2_TIMER.wav,9c75a46624b36a4584d19bafb293c734773076d52cd23c35d9cbf695f9fc37ec
vcm_train_002373.wav,fil50_05229_ref_tagalog14_LIGHT_ON.wav,b8d0dcede8fafdeef3d11d48b57b1afab09a094abef921b020f379c5b86ce86e
vcm_train_002374.wav,fil50_06075_ref_tagalog15_VOLUME_DOWN.wav,8f2760fc85b2109fd51dcaf849b2d8569c6235f5e656923352871eb623841b6c
vcm_train_002376.wav,fil50_03507_ref_tagalog12_COLOR.wav,89a14c2a4f9466a7fb4b3eb256dd94b36777c8688a48165cc03b6e5e83619285
vcm_train_002378.wav,fil50_11028_ref_tagalog6_PLAY_MUSIC.wav,ec8b86712a7413e3b1d8d44b24f143252a5346d13f97ed99f9df3baaa0859ab8
vcm_train_002380.wav,fil50_01883_ref_tagalog10_TEMPERATURE.wav,b3a2c02f995095b5b3a47ff0c9f2341e197ee2625f1049ded6e42dd123aa618a
vcm_train_002381.wav,fil50_11864_ref_tagalog7_CREATE_REMINDER.wav,cbb2acfd0e79304613215a3639b32482d8dcd3ec2d34c995f499465bb58de570
vcm_train_002383.wav,fil50_13511_ref_tagalog9_LIST_REMINDERS.wav,64a15768427b2b1ca9f2bffbaa408253623b144790a207855d644071422ab67d
vcm_train_002384.wav,fil50_08496_ref_tagalog3_COLOR.wav,417774b2e87eb8099895239600de779fbc176767e68bd7194d8b94f63beb0437
vcm_train_002385.wav,fil50_01035_ref_tagalog1_PLAY_MUSIC.wav,a606a8a72b000e9a27a8653219b08a845c014b7513dd7a42fc3fb3be756bbd3e
vcm_train_002386.wav,fil50_07575_ref_tagalog2_TEMPERATURE.wav,01627979a85e0ad1e0a72a9ee957ff413afa06ed6e35847c3df62d6cd3a5f05b
vcm_train_002387.wav,fil50_04372_ref_tagalog13_CREATE_REMINDER.wav,358c2842c8d404f3b182b88bef0a4e15ce1794785e2867f3a27e420ef71d71e1
vcm_train_002388.wav,fil50_09327_ref_tagalog4_TIMER.wav,dad5066734b94e59bbd5bdbe5f2220f55c7c07621b638bc540a59172969c7700
vcm_train_002389.wav,fil50_12714_ref_tagalog8_VOLUME_DOWN.wav,33f2e4588043da56089506fa7ea4e92649d674ab6c0699b9ffddfbc3cd01bb23
vcm_train_002390.wav,fil50_05231_ref_tagalog14_ALARM.wav,5fe95961d8c60d72f6a11ea24a180dabe62979cb5a05e286d6ba77b963805775
vcm_train_002392.wav,fil50_06850_ref_tagalog16_LIGHT_ON.wav,44896f63ddcc5abf8414c9c304b33a499fc7f83f9fc68252cab785247b5de6ce
vcm_train_002394.wav,fil50_00192_ref_ilonggo1_STOP.wav,930f54381fbbe9d6c0be4351dbd0106fac9c60979b615f14a08f82d14a99cfdc
vcm_train_002395.wav,fil50_11030_ref_tagalog6_CALL.wav,5398cafda2d0cbe3f01a3ffd8841d400f17a0a6b5ee9ce08b4f94df0bb3fd36f
vcm_train_002396.wav,fil50_10176_ref_tagalog5_COLOR.wav,322540f70929cea96bfe38e22eba2486d441ea1e107fd24113cad363f3a9571a
vcm_train_002401.wav,fil50_08497_ref_tagalog3_ALARM.wav,27253af12ab7fe712fa9c33751ab08ba2a7b4b2bd1ade6fc2ea5b558425c90cb
vcm_train_002403.wav,fil50_07577_ref_tagalog2_COLOR.wav,00d485ed04c881e29a2b458fb9ae4392c1b2836f4c0d8d3b6cdcdba2d56e92f2
vcm_train_002404.wav,fil50_04373_ref_tagalog13_PLAY_MUSIC.wav,7cb6ecd014d768da3b9a2d22860a443c7b02e9312dc679fb5a4e794212bd73e8
vcm_train_002406.wav,fil50_12716_ref_tagalog8_TEMPERATURE.wav,d22f03815b69a8557ada0e8f9f9db81b63a6028696d73bb0605a80e2c14f592c
vcm_train_002408.wav,fil50_06076_ref_tagalog15_ALARM.wav,56ea15137536c564da6b52e72f5d726792fa7315664e12b3f241af868e029508
vcm_train_002411.wav,fil50_00194_ref_ilonggo1_NEXT.wav,f53ad449acd6a9ef63d0d036d153798448aef42ef8d75f64adf5d7c52acf3065
vcm_train_002416.wav,fil50_02703_ref_tagalog11_VOLUME_UP.wav,233016e801eaa8e9b491cdc9bdb26b8629166b2c69dcfb117ea2db5a02ae69f0
vcm_train_002418.wav,fil50_08498_ref_tagalog3_ALARM.wav,1b7f20409923bbf4514232c7e93cac74f49191a13b7a0fb3a463f663857426b9
vcm_train_002419.wav,fil50_01037_ref_tagalog1_COLOR.wav,f267d164d0b5059feb0e4468304dba7cce8c797c860f9dcaabd9470cc68286bc
vcm_train_002422.wav,fil50_09329_ref_tagalog4_TEMPERATURE.wav,da9601c0e9e890217c443710d4a010efcb0ea95c9010277b7c1433fcb422eddc
vcm_train_002423.wav,,512f38c82c64600d93da4f12687fdf73d403bd2d0bb747030daa02291f8d4acc
vcm_train_002424.wav,fil50_05232_ref_tagalog14_COLOR.wav,2ed0f24ef116eeccf83775a7a3dae6579c4bad507f7fb2fd7968146f6ac9dab6
vcm_train_002426.wav,fil50_06851_ref_tagalog16_COLOR.wav,8e9b727dc8ffdc17f041a3fa37d952a5f92d83a22c53461a9fc07cae01bef6fc
vcm_train_002427.wav,fil50_03508_ref_tagalog12_COLOR.wav,e057bca76d338f25642eff6e1652f73467e3a15cee912f842e9476ff2a321568
vcm_train_002428.wav,fil50_00196_ref_ilonggo1_VOLUME_DOWN.wav,cb3861f9be5da1f7adde527d01ab139a8614ee7f394f07e7ab75657b8da5c936
vcm_train_002429.wav,fil50_11032_ref_tagalog6_WEATHER.wav,a63f142769078a5055f6cb6b7cc9ab6465eefc851e872941fdb605f25a1834f4
vcm_train_002430.wav,fil50_10178_ref_tagalog5_CREATE_REMINDER.wav,622e69985a7f86b3168cecd3b121c872038f54cc9fd0bab451d68edd8fcbf530
vcm_train_002431.wav,fil50_01885_ref_tagalog10_ALARM.wav,b80e1b413363feb08a5c270bde5d29ba66f2a1adbddfc6e0fecb06a43b40f544
vcm_train_002432.wav,fil50_11866_ref_tagalog7_NEXT.wav,d60941b153a79c31cd60fd82708db0f86cf341eb2c889600fefeaf68ffe8e87a
vcm_train_002433.wav,fil50_02705_ref_tagalog11_BRIGHTNESS.wav,6ce3d2f689d1934bc61e321b4945d5324c1490b203f3e6d9f7b03c2ee931a370
vcm_train_002435.wav,fil50_08499_ref_tagalog3_TEMPERATURE.wav,8fe54cb6cd260d17e68ffccc063d91524b5023f4cc3533db4435e57ac1a85909
vcm_train_002436.wav,fil50_01038_ref_tagalog1_ALARM.wav,c9dea8604212db9f75768f84adc0f8a29aaa52cecd444b6177eb587aea4d6105
vcm_train_002440.wav,fil50_12718_ref_tagalog8_NEXT.wav,29315c89da26afff06283faf7c804b97143ee05b773c488492af9362e31a4a62
vcm_train_002441.wav,fil50_05233_ref_tagalog14_LIST_REMINDERS.wav,9c278c1c845929b3d629a454c78861dea33de91852dcd290e066000a4bd2e167
vcm_train_002442.wav,fil50_06078_ref_tagalog15_NEXT.wav,7f8fc5227f040f6870fb34e577d76f6d1dadb9e3b6512cdae7ae6214187772b2
vcm_train_002443.wav,fil50_06852_ref_tagalog16_ALARM.wav,6f45db04d962dd64ddc0e080736ba0c31fe6958015209962c4ba08c7eab6590b
vcm_train_002446.wav,fil50_11034_ref_tagalog6_BRIGHTNESS.wav,80fd52cbfb15d72417d03721a9ce692b0602cb5d5ac8c30fd4e8d05d1cd7ad98
vcm_train_002448.wav,fil50_01887_ref_tagalog10_LIST_REMINDERS.wav,941bad8e9a490777313efeb7bb23979246110448ff288705e2330390fdf12dbc
vcm_train_002449.wav,fil50_11867_ref_tagalog7_COLOR.wav,dc9a224d015e8d8e51cb506895ad934608e847b82069352a241963d4903f5b57
vcm_train_002451.wav,,13a95935e40554a19ab4c2c7a92bd2cf3f21af33e218d5b3729c184fdc066bb7
vcm_train_002452.wav,fil50_08501_ref_tagalog3_TEMPERATURE.wav,54cee3fe6c61f2ac153b0e7c67aa842a466b0ab63e3f17f6b18b3449b2ddcec4
vcm_train_002454.wav,fil50_07578_ref_tagalog2_TEMPERATURE.wav,3b56f258229300f8ce337e537d093c5a4659ceae1909811abd0ad1f863f3b773
vcm_train_002455.wav,fil50_04375_ref_tagalog13_BRIGHTNESS.wav,75cc3c23722c46175a0040bdaa0bd19f741ab37953e6cb88dd38367153e0a43e
vcm_train_002456.wav,fil50_09330_ref_tagalog4_TIME.wav,3155331aa6ad31739a285c151252ba4f3285f52f7c68d0da9aa70db8dcb738d2
vcm_train_002457.wav,fil50_12720_ref_tagalog8_TIMER.wav,b7225c2a8a8ce43eb3dbc748a989ddba91458ed46ffd5ac682a899d98250c608
vcm_train_002458.wav,fil50_05235_ref_tagalog14_CALL.wav,8c52edec18cf0d1a2066370d87fc2042f1b8d1533f8c4b09d1a132c5a18f02c6
vcm_train_002459.wav,fil50_06079_ref_tagalog15_PLAY_MUSIC.wav,d6b0962f038482b377b6a60a1c42556e2c692fe0459aa722596713b7a17c514a
vcm_train_002461.wav,fil50_03510_ref_tagalog12_LIGHT_ON.wav,8ed159aef3c0239d1dcd9c3a8cc835740ed58ef2ac649f629454c3201af0946c
vcm_train_002464.wav,fil50_10180_ref_tagalog5_PAUSE.wav,79083700b9a50a9ec07cb8f09b6d75d9b9d003f9a7c4dd6a62ee474fa04eb083
vcm_train_002465.wav,fil50_01889_ref_tagalog10_LIST_REMINDERS.wav,c39e59bb6606141f2597b331f7b80b9b4b893cebfe0a7dc9f6cd2afd7ca8d278
vcm_train_002466.wav,fil50_11869_ref_tagalog7_CREATE_REMINDER.wav,669794e09c4ed1bccaec901e2f5d8a23c0715beff8dce076724a9ae9d18d6a60
vcm_train_002468.wav,fil50_13512_ref_tagalog9_NEXT.wav,e076d3fa386ba5318886a1bcda0d29b930ac10ddf548f66333654219f1785873
vcm_train_002471.wav,fil50_07579_ref_tagalog2_NEXT.wav,889c9982e628d90f82ce5f13e86f01e1026b84aff4d339b6bc6f26b04777c09a
vcm_train_002472.wav,fil50_04377_ref_tagalog13_TIME.wav,f040457f376f7e10770a56ecf5a1c5c09df105083ceb3180b989c8cd2b60c942
vcm_train_002473.wav,fil50_09331_ref_tagalog4_NEXT.wav,7a52d65ecc6a825b1d93d6f1f4921506fb1741c3e9d0a17b05fb6fc614e47e76
vcm_train_002476.wav,fil50_06081_ref_tagalog15_TEMPERATURE.wav,a258886eb894a388420ca2bd5c86870fcab437853c0dbec4e71c534c616e8bb8
vcm_train_002477.wav,fil50_06854_ref_tagalog16_BRIGHTNESS.wav,c941c3105dcf319fb4d6ec51b0090b1de9aea1d2d553bebf1df16a8676f0e7e7
vcm_train_002481.wav,fil50_10181_ref_tagalog5_TIMER.wav,58454086f173b77e1972233de1ed9e043d6da28813e6746f6b438e7ee01ef9ee
vcm_train_002483.wav,fil50_11870_ref_tagalog7_STOP.wav,c729ea8e1304af1f9b7bd713d9f38ac319ad7b1cb8a8d5d6881365609d13ad68
vcm_train_002484.wav,fil50_02707_ref_tagalog11_MESSAGE.wav,888426947cd181315bf920c9298ac53f6357306c0496ed7a4c499dd7a0970f1a
vcm_train_002485.wav,fil50_13513_ref_tagalog9_ALARM.wav,f0279ae36ebb05b206147203aec28c87a7d5642e0626dad19ef941ffb64e8766
vcm_train_002487.wav,fil50_01039_ref_tagalog1_LIGHT_OFF.wav,fbc5890d07adfc5cf9e9a7ed4c4f77618f0933b19d07b97c577aaae144a6cc17
vcm_train_002488.wav,fil50_07580_ref_tagalog2_TIMER.wav,abd87526b77d91a46a515196df72fd7f3f74bd9c22433a468ab80e2df4cf9304
vcm_train_002491.wav,fil50_12722_ref_tagalog8_CREATE_REMINDER.wav,2bc351ce3935ed47b8613da38fd5c668126792733aaf7e649a2b10a7529d8403
vcm_train_002492.wav,fil50_05237_ref_tagalog14_PLAY_MUSIC.wav,fb7f2d2413c1edd3653bd6c48c95543e2157fd4b66d81e899215b9dcfd68a9b8
vcm_train_002493.wav,fil50_06082_ref_tagalog15_CREATE_REMINDER.wav,76888b95ece4ef34b8e7ef3f88b0e61e2a096431ca4f0c1549a56e759508e324
vcm_train_002494.wav,fil50_06855_ref_tagalog16_LIGHT_ON.wav,b8741ed487d2f94ff49aa0b0dc87558e22ba2eaa3412cceefe22e3501dc519cc
vcm_train_002495.wav,fil50_03512_ref_tagalog12_COLOR.wav,02130acc44b340ea0fecb29fb6876e9f799dadb7e78f925ea7056fcea95fab76
vcm_train_002496.wav,fil50_00198_ref_ilonggo1_STOP.wav,9305129f6c66bd2008162a0bb3c8439540cefe684bf106cf854cf1992d6089e4
vcm_train_002498.wav,fil50_10183_ref_tagalog5_COLOR.wav,e143f2129eefe7d689f9feb59dcb0ff7039c6c8f3e2c83226d9a963cce8eb212
vcm_train_002500.wav,fil50_11871_ref_tagalog7_WEATHER.wav,0317c9e7273bfc98095bd640c02fc947a8fe04918d60e1ad33565e87f9be0a8f
vcm_train_002503.wav,fil50_08503_ref_tagalog3_BRIGHTNESS.wav,51fbdb44bbfdc6c4475628a52a9e8b200ce4f8a05f1596844f1a7c3dc63e9861
vcm_train_002504.wav,fil50_01041_ref_tagalog1_WEATHER.wav,3fa004e896433b254478f1d66099f12d404e864a2fe67f14133cfbbe4b1947a4
vcm_train_002505.wav,fil50_07581_ref_tagalog2_TIME.wav,d6b433cbe89aafb415d8dbcfb0971b98f555685b62fcf32cb38b5f7765f5217f
vcm_train_002507.wav,fil50_09333_ref_tagalog4_MESSAGE.wav,fdabba9950639b8bc58611f0cfa2188bcb61a92054d0142407d404afec49adb0
vcm_train_002508.wav,fil50_12724_ref_tagalog8_TIMER.wav,a8e205ec8c6d620de0678373e7051083b9370d039a388c0c046fcbe64e5c95a2
vcm_train_002510.wav,fil50_06083_ref_tagalog15_VOLUME_DOWN.wav,c20869e2e28ef38f5edadf0f66b42cfb8093c4425afdf294857ababfe96d491d
vcm_train_002511.wav,fil50_06856_ref_tagalog16_TIMER.wav,01cb35793ef7b5201e26796d723f84717779c84ed3e6d97416198176307b0837
vcm_train_002514.wav,fil50_11035_ref_tagalog6_TIME.wav,4ff81f4ed3d0d3ddb3d6e35b8ee8d461b127d4d868c89e1c6b65b2b506416959
vcm_train_002515.wav,fil50_10185_ref_tagalog5_CREATE_REMINDER.wav,0080298e8183fe13a286c4c712fe046b1f76fe0029f740cf058cfc33598d2b66
vcm_train_002516.wav,fil50_01890_ref_tagalog10_CREATE_REMINDER.wav,367302419b534f28cfb43e4c3929d410e223d42dda7928ea07861d2e148e9b01
vcm_train_002519.wav,fil50_13515_ref_tagalog9_PLAY_MUSIC.wav,ec4c753fff8a2de8194714ea0952170560e6244de9da101c397fe74ae58d7d8f
vcm_train_002520.wav,fil50_08504_ref_tagalog3_COLOR.wav,6b3b986b1ab9d277d8f34d69463e72b3cf5f0a453721c454ca22173d10cbd00a
vcm_train_002522.wav,fil50_07582_ref_tagalog2_PLAY_MUSIC.wav,7ce75f5f1141d51a671cf070e49432b8ab107b1f7f38d71f2138a2bbb7583cf3
vcm_train_002523.wav,fil50_04378_ref_tagalog13_PAUSE.wav,01c469deeb24e90959b659a45c852b499bdc3a3d86b67a6d1f50d7a6478f21ed
vcm_train_002528.wav,fil50_06857_ref_tagalog16_COLOR.wav,a1d742a05bd83d0e851c2849bbf66f4460954d858df10e83dc74e7f7e3d014e5
vcm_train_002532.wav,fil50_10186_ref_tagalog5_BRIGHTNESS.wav,5f5045c822e56c1de3aba7b5c5462e9f3723441d4084918feec9f0d166dc4153
vcm_train_002533.wav,fil50_01891_ref_tagalog10_CREATE_REMINDER.wav,2310aacfd88775b64f638dd479e413d4d2d45d2abc6771c98720a739250ea14b
vcm_train_002534.wav,fil50_11873_ref_tagalog7_CREATE_REMINDER.wav,d63ceb47f6ba86f0bda142a0d141b6c4ec049a42fc66c3570d0fc424d5d551a3
vcm_train_002536.wav,fil50_13516_ref_tagalog9_STOP.wav,983d3d340b69f6fb084b12766e132e2bc2ff81fcfaa74af972202fd1ac986bc6
vcm_train_002538.wav,fil50_01042_ref_tagalog1_VOLUME_UP.wav,2e42d74345542bfb14f57baa3945c198c56f9b7799bd3328d58add14cc1f53fc
vcm_train_002539.wav,fil50_07584_ref_tagalog2_TEMPERATURE.wav,3d61e82c5cbd335bed2f5fffda178436e417f99a0cc5dbf88c1451b5b88d8038
vcm_train_002542.wav,fil50_12725_ref_tagalog8_ALARM.wav,7ad4ea0f874ad0259182a98c577bb05033dcdd7ba8272752e0592c58e2bf9df9
vcm_train_002543.wav,fil50_05238_ref_tagalog14_NEXT.wav,71cd96e99e626fbb5e2ba0db3359e82cdc8c0a13eb0e0f6f56b22f81046c86c9
vcm_train_002544.wav,fil50_06084_ref_tagalog15_NEXT.wav,9afee4ad055871279c1a473c488a30f90158024ad266066f318c7dcf25f6bfda
vcm_train_002545.wav,fil50_06859_ref_tagalog16_TIMER.wav,1ef5725106edc07ed426583a5fd366646b2caec880bf4484b41ca5370e05a18e
vcm_train_002547.wav,fil50_00200_ref_ilonggo1_NEXT.wav,de9ccd2d0eeff2d82a09b47a5b60b125f07232d55e87e76ec200990a757bea50
vcm_train_002551.wav,fil50_11875_ref_tagalog7_WEATHER.wav,256b3fd9923d081ef97425e3faa4c26c560b7b793003ec576a2d0fb9c1a2abb8
vcm_train_002554.wav,fil50_08505_ref_tagalog3_LIST_REMINDERS.wav,981a90bfd5bbd9aa57ab8447baa12d5181db0b8d60ead176a58d346c9d1b5609
vcm_train_002555.wav,fil50_01043_ref_tagalog1_LIST_REMINDERS.wav,da669596207c4aec4ffd857c2f10ec1b88e82f8fa8db6fbf147e2c3adee151e6
vcm_train_002556.wav,fil50_07585_ref_tagalog2_TEMPERATURE.wav,f12192a4d44c4a665bfb48064cfd011140bc9f84a12db20c45813ce68c18b77a
vcm_train_002557.wav,fil50_04379_ref_tagalog13_STOP.wav,3cfc4d5cb77f33c4d76cbc620b6d70fa0048ed213f0d74676c643f2dad47cd18
vcm_train_002558.wav,fil50_09334_ref_tagalog4_TIME.wav,4af4d47bae6bc2a3f96a02de791dcb37b0c4b22e293db5fb8c6d82db6c5f8ad3
vcm_train_002559.wav,fil50_12727_ref_tagalog8_VOLUME_UP.wav,a087a9f25aea44069789e27937b5dd40d897cb9f6cd6a313f90b1350ed619594
vcm_train_002562.wav,fil50_06860_ref_tagalog16_TEMPERATURE.wav,33274475f9e734d981453a6e1cd099d85e8aacdbc2f24b392d1ac17baae6ac86
vcm_train_002565.wav,fil50_11037_ref_tagalog6_TIMER.wav,63cdaa1e75df7d8143c8c26852bf411afeb19402ed358dd27d6f32686cfd44f6
vcm_train_002566.wav,fil50_10187_ref_tagalog5_NEXT.wav,f3757bd03d4f177aae58a721b48b76849a70a86d7b6aad4d20e857dfcb0275f0
vcm_train_002567.wav,fil50_01892_ref_tagalog10_TIMER.wav,ed861dc5e57340681d3af8576d8c49f44162354bd861097ee8320b3fbb828468
vcm_train_002568.wav,fil50_11876_ref_tagalog7_COLOR.wav,eb152081ec78b1b77a9d73d85a40477b699c7c2ebd599612737c357f06d647d7
vcm_train_002569.wav,fil50_02708_ref_tagalog11_BRIGHTNESS.wav,0534be2347da7abbab1581d2544cc5a58023a21ee45cfc7e206dcfc0f992a6fa
vcm_train_002571.wav,fil50_08506_ref_tagalog3_CREATE_REMINDER.wav,7f2db02f6886a954dc7c3f69ee58cf21cbb462aabcc7bc27c4248d9c904825c8
vcm_train_002572.wav,fil50_01044_ref_tagalog1_TIMER.wav,5f4b9b7acce994e7cfed917559850de4f65e30510abd23d60fe6085227554e11
vcm_train_002574.wav,fil50_04380_ref_tagalog13_LIST_REMINDERS.wav,306eaae4928dec32bbe6754dcb9a5657c65bd964a4fb172117a8b66fcc7c64ce
vcm_train_002576.wav,fil50_12729_ref_tagalog8_TEMPERATURE.wav,8e1dcca0335f5d6550e9986591eee73895b22902a9dce9bc4296b456db4dda90
vcm_train_002578.wav,fil50_06086_ref_tagalog15_TEMPERATURE.wav,7c4b80939fe6b874d68ba6fb8ef8ae0396d30b986b457b53baadebd83eae52aa
vcm_train_002583.wav,fil50_10188_ref_tagalog5_TEMPERATURE.wav,f0b38e104ec40b3d95ded2aa972553bbf87db4c6e1c5349def05658092474700
vcm_train_002590.wav,fil50_07586_ref_tagalog2_NEXT.wav,da58cea8a0fc2489f2f71d0adec067b5fbcc76808d8a850c9203bde33d80012d
vcm_train_002593.wav,fil50_12731_ref_tagalog8_LIGHT_OFF.wav,713520000a197717523656beaaea6f9fe43f1620cd26fe6230f15be642bf9f28
vcm_train_002594.wav,fil50_05239_ref_tagalog14_COLOR.wav,97678d895a39bd6135bac6d06f3f24c2f4c6dfbdbbfa61a68efa9d6c1fa1491e
vcm_train_002595.wav,fil50_06088_ref_tagalog15_VOLUME_UP.wav,b6c890333c42f1fcb7817d1a971860d83f065fe1d4b79c863a403fcfd7498dca
vcm_train_002596.wav,fil50_06862_ref_tagalog16_PLAY_MUSIC.wav,122707f35dfed345f9d7a8cf7ed5b79ef67f1d36e669c50acb869a8e68d077bc
vcm_train_002597.wav,fil50_03514_ref_tagalog12_TEMPERATURE.wav,4d714851a6642efc277f7fc919168f91362f3ff227607790d2f30f51d12b0fa2
vcm_train_002598.wav,fil50_00201_ref_ilonggo1_CREATE_REMINDER.wav,b3cdc2a8e1b1cf93778e6a772d1cb7bb8cffed6d5e95a2cad551152777f36bf6
vcm_train_002599.wav,fil50_11039_ref_tagalog6_VOLUME_UP.wav,75b80759462d955c8fd3fa62e4d218c50302cdfce60bed0a4dc13426478e136c
vcm_train_002602.wav,fil50_11878_ref_tagalog7_COLOR.wav,f9f01be253ea90e10410ef96247db64147851377b3517897789a4a12405872cf
vcm_train_002603.wav,fil50_02709_ref_tagalog11_PLAY_MUSIC.wav,e088522979708c6f151e3b962bd5c7cbc785e47d7ae1239d4236c04378d61f2f
vcm_train_002605.wav,fil50_08508_ref_tagalog3_PAUSE.wav,056f3a681155704c779f7405a3d52840201ddc78ef9fa3d9d36ea03475f6e3aa
vcm_train_002606.wav,fil50_01045_ref_tagalog1_TIMER.wav,3cc0238877cc1c854ab36ccefce8d499ad107e1a8b540a05008db656d3444f9d
vcm_train_002607.wav,fil50_07588_ref_tagalog2_TEMPERATURE.wav,2ecf0663001cf772c8b639682de2b64597909faea5b912a8ebbd541e48620832
vcm_train_002610.wav,fil50_12733_ref_tagalog8_TIME.wav,a1425baeaf4e9adb628bd37300ea18cc3cc36da8273e01523de13f8ab4d220a9
vcm_train_002612.wav,fil50_06089_ref_tagalog15_TIMER.wav,893eff62bba8adc1417be2a7631febe41ac54635aef222b4dd59b793936ea3fc
vcm_train_002613.wav,fil50_06863_ref_tagalog16_VOLUME_DOWN.wav,b6efeeadb9ff95d25b22ddc0304dd42d2f884edd2050b79a790512bcac02860e
vcm_train_002614.wav,fil50_03516_ref_tagalog12_CREATE_REMINDER.wav,e3573bfe583ea09ab1ad427e1c6280cee0b761d223709e72c8a4c9e6c1dfd2a9
vcm_train_002615.wav,fil50_00203_ref_ilonggo1_PAUSE.wav,d66331337f4a06b5310a2bbcd1d6dd17458d4e05103470aa5cb490383d4af613
vcm_train_002617.wav,fil50_10190_ref_tagalog5_CREATE_REMINDER.wav,c4ccbda08695c98af34e0b21ddc49776c6132f1c087b2eda423928dedd49203a
vcm_train_002618.wav,fil50_01894_ref_tagalog10_ALARM.wav,8d7b6cebbabfd8ff57db4a5d7367fac6d0ce7e6a7169d60489cb030056b9d295
vcm_train_002619.wav,fil50_11879_ref_tagalog7_ALARM.wav,0296cb6bc5c720af1e5088b6749a40b0967b5454a8e70664604bd78ff9cee265
vcm_train_002622.wav,fil50_08509_ref_tagalog3_TEMPERATURE.wav,1de7a617457959a8906256ff0ff648ff3406e9bbcb383c0dcd8944a294bac67c
vcm_train_002623.wav,fil50_01047_ref_tagalog1_TIME.wav,b2e1f2b2d2eb4be4a7742fae7bd4b4d5fa0c78864132ab0a18ba963f17c5a662
vcm_train_002627.wav,fil50_12734_ref_tagalog8_TEMPERATURE.wav,b258b9b6d40369290df0b81b1fa7df59557e651897eb3946d784ca66d5bead0d
vcm_train_002629.wav,fil50_06090_ref_tagalog15_WEATHER.wav,eb128379bb09301e2b232e15459b78e3d964fc01a1979d948084ebc81187a963
vcm_train_002630.wav,fil50_06864_ref_tagalog16_LIGHT_OFF.wav,8fa94da60b1f0472c1f89e9526f7d9778fd6d9cf219c6865a28a30a8a749adc0
vcm_train_002631.wav,fil50_03518_ref_tagalog12_LIGHT_ON.wav,91c4a695e5ab2dde88cd2fbd337a580d01dc25158543a082959faa7b8993abab
vcm_train_002632.wav,fil50_00204_ref_ilonggo1_VOLUME_DOWN.wav,3870c4d3d89754d1b9609b3feb3386d688025611eba425fb2f72c9fe0f579b03
vcm_train_002637.wav,vcm_train_002637.wav,68baac06cd4377a49ea0d12c1ed9567c33a21f0a20d73f98dd2c0d35dbdbdbef
vcm_train_002638.wav,fil50_13518_ref_tagalog9_COLOR.wav,81e128f2a98f0e9173005013f2d560d44f5109867817d4ad55a976c4105cc551
vcm_train_002639.wav,fil50_08510_ref_tagalog3_NEXT.wav,968c7ea54f73be058d148b1a6d619562d997dc02bf2e3af7421e8a81d5c6307d
vcm_train_002642.wav,fil50_04382_ref_tagalog13_TEMPERATURE.wav,ecab497ecb17fc62ecec69aba0ee010222002d25795e3c69af4deb3cef119ee0
vcm_train_002645.wav,fil50_05241_ref_tagalog14_ALARM.wav,28fd1c0f2bb12c64b8a0fbd2bd4fd7f5c834e2c529960528917429ef6cd77143
vcm_train_002646.wav,fil50_06092_ref_tagalog15_STOP.wav,e59856c33d1775c654cb4f38f2d70694bd049577272ab603adf5f43aecffd568
vcm_train_002647.wav,fil50_06866_ref_tagalog16_COLOR.wav,fb221a64737c86c10aa4fec3c7aae573e1bee19e5c3bf9951b3bdd0b9cbaf83f
vcm_train_002649.wav,fil50_00205_ref_ilonggo1_PLAY_MUSIC.wav,2741531a0bb840329e8baba88a966ab79655d165ac473f4e7b2c1416fb8b0ad5
vcm_train_002651.wav,fil50_10191_ref_tagalog5_BRIGHTNESS.wav,45a004553487f017d3e47d050104e37e4e4a1d3aa54dd40571a751e72d791cb5
vcm_train_002652.wav,fil50_01896_ref_tagalog10_VOLUME_DOWN.wav,c0ef04bdcb8b6114564be0f02c82b207378e87ced452a40071d906c5be7a3112
vcm_train_002654.wav,fil50_02711_ref_tagalog11_COLOR.wav,2157f0758bf9ea0a95bd4d0d4f900e5f0e5181a83c00cc27fafb674e79d5621e
vcm_train_002655.wav,fil50_13519_ref_tagalog9_TEMPERATURE.wav,305101eba1874211d8e83a2a00e48e0a0eb5ad4af291526bd97eed7682f70124
vcm_train_002658.wav,fil50_07590_ref_tagalog2_TEMPERATURE.wav,4a05e3d676b15683b63981ae2f44e7cac30da4d6519ddd72b5c087eb8b795644
vcm_train_002659.wav,fil50_04384_ref_tagalog13_ALARM.wav,19f69e28c4cb1460f638165a8dc1818ec1edaef72f8f480b1a3241d8e5ddcf39
vcm_train_002663.wav,fil50_06093_ref_tagalog15_LIGHT_OFF.wav,4de8ff81500b1348f4e5312ac8d870f32ef9e2ff27815eb522fbf7715ce5b1e0
vcm_train_002664.wav,fil50_06868_ref_tagalog16_TEMPERATURE.wav,18f7cc6898461f61f9f5eec8406590b778c183500b54761d6b00075a82359d5f
vcm_train_002667.wav,fil50_11041_ref_tagalog6_LIGHT_ON.wav,b8a27d58fdcd28a63082f614cb3472ef27da19dfc6ee2abf04bf5b461f7cbd68
vcm_train_002668.wav,fil50_10193_ref_tagalog5_WEATHER.wav,bd066d191218d6e27b71aff64e5136f0ef25979e87d22e5f8e3ae37c794d2b8d
vcm_train_002671.wav,fil50_02712_ref_tagalog11_LIGHT_OFF.wav,0cc8d765de532c23f05b5937e53d857913901445f0c0940b84a969c81488d1a0
vcm_train_002673.wav,fil50_08511_ref_tagalog3_BRIGHTNESS.wav,82360970f28d61f93d3bd3dfd55f42e40c461b76bd74dbeae1a2ba3cb853ad32
vcm_train_002674.wav,fil50_01049_ref_tagalog1_COLOR.wav,6de782e904dee45f19222914a037b8b7ffed6473235732320bcdfd935f9fc89d
vcm_train_002675.wav,fil50_07591_ref_tagalog2_NEXT.wav,b86b8bc624e47eaa6f54e5197ec4fc85ce259258810298021ce063aa1a7ac698
vcm_train_002676.wav,,ef9481479bcc1aed7dccd0ef89a4bbfae7379be56fd74c0f9ce902c629416231
vcm_train_002677.wav,fil50_09336_ref_tagalog4_NEXT.wav,35138ab2ff6ca43be6644ae83bcedd8cf45e8fd4a68a85f4effaec18f16af358
vcm_train_002678.wav,fil50_12736_ref_tagalog8_CREATE_REMINDER.wav,e23aaf7f02193278a3d61b9be8d8a61e600dcc297f0114ac56963ac5036558ce
vcm_train_002680.wav,fil50_06094_ref_tagalog15_ALARM.wav,0bb913409a7cfe949954a7e135e42bf1b1af390bb16bf045787c853bfc35136e
vcm_train_002683.wav,fil50_00207_ref_ilonggo1_TIMER.wav,7b05a3299fbcf6e0803c859e9e158f414de6d17268084abe3bc7d959a2cc3382
vcm_train_002685.wav,fil50_10195_ref_tagalog5_CREATE_REMINDER.wav,d62f6a16e90354ea29831e48b08f04b5a0dc02df1872f61a29d27da95acb2db8
vcm_train_002686.wav,fil50_01897_ref_tagalog10_MESSAGE.wav,260d0fca21f880d5c53efb20de8b2faebfeb2414153e1123648504e0ba3e0925
vcm_train_002689.wav,fil50_13520_ref_tagalog9_LIGHT_OFF.wav,b257deb1d1178dd6c9c888486676f376478bdc504c20f7295564d810bae77c68
vcm_train_002695.wav,fil50_12738_ref_tagalog8_TIMER.wav,2e1b0bba971d59ca356a1176f430adeb75dfed00f5ab43edc27436d0b2fc4c96
vcm_train_002696.wav,fil50_05242_ref_tagalog14_COLOR.wav,5d06da25437a8b6947e4ff4f6cde26705bb850e661e80f886fa58bce4deef7cd
vcm_train_002697.wav,fil50_06095_ref_tagalog15_WEATHER.wav,a8c7e799cec25f089942a58a88907698557716bfc38de97689ae323fc12e528d
vcm_train_002699.wav,fil50_03519_ref_tagalog12_LIGHT_ON.wav,9588549e682f736b2722baab0766be51316179a0e65243d58f57e28a7dd2ac13
vcm_train_002703.wav,fil50_01899_ref_tagalog10_ALARM.wav,872152451fde53a208fe04ba6e65d3b9f3351fa8be770332a09567f1307440e4
vcm_train_002704.wav,fil50_11881_ref_tagalog7_ALARM.wav,18a014958c2fb2b8c222531481fa0ca57c384c6d12b1b912eb29ba36da3c1ac7
vcm_train_002705.wav,fil50_02713_ref_tagalog11_CREATE_REMINDER.wav,30aeb004df4a0b314885ae1b5eaba6cd6d9e39a41eeb25baca3e29cfcdb146b7
vcm_train_002706.wav,fil50_13521_ref_tagalog9_ALARM.wav,94a08b0b85f221aa5582ddd0e43331b830acdf541120d47f10cc4c2c586daa4c
vcm_train_002708.wav,fil50_01051_ref_tagalog1_NEXT.wav,bb8fae84faa0cc9fcf25bcc1098223bc65c0175d545aaea5ab9ef15ad99671a5
vcm_train_002709.wav,fil50_07592_ref_tagalog2_ALARM.wav,a6dacaeac6a412ae59f6df69dae4fd8a21267adac2b012740991b843a6296826
vcm_train_002711.wav,fil50_09337_ref_tagalog4_LIGHT_ON.wav,56a073079fd1a503be2fac38b09926275ddaaa0c96f2e8d71667d1f1442da08e
vcm_train_002714.wav,fil50_06097_ref_tagalog15_WEATHER.wav,1f76e35e51796b52e6a6841b73221f6e3bc1bfa584cf1cb01de4ddbcabfe4e71
vcm_train_002716.wav,fil50_03520_ref_tagalog12_ALARM.wav,cc12fd9c4eae9a843e106a58868ab422a0f0225d2b80a732cfcfa0d0a15ee669
vcm_train_002717.wav,fil50_00209_ref_ilonggo1_PAUSE.wav,416c0b29168b0b59f28401ca912cc2aa214154362cc402dc6b303c9e82f4949c
vcm_train_002718.wav,fil50_11042_ref_tagalog6_CALL.wav,2715e23d71a625e91daa94d8593a1874235cd02a387c2f29b6c0a9004efb35e7
vcm_train_002720.wav,fil50_01900_ref_tagalog10_TEMPERATURE.wav,77a6e21d3ff26b24019a3d6657752e275aa5367d0fe00bcdef382f6f3519b10f
vcm_train_002721.wav,fil50_11883_ref_tagalog7_TEMPERATURE.wav,e3824436dfaa8c751fc140606afedccbeb41a9cc0ebb9b6778a87d771fe6ad17
vcm_train_002722.wav,fil50_02714_ref_tagalog11_NEXT.wav,49e9c301e0af739b0de7a10ff1ef5d00c37f3ddb201f31f26c0b3798c1ef39c7
vcm_train_002724.wav,fil50_08513_ref_tagalog3_MESSAGE.wav,860fbb8197f10aa198b79bce9605d6c7dbd84fdaae34521448cd4c74ac7c3660
vcm_train_002727.wav,fil50_04385_ref_tagalog13_VOLUME_DOWN.wav,5ff829df30ab3c0a467f898bba01ff441d50b68c99d955d827ba53e9e49aea53
vcm_train_002728.wav,fil50_09339_ref_tagalog4_BRIGHTNESS.wav,5e970e60b530d5809cc8a79c7b5949819d68cef004cf59858469f889d7138b25
vcm_train_002731.wav,fil50_06098_ref_tagalog15_BRIGHTNESS.wav,3a47e0ce1ef42795aebf3b58955552278ee385ecdf018f2befc7cf2064f87e7e
vcm_train_002736.wav,fil50_10197_ref_tagalog5_CALL.wav,181a302a0f7644999a1cc5fddd9335ebaa055062fb6349520f6ce0d6d8ed45df
vcm_train_002738.wav,fil50_11885_ref_tagalog7_NEXT.wav,03b56531d815f1b16c9f1e09e5f58afb08ebbf1caed7e78e951621433842902e
vcm_train_002740.wav,fil50_13523_ref_tagalog9_TEMPERATURE.wav,4653916e6de0c133d4accabcd13c9a0281a905af600b11f23af1ad4a010ab694
vcm_train_002741.wav,fil50_08515_ref_tagalog3_ALARM.wav,d7d51c3575219197b12588fd36821b0c26f42156dba95b6642e833aa28cf521e
vcm_train_002742.wav,fil50_01052_ref_tagalog1_TEMPERATURE.wav,a1d629d5e3a59ea61882691cc9b76c7ee451483f534fc0a3ca345e6a91443c85
vcm_train_002743.wav,fil50_07594_ref_tagalog2_TIMER.wav,0639d874d822711e2411b103175139e28a79f2fc385ac6975462dec5683dd4a3
vcm_train_002744.wav,fil50_04386_ref_tagalog13_VOLUME_UP.wav,5cc89082c28a1a43d83dc1ae88294e8e2b4900f5b64404a0f8bb43e3a5569984
vcm_train_002745.wav,fil50_09340_ref_tagalog4_VOLUME_UP.wav,7927f12161e9858e72f00c600769975f5ca3dc3405b9d82dac16ac16cfb0cee7
vcm_train_002747.wav,fil50_05244_ref_tagalog14_TEMPERATURE.wav,6d71670f8d65d2a7ed5db5846ee2c61451c1fa741feaf3c5faf8c73eca300abc
vcm_train_002749.wav,fil50_06870_ref_tagalog16_ALARM.wav,0255fb4b52a6c58acb4ceea90d3a296e7c1a1b72a8374bfa629b735ccfaebb0c
vcm_train_002752.wav,fil50_11043_ref_tagalog6_CALL.wav,85b31ea8594280cfca39a15d95f27408f9b443fc118dd9374e4a03e517bd60aa
vcm_train_002756.wav,fil50_02715_ref_tagalog11_TEMPERATURE.wav,1a0db65e84aff4a06456fd7f406500e2e4f395a7ad702b072aedbb9c447c997d
vcm_train_002757.wav,fil50_13524_ref_tagalog9_ALARM.wav,e840acd75d32553847117920a211b250dba611a38ca0a3edafe6227699ac7976
vcm_train_002760.wav,fil50_07595_ref_tagalog2_BRIGHTNESS.wav,f7f2a44d90ab5abb5383b20d5fec7d6f1085eb042d43acdcaa55f56ecd869ee1
vcm_train_002761.wav,fil50_04388_ref_tagalog13_VOLUME_UP.wav,f7674eca57621b65b60377993d63e184f0a26cf4b59415435e548ed6ab757ac7
vcm_train_002762.wav,fil50_09341_ref_tagalog4_NEXT.wav,6981bf64416f1ce699865b0860967c430204c3e9bb878e7e520024312df9c64d
vcm_train_002765.wav,fil50_06099_ref_tagalog15_LIST_REMINDERS.wav,c13fc87197115465253044971f07a14161758fc3d6a2ef35f30aee04d8a2590c
vcm_train_002766.wav,fil50_06871_ref_tagalog16_NEXT.wav,864a0a55819ddb36dd0321be0af871dcc2fa6a7ab091e6ff81159933723af364
vcm_train_002768.wav,fil50_00210_ref_ilonggo1_CREATE_REMINDER.wav,733cfb64e0ff68aa3c555933ce5c6b699cd087c442f32c7a6a6da3217e5bda1e
vcm_train_002769.wav,fil50_11045_ref_tagalog6_BRIGHTNESS.wav,4165fcc757256b647d80ecf1d55d3ce333989f95ff2702387f1fb55070cabfe8
vcm_train_002770.wav,fil50_10199_ref_tagalog5_TEMPERATURE.wav,c5dfb60c2569f4c2c77876080c2b776020a010ec469722d0fc4eaf46f86221d3
vcm_train_002774.wav,fil50_13525_ref_tagalog9_TIMER.wav,24941070c52989af509cd78d4daa126695529b3be3c8b1d8960f8c4125194cb1
vcm_train_002775.wav,fil50_08517_ref_tagalog3_STOP.wav,c7e5fcd2d1d6431a74bfba1693ce9c1618bea3a19540ec2804552d9fac7643b1
vcm_train_002776.wav,fil50_01053_ref_tagalog1_WEATHER.wav,2bbb90dbca06ec1673ab41f36cf3f2be1750be86a11c091cee040ae67645b410
vcm_train_002777.wav,fil50_07596_ref_tagalog2_TEMPERATURE.wav,25438f1ddc985fdf2f251b514d6417af787007130567c993ba060280605bf2de
vcm_train_002778.wav,fil50_04390_ref_tagalog13_TEMPERATURE.wav,68d55bcdc2781bc6a3ce21a6ad86b1edf7b2e75b5988798005faa2926edebb4b
vcm_train_002781.wav,fil50_05246_ref_tagalog14_CREATE_REMINDER.wav,8d9d8b405ca8d8290af6f27d6194e948eedbc5d65716de572eb79dd0eb1f836e
vcm_train_002782.wav,fil50_06100_ref_tagalog15_LIST_REMINDERS.wav,453f414d394aa92b375aa6f63780a992045bf8812b1e0cd64e30995e9c0be7aa
vcm_train_002784.wav,fil50_03522_ref_tagalog12_ALARM.wav,c79c5d841aecd718ba423cbdf4ae8db3e42b59569ecb6214afc98544adb2dbf4
vcm_train_002786.wav,,f2707e1f9de8a1cfd8344039fd3ecb53dccfbfee6f92e95c0d472bb3302378dc
vcm_train_002789.wav,fil50_11886_ref_tagalog7_ALARM.wav,61081b355cfd2bfc40c532d0d5eade616b161aa126d813b71c84f64f5c563a7d
vcm_train_002790.wav,fil50_02716_ref_tagalog11_VOLUME_DOWN.wav,3bd06525676b28a0ab595b2c110c0ee35b7bf85f148abdff6ee107f043337539
vcm_train_002791.wav,fil50_13526_ref_tagalog9_NEXT.wav,093cf960fa5c0cbc8a13851220c084b19b426032b2af42423ca397471ec2b967
vcm_train_002792.wav,fil50_08519_ref_tagalog3_NEXT.wav,247c1399be2545543310b11ecf901b8c196e95d53bc568fda0c121704b8d64fb
vcm_train_002793.wav,fil50_01054_ref_tagalog1_MESSAGE.wav,65a4e146525bd38d9316997c7f2d86e5a07b4844b54d713e0645fb7c0d55af38
vcm_train_002796.wav,fil50_09343_ref_tagalog4_TIMER.wav,c58c1d02b3360e2182e8ce9e6e336101ba8475c9cebc719b405868a804b919b2
vcm_train_002797.wav,fil50_12739_ref_tagalog8_MESSAGE.wav,7681b386c291b27a0a6e8208b13372b3803c3d4ae88a3ef4d92da5d9de53864d
vcm_train_002798.wav,fil50_05248_ref_tagalog14_LIST_REMINDERS.wav,fb20a5ad4f99e5b81dbb089530cfe9914c2e77fed29db17181eb3019843b4873
vcm_train_002799.wav,fil50_06101_ref_tagalog15_COLOR.wav,4848adcf7c24cf3797dbbfe6d9652bfa8d2d8923cfffbceaa4c5ff2c6814a00a
vcm_train_002803.wav,fil50_11046_ref_tagalog6_CREATE_REMINDER.wav,e86478210463c0e733d1a1259d66223cbe4071b712fcd44204a844a0d2da1722
vcm_train_002804.wav,,18f2ce839268568a80124862c640300e776bf5d568375a4a92410aaddba15761
vcm_train_002807.wav,fil50_02718_ref_tagalog11_MESSAGE.wav,169c31bd4cd4c4eddb22d8ba2dd1b7508a80a2b9f3d64f2fdea79164d8fed9c9
vcm_train_002808.wav,fil50_13528_ref_tagalog9_TIMER.wav,fa96c76d5650f8d06c91864465976d7b090e398151418750f7ac3eb3bbba0884
vcm_train_002809.wav,fil50_08521_ref_tagalog3_BRIGHTNESS.wav,dfeea1af924b9f06a7d7387bcf6c03ba55a096f4312786909d589d5c03e61348
vcm_train_002812.wav,fil50_04391_ref_tagalog13_TEMPERATURE.wav,e27402098d7d693a232b2885ac4e0e9b5d4d82275b490fae2459d85dbbdb6c1e
vcm_train_002814.wav,fil50_12740_ref_tagalog8_TIMER.wav,12fba955779f2c7dfe6c386eed41b78395e1fc151fefc57834e904dcc2961b7a
vcm_train_002815.wav,fil50_05250_ref_tagalog14_VOLUME_DOWN.wav,1510260af70af797c86583ff619f7a4890f277827d4d8be04fcc99c03c97c312
vcm_train_002816.wav,fil50_06102_ref_tagalog15_TIMER.wav,71b0139be1de1db1344ae5c612ef4baa2ade8ab52b53ea44418ba256c808b43f
vcm_train_002820.wav,fil50_11048_ref_tagalog6_COLOR.wav,5507cfe742d307e20c8468eb8ad3c11dd2a0f83c8bf28b7ab968ed7d86b311fb
vcm_train_002821.wav,fil50_10200_ref_tagalog5_WEATHER.wav,0c4b42d4dac792996ad23a844f8956d62be0ae96609dc0efca08d182b37a1776
vcm_train_002822.wav,fil50_01901_ref_tagalog10_ALARM.wav,435cca234cfe4fffbbf3ce8c2e460c1ac561a299dfc65b428d436028fdba14cd
vcm_train_002824.wav,fil50_02720_ref_tagalog11_COLOR.wav,ab7719e85be2e80cc753628d13aa84b6006f458455273edd62781f4c30741eb9
vcm_train_002825.wav,fil50_13529_ref_tagalog9_STOP.wav,bf5a0091ab8b177f0fd59f39025d353769690acc1c395c5c7a8c71e1f81962ca
vcm_train_002826.wav,fil50_08522_ref_tagalog3_VOLUME_DOWN.wav,d815ec1177f51be70def3984aa5fc88412cb03bf3acab890e4157607202ed25f
vcm_train_002830.wav,fil50_09345_ref_tagalog4_BRIGHTNESS.wav,78b25d8e360db2da1e188d79ee7f013975d0b5b1868945041792ebbf43427730
vcm_train_002832.wav,fil50_05252_ref_tagalog14_LIGHT_OFF.wav,a6322fd88159b34dff7e294896c5aa8d533d8fcd0915bb8797124a39840f0486
vcm_train_002836.wav,fil50_00212_ref_ilonggo1_COLOR.wav,7da0763b632160af381293a7c2937e1d154b07d5c932efa2f78f736393e7b4ad
vcm_train_002839.wav,fil50_01903_ref_tagalog10_CREATE_REMINDER.wav,861eb703fc345614a0f81b5fdad9909f3a71523c997d988a7b4d88461d33ec48
vcm_train_002840.wav,fil50_11887_ref_tagalog7_TIMER.wav,95f710065a0a205312d4841286d59c1315cae9f665b83b214944f0c667a58dbb
vcm_train_002841.wav,fil50_02721_ref_tagalog11_NEXT.wav,bfbc4705b4853e5b00cf1d0fdeee2759411443afd5779a6ed45c2f5b7f4787c6
vcm_train_002842.wav,fil50_13530_ref_tagalog9_TIMER.wav,e5bd337b119f508fd26aaff7833a0c865534228536ba48c27dab60ff44e27c5b
vcm_train_002843.wav,fil50_08523_ref_tagalog3_ALARM.wav,a473203f183f2162048bfb07774a8cfbd5c805e8585a9ad3950217e69f876454
vcm_train_002844.wav,fil50_01055_ref_tagalog1_WEATHER.wav,9b2104674552851bb3de9179081090bf62c6b5e163cab0145e50b07903db9295
vcm_train_002845.wav,fil50_07598_ref_tagalog2_TEMPERATURE.wav,72304df5e59299b5500800126f2bd219036017af84907bcaac1610ab2619467c
vcm_train_002846.wav,fil50_04393_ref_tagalog13_STOP.wav,3af4922d972c56cd74c605c2ce2834f64faa324223f246fbbc0969236d11becf
vcm_train_002847.wav,fil50_09346_ref_tagalog4_TIMER.wav,43eea59ecf790992069e7987bdc9908168a9ebabc5c98eafdac282552ab042a1
vcm_train_002848.wav,fil50_12741_ref_tagalog8_LIGHT_ON.wav,6f4bcd44491e39b84a5eba4db8634636fe4a4c25d86c24249b6ebf806a6f070d
vcm_train_002849.wav,fil50_05253_ref_tagalog14_NEXT.wav,1334c622ed6325a3cc2d962ca7fb010347e2ad8c9f4dda533f5b8d531064b716
vcm_train_002852.wav,fil50_03524_ref_tagalog12_LIGHT_ON.wav,50f91054cfdd867e8203727fc78f9ad65a51c0d087b87704731e3aed3b4f7672
vcm_train_002853.wav,fil50_00213_ref_ilonggo1_TIMER.wav,772b7b5c69816a214e7354f4ba203969f528ed3df3fedc71548149520902d671
vcm_train_002854.wav,fil50_11050_ref_tagalog6_TIME.wav,cb75ea9e45866ba3799319c6b403cd7fc0ebc52978d58c0c8a12c78f572c4448
vcm_train_002855.wav,fil50_10202_ref_tagalog5_TIMER.wav,f98dbb6c89e9a958e44b02f5b97dc3cdf469363d4e29aa7db7d4185368aaaf93
vcm_train_002856.wav,fil50_01904_ref_tagalog10_TIMER.wav,1cfcdf1c23018692b61d3f15a007ec922aa7132961429752ef19e4fd94d78f02
vcm_train_002857.wav,fil50_11889_ref_tagalog7_WEATHER.wav,a887a3d8ee819ad1ac958526de3255723368319825a23f0ea57105321a52ffc8
vcm_train_002859.wav,fil50_13531_ref_tagalog9_NEXT.wav,154c4391bf3f1f3a708e5cd1ffc4e335d87a21cb2057de04d1223acd70e9ccd6
vcm_train_002861.wav,fil50_01056_ref_tagalog1_NEXT.wav,3b0f836632938e9f3e836d4d553ddfd939510af379a4059ab978aa1817a40b68
vcm_train_002863.wav,fil50_04394_ref_tagalog13_VOLUME_DOWN.wav,2644618907338b0a285c04bd257efa794a90b6f3d6b5c47fb375854d377e4afe
vcm_train_002864.wav,,662ff146ebf964a893d7feaabd00f7fbff1587e8968f64740367e12eacc4e2a9
vcm_train_002865.wav,,213f385fded4c9e03bb7c94f2cc3d912dfd4635b87162ca5efd53591e235a998
vcm_train_002869.wav,fil50_03526_ref_tagalog12_LIST_REMINDERS.wav,4546849677603b9949841dfa00d08e04a6ed5d2949b8446f8006a9d4f01a529b
vcm_train_002870.wav,fil50_00214_ref_ilonggo1_COLOR.wav,69b8ba94d12e5bf6533260ddae1adf12f3cef984551b6501accc3eb8320a2c93
vcm_train_002872.wav,fil50_10203_ref_tagalog5_TIMER.wav,c1b787c0239011e76d3b3da887441fd8996e34d211c5438842a7f338d84634e8
vcm_train_002873.wav,fil50_01906_ref_tagalog10_ALARM.wav,70b4724584632862c06b05b33cc366be8bdf9608bc60972c783eaf29e8180201
vcm_train_002875.wav,,cd8d1f1c468ca1d7549d699db74c2e705578fd53f3f254e2e768702f84ebb0fe
vcm_train_002877.wav,fil50_08524_ref_tagalog3_COLOR.wav,5ae3f783c6f3252aac49fdd9f5a294f09e941dd211a1121804ab5e547337404e
vcm_train_002878.wav,fil50_01057_ref_tagalog1_TIMER.wav,afd540b19d1d6944358752ea836d3ed99f669b194c0312496a41ad0dbf7e2f61
vcm_train_002879.wav,fil50_07600_ref_tagalog2_NEXT.wav,a2bb116157a4af1579506e29f912abf39c04f14fd3ce19f03d1cd5d7e6f2d24f
vcm_train_002880.wav,fil50_04395_ref_tagalog13_LIGHT_OFF.wav,60c04efcc6f55b6c19d5e4ed5f87b79ba2a5e3fb13b032fcd04a45826ceef8f1
vcm_train_002883.wav,fil50_05254_ref_tagalog14_ALARM.wav,94658ab252f22960d18090e7a82335af1fd00849b7ddd7cf21b5e5c684d114d6
vcm_train_002886.wav,fil50_03527_ref_tagalog12_STOP.wav,61c9612ac89690d89051b9af33f43eefa70a190133686af6a9523a1c5b64da1e
vcm_train_002891.wav,fil50_11891_ref_tagalog7_TEMPERATURE.wav,0f10ce7ce536bef9d74a48903dc37ec40e4bca9cb93479c0ad5f3a70747551aa
vcm_train_002892.wav,fil50_02722_ref_tagalog11_NEXT.wav,64362ee64610fb8c36327e8055db533e51b1438e903216e5f22dc3eac4396ac5
vcm_train_002895.wav,fil50_01059_ref_tagalog1_CALL.wav,fd76d53041000373102778c91b2c4a57d3de4d71f6427cd58d04bf445970cd38
vcm_train_002898.wav,fil50_09348_ref_tagalog4_TEMPERATURE.wav,99bfe6f88d6eff7210b5f2d154f906b0c63047955b997c0325c455e619c682c6
vcm_train_002901.wav,fil50_06103_ref_tagalog15_COLOR.wav,21479c10ab8bfe9f4b0c1f652e0d632a9c5c3e99f45474dd3b357c71731f38b8
vcm_train_002903.wav,fil50_03529_ref_tagalog12_ALARM.wav,b04e8be150b1b755097f2b20fd5c25057a850136ae4bbb7553e407779dd55cef
vcm_train_002904.wav,fil50_00216_ref_ilonggo1_TIMER.wav,cfd35cdbfb4c3dacb9feb62eab2febf75ffc1a7287292a9e9ac705d262349770
vcm_train_002906.wav,fil50_10205_ref_tagalog5_COLOR.wav,7ff8e4299b0bcd7387382ec8c15fe2a4d9e9ec687cd1c21dfb8188067d1adfde
vcm_train_002907.wav,fil50_01908_ref_tagalog10_ALARM.wav,8f43d1115cca92233013e4ff45398ca67653960b5f7d3f7b73ac44e3a2d62642
vcm_train_002909.wav,fil50_02723_ref_tagalog11_PLAY_MUSIC.wav,804cf4c5eef1b4e208768a4bf348a56f6b6ea053aad099a8641497e921c7a9e3
vcm_train_002911.wav,fil50_08525_ref_tagalog3_TIMER.wav,483a15d248789da3f2cf983f61907a648a84dff596ae8fa09bd43596be9d2ea6
vcm_train_002916.wav,fil50_12742_ref_tagalog8_NEXT.wav,de7930441a4d8c2361176ff024ab8b4ee12048ef783c4b181e257046a4983d66
vcm_train_002919.wav,fil50_06872_ref_tagalog16_TEMPERATURE.wav,5d3167fd076a8204851f59810c498f598e1e4759f1f313e8f3400412d0609f1c
vcm_train_002920.wav,fil50_03530_ref_tagalog12_LIGHT_ON.wav,8a762b71d1f4224b5aa73200524e3f5540ee8f20d43f33df42cdf585f415e561
vcm_train_002925.wav,fil50_11892_ref_tagalog7_ALARM.wav,f552e0ae0054d46f4631b7d1752a7fa24fb930544c34f21acb775b453ef8ace2
vcm_train_002927.wav,fil50_13532_ref_tagalog9_BRIGHTNESS.wav,3ad1f672dbdc90d3150159e2e5c7dd988dc1697d238cae21764b1669c7a78309
vcm_train_002928.wav,fil50_08526_ref_tagalog3_TEMPERATURE.wav,e182dfe3b21c28661c1d21efa96e7877b6bcb8332a06f466c074eaad1755686c
vcm_train_002929.wav,fil50_01061_ref_tagalog1_CALL.wav,d822fbdb1044dd841b6c5399156aeb94b6db0ce2fb2aae9d4779535ad0ebb17e
vcm_train_002930.wav,fil50_07601_ref_tagalog2_TIMER.wav,6dba3944ad08e252aef52d21e270b4e9034a10d7ca3ef9b975d06dc69cbadac4
vcm_train_002931.wav,fil50_04397_ref_tagalog13_TEMPERATURE.wav,a46e0b24f0fae7619f4a0ffda0e1d32ad83d47bae0e0a7dbf2784be9badd9bf5
vcm_train_002933.wav,fil50_12743_ref_tagalog8_NEXT.wav,fee1fc76dfba1e7cdc64a49f86d84f89667cd6a86c7afd52e5ebfa4e1eb8bef2
vcm_train_002934.wav,fil50_05255_ref_tagalog14_TIMER.wav,9c3087c2667b70f1e48237a7ea71c668b9ebe7c0f0b117f397fb31d69027c1f2
vcm_train_002935.wav,fil50_06104_ref_tagalog15_PLAY_MUSIC.wav,83558cf35a1f2cad9a9e7040cbb54aeadd7d88610efe43d38e741e4278add979
vcm_train_002936.wav,fil50_06874_ref_tagalog16_COLOR.wav,bc124e6ed00037a438ed6b487b69007311dfc6c01e3f33a0ea6dc9c4c4780b42
vcm_train_002937.wav,fil50_03531_ref_tagalog12_TEMPERATURE.wav,4b561d8523f8b83adcc8a7b3300fc853a6b7390875bcc48233251851617600f2
vcm_train_002939.wav,fil50_11052_ref_tagalog6_COLOR.wav,772564d8db5393e1761dcc775128e53a1aa2fb7832d81b4ca1680b3510d2586e
vcm_train_002940.wav,fil50_10206_ref_tagalog5_TIMER.wav,bd0bf8e449a1d50f7143cedbaaa066dca5a7d4387a253cb3883961867f0318c2
vcm_train_002942.wav,fil50_11894_ref_tagalog7_TEMPERATURE.wav,8f46f3e3dc75c6753947721c2404ef9478b4fb6d8c4810f9eb3f0264a3ccd66b
vcm_train_002943.wav,fil50_02725_ref_tagalog11_NEXT.wav,f7d4dceef7d0f53c86e9879ac564d19083c0c28555bf28e1653b023b81b19e78
vcm_train_002944.wav,fil50_13534_ref_tagalog9_NEXT.wav,9bdd8125bab3bc08789db5aeae802c1c3a5e1fcdc40ec3bd8ba62de609ca6416
vcm_train_002945.wav,fil50_08527_ref_tagalog3_TIMER.wav,10972c210b24e2e0bcfe7985062de1d8f7e662eba58907a78fd9f06d6303deca
vcm_train_002947.wav,fil50_07603_ref_tagalog2_LIST_REMINDERS.wav,540358db29f43edc365fd7d5ce3e7589499802a505e839e80ad5f4cfc187b954
vcm_train_002951.wav,fil50_05257_ref_tagalog14_VOLUME_DOWN.wav,e54b30d66b5e28413c5c3828b1283aac263379fb4ef50014f8041b2a9be71213
vcm_train_002952.wav,fil50_06105_ref_tagalog15_NEXT.wav,da6c6491305fd551d16c307c8801312e2e33d09e3c11d6ea42023800df6e336c
vcm_train_002953.wav,fil50_06875_ref_tagalog16_NEXT.wav,efae2f83fd1ce658a3eeff6d33ccf3e0ad9505f6624201854b575d1753baa42a
vcm_train_002956.wav,fil50_11054_ref_tagalog6_LIST_REMINDERS.wav,92edfad31967292637fe75ce2b6a7637506aa8cee1c4e0fc22c61c5e55611730
vcm_train_002958.wav,fil50_01909_ref_tagalog10_TEMPERATURE.wav,e118c3b761440f0478cc8f5f499e4a8acbdd5457f2da9e3cf855963f371621c6
vcm_train_002959.wav,fil50_11895_ref_tagalog7_LIST_REMINDERS.wav,801910834534cb2ce1fbaea9f78d888e6c01beefcbe397dfeb73b3345f1162a7
vcm_train_002961.wav,fil50_13535_ref_tagalog9_LIGHT_ON.wav,d4f234733025a55f90c1f3aec6fe32194218a041fdacaeae8eb9ace779810c8a
vcm_train_002964.wav,fil50_07605_ref_tagalog2_COLOR.wav,5f19052405c20278f60fa02ae3cb4d74d18b4bad6d09e91f8beaf2f61523a2b7
vcm_train_002965.wav,fil50_04399_ref_tagalog13_VOLUME_DOWN.wav,8a123cea98d12222194c06e974deb904d2fe9dea78811afbe7929cd47d6b94db
vcm_train_002966.wav,fil50_09350_ref_tagalog4_PLAY_MUSIC.wav,cc00416de8aa3a4e45ba14aaf0a87cb3c092a96a1141f95314427441a09b69eb
vcm_train_002968.wav,fil50_05258_ref_tagalog14_LIGHT_ON.wav,09836bab951dad2ea82e7b01ba9db8d4b536d7d6d98b78024081ffa5279a8ee2
vcm_train_002970.wav,fil50_06877_ref_tagalog16_VOLUME_UP.wav,15d60ebba8470422918f54a1eeaf4bdcd957b2d5c6b5919697fa988d229dfc9c
vcm_train_002971.wav,fil50_03533_ref_tagalog12_LIGHT_ON.wav,b054492708ced381b54be01409faa0a2dc669ad6c3a3dfc39a76f2990d2840c2
vcm_train_002979.wav,fil50_08528_ref_tagalog3_COLOR.wav,f63d029e6bb270b88316139d23e97a4daff8a077ba1b9be6ae8d5ddc3d51973e
vcm_train_002980.wav,fil50_01063_ref_tagalog1_COLOR.wav,57e7e530a03858257c1e199595171c77f2716d2508d61f6421b27868219b300e
vcm_train_002981.wav,fil50_07606_ref_tagalog2_NEXT.wav,4b23489188cdccf1e1ebae1751b21d376de6036bc598079d36a5c95700d1668a
vcm_train_002982.wav,fil50_04401_ref_tagalog13_COLOR.wav,54533a94241e501d0c84f1467f68afc84366e3ac9ebf36ec1e31dceaa2acd79f
vcm_train_002983.wav,fil50_09352_ref_tagalog4_ALARM.wav,570f64ced53c674f2bbf5f09ab214f4929898f18f539449a218d2506bce90e4e
vcm_train_002984.wav,fil50_12745_ref_tagalog8_CREATE_REMINDER.wav,749d03a6c18029c70971626766222ffe003ae6ea0d32250ed336abebbabde379
vcm_train_002986.wav,fil50_06107_ref_tagalog15_ALARM.wav,a607e33d7e56845eb1a9623404686be408f61f53329eb204ba35f9afcc0f5ee0
vcm_train_002988.wav,fil50_03535_ref_tagalog12_TIMER.wav,a0e6faf16d4b9a68cd3059ee072e9661b3387b7f6d6f38ac68e9f33136a389fe
vcm_train_002989.wav,fil50_00217_ref_ilonggo1_TEMPERATURE.wav,ba1a44a053cd37f7521f9db594df29bc9d591f0c74b133e3e6dc043b1a0ba88a
vcm_train_002990.wav,fil50_11055_ref_tagalog6_BRIGHTNESS.wav,fa7d43b8c6d4ca82a730da0d6e85863bdc0d62cd80d1521bfecd8eef1c5cfa14
vcm_train_002991.wav,fil50_10208_ref_tagalog5_PLAY_MUSIC.wav,fd288977a96705048da270cd4038de39e295e4fafc348bcfe84394f67974e8fa
vcm_train_002993.wav,fil50_11897_ref_tagalog7_ALARM.wav,02aebad60f0c165cc12f5a67cdce5fdf5c65b44457fe936a2d2aa354c555efa2
vcm_train_002995.wav,fil50_13537_ref_tagalog9_VOLUME_UP.wav,e6b4ef11d70670cff0f683b9a9a59195c5250c172390f2f923532d3d58244d1a
vcm_train_002999.wav,fil50_04403_ref_tagalog13_BRIGHTNESS.wav,7e4cc5f9e756ffc278d436905b7693d8e2c1e23ff8f0f8a02a07017314bacb37
vcm_train_003000.wav,fil50_09354_ref_tagalog4_TEMPERATURE.wav,6e4fd1955a04692115ec873cae4690d4e8ef23617a5eba0423a72fec49291c62
vcm_train_003001.wav,fil50_12746_ref_tagalog8_CREATE_REMINDER.wav,1ec040172ecc57e9bad2c3a8e4f9c5e60b8c836293f447c06e0a76f51a514ab5
vcm_train_003002.wav,fil50_05260_ref_tagalog14_ALARM.wav,ab9724741e5c9e5e8cea56c7ca64fa58fc3d7b113f7400b0d17a8db9d7344775
vcm_train_003003.wav,fil50_06109_ref_tagalog15_TEMPERATURE.wav,1873f2d14f4bea56e7dc054837ec43cbf3701088b8919050c00a417a115be852
vcm_train_003005.wav,fil50_03537_ref_tagalog12_TIME.wav,c136b0aaa26b8ed385976c3fc962e9cff1fbe42c0cf2a597d8da8ec0bb37ee67
vcm_train_003006.wav,fil50_00218_ref_ilonggo1_COLOR.wav,f30742fd099819de688f6451524c39ced6344f587763b6f37c7f46e7c25e6c5b
vcm_train_003008.wav,fil50_10209_ref_tagalog5_ALARM.wav,0dfceb36e37365dad1385be34a2ef89a1b9cb326e13d0ed487d51e956974de56
vcm_train_003011.wav,fil50_02727_ref_tagalog11_TIMER.wav,da6f0a8a1580fe2faf20b072a4c773d5fb458a333e658aa6b1cd70fe9464fa66
vcm_train_003012.wav,fil50_13539_ref_tagalog9_VOLUME_UP.wav,cebc0c124da990189495ba49a043b789111215557fcd0ddc9c3fff1ae9c37a83
vcm_train_003013.wav,fil50_08530_ref_tagalog3_TIMER.wav,ca61b759dc68b11ccc7471a581fe8453ef6ef6ed7fb6302615ed030fd8c5a9e6
vcm_train_003014.wav,fil50_01064_ref_tagalog1_TIMER.wav,605d0d40acd59037ac97acd8107dca2f70d04abbd0522f588b3398804cf8fa44
vcm_train_003016.wav,fil50_04404_ref_tagalog13_TIMER.wav,6f046b28b7fcd24497cb42ad42af50b6841daca1cda2e2bfed63868fa363f286
vcm_train_003017.wav,fil50_09355_ref_tagalog4_TIMER.wav,e8d16fcf03701d5da582bf0a2cb11c4865189abeae2cb55b8f121bd6175e4052
vcm_train_003018.wav,fil50_12747_ref_tagalog8_STOP.wav,3b1de6f3e377b70ccea85cf5d3751ad30d3eb7fdaf3d9f4bbe0f2a0bffc26ef9
vcm_train_003020.wav,fil50_06111_ref_tagalog15_NEXT.wav,b2ad72b0b187bb22a246507d9f9ca677f5b9040a4a74813d5599c6700929230f
vcm_train_003021.wav,fil50_06879_ref_tagalog16_ALARM.wav,28a0311c735f671cb97e4854801e511bd0583a1b4e9c37c60e2372dd4066c0a1
vcm_train_003024.wav,fil50_11056_ref_tagalog6_TIME.wav,c83beb6790c864756ff27bc2e49023eb474fdc9144216e20b73b815823b2aa9a
vcm_train_003025.wav,fil50_10210_ref_tagalog5_TIMER.wav,533040feb7b2bdb1d7ec8815ad160063dcc483bd1e2cb06d3ab69b717c425aac
vcm_train_003028.wav,fil50_02728_ref_tagalog11_NEXT.wav,716bd3fca40f55253369b6fc4eb7fdc871d3c9812d90306427d233b08daf7fed
vcm_train_003031.wav,fil50_01065_ref_tagalog1_TIMER.wav,122a67c80b3e77c106dc83956c7e4a205de267928cca1e65ed254e185899b17d
vcm_train_003032.wav,fil50_07607_ref_tagalog2_VOLUME_UP.wav,bd48ad2760d45e75838166b24af8f1f11d17506bb6c29f666e5db3c1a5ac8a0a
vcm_train_003033.wav,fil50_04405_ref_tagalog13_COLOR.wav,ea906d6182010b502c6b28aae3855c9c611b6ca3d080535f3253226c15b53a4a
vcm_train_003034.wav,fil50_09357_ref_tagalog4_LIST_REMINDERS.wav,cab40b01e13a7191fe240b8d68aa4ef14a47decae05ea824e1c0dd84328bfc6b
vcm_train_003036.wav,fil50_05261_ref_tagalog14_VOLUME_DOWN.wav,fde6cdf8d27f730633ca7c7b3f1e0bf3fd1de865f7b7f6da39329f23f488423e
vcm_train_003037.wav,fil50_06112_ref_tagalog15_NEXT.wav,1050731eddf78293399a689746e5d2ee59cb8ac7dd9fa7b0b45b92456382773f
vcm_train_003038.wav,fil50_06881_ref_tagalog16_STOP.wav,032321bbb955f69aa24d997a0c6f30f5bfebafcece231500ff26bba67f6c6e85
vcm_train_003039.wav,fil50_03539_ref_tagalog12_CREATE_REMINDER.wav,a850c2888714ee6aecd47f66222b711e93c0e4559c9aff5cd41fa42932faa466
vcm_train_003040.wav,fil50_00219_ref_ilonggo1_NEXT.wav,6b776a81f9e5979a36c1ec84c752a477d96be7ff31d9c068837a444350c829f2
vcm_train_003043.wav,fil50_01910_ref_tagalog10_NEXT.wav,55f7c18309871bfde5458464a1e62ce07e3c1ebfe7ffc90d3c84e1ed85b2b003
vcm_train_003047.wav,fil50_08531_ref_tagalog3_LIST_REMINDERS.wav,b5f3b1409c9e60e49e5d7ad564da7c0bd7fbdb3665a6fe568f14f5a416dde802
vcm_train_003050.wav,fil50_04407_ref_tagalog13_TIMER.wav,bbc0dc0cad31f8729e8d58e95a7347ff34a0b6dae33903c885b9696477f8ab4a
vcm_train_003052.wav,fil50_12748_ref_tagalog8_TIMER.wav,041f281243f0788b0f7d5c656f7e0b97be54495ec4a5d46028cca4e11d9052eb
vcm_train_003053.wav,fil50_05262_ref_tagalog14_BRIGHTNESS.wav,fd3be19b68c2cbf4afcc102440b7f8cd2b07b748e92b010d5713ba3a4f3cd20a
vcm_train_003055.wav,fil50_06882_ref_tagalog16_COLOR.wav,9936dac827b00a1949aab52728ec0387729235fd2c3ca0ebc902d77c72575e90
vcm_train_003057.wav,fil50_00220_ref_ilonggo1_COLOR.wav,cf2567622e616f3d337702b54066c0c8fb8ebaeb73da8806013ef8ac2b308632
vcm_train_003058.wav,fil50_11058_ref_tagalog6_NEXT.wav,53db35e00d20a7332ec3ad38bc8f867ae6d89e0192d667e3145ce7557471f3ed
vcm_train_003061.wav,fil50_11899_ref_tagalog7_COLOR.wav,6907b42d6a1ed9dabf2c657491a58e335239d54033ff5c1eaca391c24e94c23f
vcm_train_003062.wav,fil50_02730_ref_tagalog11_STOP.wav,536e578c24f453eb49a687a5d0ca72b8f2406276e37c45e9b718095af9fb6b71
vcm_train_003064.wav,fil50_08532_ref_tagalog3_TIMER.wav,1ed0299130de041f05f3b89a5081582ed39d4c3b31bcd63aaa22c9afc4228586
vcm_train_003070.wav,fil50_05264_ref_tagalog14_LIGHT_ON.wav,a3e167deb9b22b24f5730c281fff414b27effc0ba212ec7e116b89209417dd73
vcm_train_003071.wav,fil50_06113_ref_tagalog15_COLOR.wav,f399efe0537f86899ed22d78da24dc94f17e92c5574536eb8a5b693157818a55
vcm_train_003073.wav,fil50_03541_ref_tagalog12_CREATE_REMINDER.wav,5946907e37ebdbbd89be274a9fc9c33dfc7a1fd58b548128e9195e55b952f8df
vcm_train_003074.wav,fil50_00221_ref_ilonggo1_STOP.wav,d83ea509dca8ce326a20e2240dac5067ad267de6e1de4869fb10ac0bd0c70a6e
vcm_train_003075.wav,fil50_11059_ref_tagalog6_COLOR.wav,b0c69f75d8e663b4a575e67d1229c92c842072c629eeec22eb2a89a24c7bafb6
vcm_train_003077.wav,fil50_01911_ref_tagalog10_NEXT.wav,a24944356d1315b5b581f8dfbee9bf66f8f227faabbf9f6e1315fc2e8faf8cdd
vcm_train_003080.wav,fil50_13540_ref_tagalog9_NEXT.wav,b2a94b2a1f425d85e7e7672ab6e82f236989ee57c1db9944d03d296ad1045acf
vcm_train_003084.wav,fil50_04408_ref_tagalog13_ALARM.wav,c00adec820267a95c8e7e2ce9c91c850ea3e9e5eae6cc0af0d4aadcf47364c20
vcm_train_003085.wav,fil50_09358_ref_tagalog4_PAUSE.wav,03445f478d17b590ea2e92e098c3b0eb5faf73112971d7d96335a983093bf16e
vcm_train_003086.wav,fil50_12750_ref_tagalog8_TEMPERATURE.wav,bae2961c26406c012a77fa1942dbd254703194e1f5f7fd4973f130f3a137d8e0
vcm_train_003090.wav,fil50_03543_ref_tagalog12_BRIGHTNESS.wav,5805d0887cfc82c77bb2e800df102adc6960676a4ff43f012cfd4a47663fab19
vcm_train_003091.wav,fil50_00222_ref_ilonggo1_PAUSE.wav,4f78af43eb241ad91168a5420707f86773387bd846a783211fa3a3bf5536b7f2
vcm_train_003092.wav,fil50_11060_ref_tagalog6_NEXT.wav,1f61fe74139c4845b2c3cb42bbb2a9276dc4294f82bb7f0b87af7195b8fe6977
vcm_train_003094.wav,fil50_01912_ref_tagalog10_TIMER.wav,68086d897a72c667db8459da419c7d69530eccaddaa72ee280c32a58e0781f00
vcm_train_003095.wav,fil50_11900_ref_tagalog7_NEXT.wav,a2e63134fd75802c7563d2310702dd2341f2b6a0cf9eb334426d69923be9c321
vcm_train_003097.wav,fil50_13541_ref_tagalog9_TEMPERATURE.wav,fbf3425cc9b92f43eb4468e08c1da0bd69d38dd27734016a1f88d5799b495c84
vcm_train_003098.wav,fil50_08534_ref_tagalog3_COLOR.wav,8b5993f009737055ce30be5358f253a3684a742dbb92f02ddaa9f6d235b36393
vcm_train_003100.wav,fil50_07609_ref_tagalog2_TEMPERATURE.wav,b4b062c28f5fd799915352e8d5036fa002a5f632ebf1b6a290551267ea1853c9
vcm_train_003102.wav,fil50_09359_ref_tagalog4_COLOR.wav,f0071e30c52ef3523217cf2c8bbee2b0b6bf60fb9d63922a12e672af0f6ed046
vcm_train_003104.wav,fil50_05266_ref_tagalog14_TEMPERATURE.wav,13105e541849065cfd4bae169ca01e1738071f37ebf295c03261f51f426c4b6e
vcm_train_003107.wav,fil50_03545_ref_tagalog12_NEXT.wav,4fb3d8bffb40db8cff55ce3e3a9d0e4565cf24c71efc7da1dfe867e37bcb2a15
vcm_train_003109.wav,fil50_11061_ref_tagalog6_TIMER.wav,a5a51b6c72982036248d431de73e405a1e89e9e23520a07e5d54b316f1b41ce8
vcm_train_003110.wav,fil50_10211_ref_tagalog5_TIMER.wav,668539050531b230b6ce4f8d7384d0c00f2fcff03c3f5b9a5f596c1272cb1124
vcm_train_003112.wav,fil50_11901_ref_tagalog7_TIMER.wav,1fabed9e365213a34b0a41ca9fa2f3233afb98692be998a789594e90ae777932
vcm_train_003113.wav,fil50_02732_ref_tagalog11_VOLUME_DOWN.wav,a3bb519b9067f28a504df815f32d46516c1fcf717379f300ced823ce2f1ccd1b
vcm_train_003116.wav,fil50_01066_ref_tagalog1_WEATHER.wav,a70fbb0611302bb2b8f8147b44ca520ddda1dd65cb0761db5ada74a308967160
vcm_train_003118.wav,fil50_04409_ref_tagalog13_CREATE_REMINDER.wav,1b0ad46c6a0c0df35b6d53da157411cede5ea83d7ad6080ab9fbb43cf71abe4d
vcm_train_003120.wav,fil50_12752_ref_tagalog8_VOLUME_UP.wav,c4eee78a4a26fff7c8b5daf7146405bc492601bdad5f6db31392ae69c7b8995c
vcm_train_003122.wav,fil50_06114_ref_tagalog15_COLOR.wav,df3887393a6ae08f3e4d20775306da441428e77a28b86506927454a4e9dffa2b
vcm_train_003123.wav,fil50_06884_ref_tagalog16_TIME.wav,4dc88999103387118c4ffaed69d78958c66075045669c759a9e488257bd740b4
vcm_train_003125.wav,fil50_00223_ref_ilonggo1_CALL.wav,c92d04809840a4e75cc78bc1527cfc29e8d9aec21a858cea4d25c135a1241a83
vcm_train_003128.wav,fil50_01914_ref_tagalog10_VOLUME_UP.wav,a5172c5321aa5e46a977b3e9c6bdb4be881210ab1e1b7f9e5b011b953f748581
vcm_train_003133.wav,fil50_01068_ref_tagalog1_VOLUME_DOWN.wav,6b22ea3fb793432cb7fb11a8b60e253ed8a3b88c5b3134073dd351abecdb06e2
vcm_train_003134.wav,fil50_07610_ref_tagalog2_TEMPERATURE.wav,e13f93dac4d5fb7bae9631cdd067185f77ae44f287a5d49ac8f9926dce187c47
vcm_train_003136.wav,fil50_09360_ref_tagalog4_LIGHT_OFF.wav,65bda73faf14adc412778a9a328cfa935e15874c803a3706cc11eb711f9d2f97
vcm_train_003139.wav,fil50_06115_ref_tagalog15_TIMER.wav,66c5351aea692f13f31ff558be62d90c1b93db553e69c4b4174110fff3d5b256
vcm_train_003140.wav,fil50_06885_ref_tagalog16_TIME.wav,121d98739d6b2d8ffa6b6c2b0d1f447e86b9059b9a22b894a52e1df0599c15ec
vcm_train_003141.wav,fil50_03547_ref_tagalog12_TEMPERATURE.wav,a61f87fb5ea67c87b199398c6500293dfd3b486fde0d04af876a777fc7f2aa88
vcm_train_003142.wav,fil50_00224_ref_ilonggo1_CREATE_REMINDER.wav,6ce79b7284ff3032c57008c90b581354c367c3a9cb2986a25dbdd00ab3336733
vcm_train_003143.wav,fil50_11062_ref_tagalog6_VOLUME_DOWN.wav,f41569bac31e689ad3685817a5f78658ab1ff14cb34ad3c2a3dc0e705793de94
vcm_train_003144.wav,fil50_10212_ref_tagalog5_BRIGHTNESS.wav,805fb46ae8a3360642a37c69c762f446f2342ed90dbf395bd5d75cec2b15dd1b
vcm_train_003146.wav,fil50_11902_ref_tagalog7_TIMER.wav,d5b64cd34abc7103b66bfad95ce6f626768557bb915c387cc986a8a44b19b5b5
vcm_train_003147.wav,fil50_02734_ref_tagalog11_TEMPERATURE.wav,dbcb4a2b6f2eb5ed4c062f34a3f6969e10046fc6b14f0a97a86392d2c54a83ac
vcm_train_003148.wav,fil50_13542_ref_tagalog9_WEATHER.wav,4d78cc5a6eedf5c42204538b293e497dbc39fe4ac50d27e82a345853fdf28bf1
vcm_train_003149.wav,fil50_08535_ref_tagalog3_LIGHT_ON.wav,131a8d5fff6d0788d471aed8297db3dc24674d4edb7cf081e2ce27fede21606f
vcm_train_003150.wav,fil50_01069_ref_tagalog1_WEATHER.wav,4aaf31f13153049753098560c1628333124585ee11e6825366486119a0764966
vcm_train_003152.wav,fil50_04410_ref_tagalog13_VOLUME_UP.wav,c83f39dfd5e91f72d9c74a34bfde4d337269efc115f36b84305d000ea178dcc4
vcm_train_003153.wav,fil50_09361_ref_tagalog4_PLAY_MUSIC.wav,4c8e282439e9f5be4a54f7e38e202b574335a493f68d9b582477d2d03cfd05fb
vcm_train_003154.wav,fil50_12754_ref_tagalog8_COLOR.wav,9a0a85fbb68b32bc807471ec4e4dc03c0ebbf81916f787b94770346144700afe
vcm_train_003155.wav,fil50_05268_ref_tagalog14_NEXT.wav,6c6f721b84e2bd8a8daf99797c54ef91b8447cdeb807c1c52d1b7ccf788dc410
vcm_train_003156.wav,fil50_06116_ref_tagalog15_TIMER.wav,817971398c902809f3d6ac6970200be80da5861eebafc7f883f3f2a4216d62df
vcm_train_003159.wav,fil50_00225_ref_ilonggo1_LIGHT_OFF.wav,3cf5a0d33444688ec0c1987eec3d7ba94c80c523214a4c787931e5c1c82a87d0
vcm_train_003161.wav,fil50_10214_ref_tagalog5_STOP.wav,164dfccfbcbaf701b69ac01e79e9caf334fe5919131464976a263ea14bcd90e0
vcm_train_003163.wav,fil50_11904_ref_tagalog7_TIMER.wav,257ce10fc5e89ef84c773fe6c28c648235b87e4add2e02e12d35e74258c3f766
vcm_train_003164.wav,fil50_02735_ref_tagalog11_CREATE_REMINDER.wav,674c9c72fb060b5ad1ba5d5245d255b9e6bfc1aab18d6fce97bae9e82fd9db68
vcm_train_003165.wav,fil50_13544_ref_tagalog9_PLAY_MUSIC.wav,8f18834882d3f0c8b2050151ae63361faa6f25255d16e390939694e9d81d1c06
vcm_train_003168.wav,fil50_07611_ref_tagalog2_STOP.wav,ad55b16934a296db651c636b356f06189e8025d17b1bd6c0135e84151a1286bb
vcm_train_003169.wav,,2287c568855e1b8a1a5e743ec41069c69af74bb6a31c04e3c18fcd453cb546d9
vcm_train_003171.wav,fil50_12755_ref_tagalog8_PAUSE.wav,086b7bc88a3edab2ffe34d6768dc8c1b09bfe10424857df4775398841ee7b955
vcm_train_003172.wav,fil50_05270_ref_tagalog14_PLAY_MUSIC.wav,20a8c46d5faa782177a9a995855d5c899df0b5155d27691212946d1eb33cf03a
vcm_train_003173.wav,fil50_06118_ref_tagalog15_TIMER.wav,affbcedb5e165dd72e35dce3076fd5c4039e83869b06739e186ba6375431cebc
vcm_train_003174.wav,fil50_06886_ref_tagalog16_TIMER.wav,7d97325d1013751b9e09e6e7c869bdf26a14ef990b3d362d73fdfa8c86fdeff5
vcm_train_003175.wav,fil50_03549_ref_tagalog12_CALL.wav,42edf3f307b3690510d0191fc95ef2dd47149da58e815719caf8dbead0b5f976
vcm_train_003177.wav,fil50_11064_ref_tagalog6_STOP.wav,ef17cf8a6bac2c60daca775c5eaaa5648187d321e98a9f20ed03b836386f2d21
vcm_train_003179.wav,fil50_01916_ref_tagalog10_BRIGHTNESS.wav,a98cb338349f687eac43ae69101dcc88f58551b4e907ec9263432d6a96a47549
vcm_train_003180.wav,fil50_11905_ref_tagalog7_LIGHT_ON.wav,23c73e76e3b720ebfd91f010dd3ea786f2ddecdbc601145d69619f5c60dceb6e
vcm_train_003181.wav,fil50_02736_ref_tagalog11_NEXT.wav,12532eeb9b229cb54be4fa6dfc915ab3a4eaea92c417d3ea1a8fcf90599d8eb2
vcm_train_003183.wav,fil50_08536_ref_tagalog3_NEXT.wav,332e91cd7978e4c66d5fb32cb2774e987da8fede8e9b167656f57cfa5fab66b7
vcm_train_003184.wav,fil50_01071_ref_tagalog1_VOLUME_UP.wav,399999e8f3a962c0cd153f03a0b68b10cf1ea6180bfb3a799f8a2e7aaa4c2660
vcm_train_003185.wav,fil50_07613_ref_tagalog2_TIME.wav,d6eb3cab67e1e7c194f8da779e0210a4a2d587dc61ec75eb81cb53e8f43f7542
vcm_train_003188.wav,fil50_12757_ref_tagalog8_PLAY_MUSIC.wav,de5857d6f163ff3b013d15d5f03a2eb2b13edcf4281ef868ba0dd6343e08cb75
vcm_train_003189.wav,fil50_05271_ref_tagalog14_ALARM.wav,20b9031f9c99cd3ef88723fa4e1514b1305dfb5339e1dabb31cf12392d3b786c
vcm_train_003195.wav,fil50_10215_ref_tagalog5_LIST_REMINDERS.wav,709e6eeb076fa3ac4b519a7c36ae4ed8a3d21194576c1fb1c64179419317b9e5
vcm_train_003198.wav,fil50_02738_ref_tagalog11_TIMER.wav,92251010097967b82f1f413abd851023251a0791425d39bee1a446b5ca96abde
vcm_train_003199.wav,fil50_13545_ref_tagalog9_LIGHT_ON.wav,e58aafb7b8e48e3e6a4494abb11f9d64649cb4fab8a285d5f64817aed79f923e
vcm_train_003200.wav,fil50_08537_ref_tagalog3_COLOR.wav,70a5a187a9764e458ac11444ab05888881d61d8cfc0705b9530bb4bae107d599
vcm_train_003201.wav,fil50_01072_ref_tagalog1_LIGHT_OFF.wav,517bee0c97b5fd527cb912533a234593609953e37e962b60db37ce39f9278388
vcm_train_003207.wav,fil50_06119_ref_tagalog15_NEXT.wav,a611132ba75d513843b4b56596cc3128f4277e4aade4886324e3c8b36481fb92
vcm_train_003209.wav,fil50_03550_ref_tagalog12_COLOR.wav,d349ff42768dc9b67db369fc5737b7634541f95b72b3d9f9b7315bdb563c4070
vcm_train_003211.wav,fil50_11065_ref_tagalog6_ALARM.wav,f8e7e4fdd90dba1d72ed6cb708d383531efe7b3ae5b5642357315fcfd9567c3b
vcm_train_003214.wav,fil50_11906_ref_tagalog7_VOLUME_DOWN.wav,32d7d8830debb711ba806d3ba66a676594967b8806788add7fd56290ce1aee87
vcm_train_003215.wav,fil50_02739_ref_tagalog11_VOLUME_DOWN.wav,d70400c38b454c84121806f07b57d60fd2a354bd7734484a97ca968a79b38466
vcm_train_003216.wav,fil50_13546_ref_tagalog9_NEXT.wav,148a72b29dca75f554b6a2f866883b372ec49805f73f14acfbe5d67eed5b3edb
vcm_train_003217.wav,fil50_08539_ref_tagalog3_ALARM.wav,245ec0d9a304921ee3840358483f6343c63a655cb8f19bc5e2ef31c9de0f2f50
vcm_train_003218.wav,fil50_01073_ref_tagalog1_CALL.wav,83c0e363284aec44f6e726114b51916382f2619a627719b9bbdf398a8a48a522
vcm_train_003220.wav,fil50_04411_ref_tagalog13_COLOR.wav,12aecd97a5dedc2d1d1b6a256a37ca36faf73e17968769b92758b389cb7c270c
vcm_train_003222.wav,fil50_12758_ref_tagalog8_COLOR.wav,0fd68e385ca14440d9a87bfeb33cc33521b62edad38a0d4e66d7cf398c269f9b
vcm_train_003225.wav,fil50_06887_ref_tagalog16_BRIGHTNESS.wav,97b004c35d9fc31cce944aaaf920cb4c3524942486205853785e1786c468b308
vcm_train_003227.wav,fil50_00227_ref_ilonggo1_PLAY_MUSIC.wav,2e1212774c2475a2de355159fd71bb5a3b0730eda7a017e0a995fcaf47776e40
vcm_train_003229.wav,fil50_10217_ref_tagalog5_TIMER.wav,3bccdfd17d599a5781a43c56892193167195c48ab5c591a46693cdfe4c7e8c83
vcm_train_003230.wav,fil50_01917_ref_tagalog10_TEMPERATURE.wav,6b12258921bd18b979e296bac5514afdf6daa0678a973999489831a6206e019d
vcm_train_003231.wav,fil50_11907_ref_tagalog7_COLOR.wav,24eee7a4873385749b5205ee21e009631ca30348347ead1eafc0d5fd01783202
vcm_train_003233.wav,fil50_13548_ref_tagalog9_WEATHER.wav,1da895cf602c6e361204b4b65b22dc9c14d85a4faec8ec5dec37ee2685dca2aa
vcm_train_003237.wav,fil50_04412_ref_tagalog13_MESSAGE.wav,9796ac624cb7c213f43db5f17a7a67e0e2ac9e99c67474b9c671a2bafb48abca
vcm_train_003239.wav,fil50_12759_ref_tagalog8_TIMER.wav,172e6e159e75e32daee42c73828d962fae2e1efd5c2b2c8abd4a35715dbfb9a3
vcm_train_003241.wav,fil50_06120_ref_tagalog15_ALARM.wav,eb3fea175442280d0ef41553d797abed8ef3732eaa7556cd5085e702d241ca24
vcm_train_003243.wav,fil50_03552_ref_tagalog12_CREATE_REMINDER.wav,996ad582e7f2a5f9111786846742fc412ab9a1eff225c8a26b8943f0cba7773e
vcm_train_003247.wav,fil50_01918_ref_tagalog10_CREATE_REMINDER.wav,74309ac08d5e5f06f077c7f19bf930e37e9ce7963563c9b34d91f0fae230f780
vcm_train_003249.wav,fil50_02741_ref_tagalog11_STOP.wav,2e6fc26be944194e0bc118b54e69ab7dd377ea6735002cbc9ad9658f000b5873
vcm_train_003250.wav,fil50_13549_ref_tagalog9_TIMER.wav,fb5b0d3e1ae0c8ef1f4223ef8cef6695970f9723d4bec9fc27b8945f7975a500
vcm_train_003251.wav,fil50_08541_ref_tagalog3_TIMER.wav,50af8f2a3a7619d96af5141d3e394e4eb6f67ead8ed17a1dc0cfb79f1423b133
vcm_train_003253.wav,fil50_07614_ref_tagalog2_PLAY_MUSIC.wav,1c981c38abea9c1d635782b0dfa5336fe9a4a78bdd91caef889994c7e365d0cc
vcm_train_003255.wav,fil50_09363_ref_tagalog4_TEMPERATURE.wav,d228558a9a5bb49e689d836697f46483455ba3efdffc469884cf3c57c95e7cac
vcm_train_003259.wav,fil50_06889_ref_tagalog16_NEXT.wav,0cb31275eaa93bdc4773c79017c06461227e7e82f4a6e909e0fbdc7ab4ebfeb0
vcm_train_003260.wav,fil50_03554_ref_tagalog12_CREATE_REMINDER.wav,9f81a00a34ea394086d307ecebb1ba38a9ebf367a3db5174bdd6105cf889ad17
vcm_train_003261.wav,fil50_00228_ref_ilonggo1_MESSAGE.wav,ef031d26122b0d96d3b7ccbe70488017371100e01119371fa95574b579457323
vcm_train_003264.wav,fil50_01919_ref_tagalog10_TIMER.wav,fecde6a824c40c4ea5487581dba8a7a12d154fe399452e86a371f80e445e82ad
vcm_train_003265.wav,fil50_11909_ref_tagalog7_ALARM.wav,a5359295635937ef9e4d2521b24a90db31adcc34a0c69064ad7d283eefa6e1e3
vcm_train_003266.wav,fil50_02743_ref_tagalog11_NEXT.wav,4c0ad2587b6d00d8dfd58467607dbdf011b093f7c47a82fdb769acefea1b0977
vcm_train_003267.wav,fil50_13550_ref_tagalog9_WEATHER.wav,b8b1ab310e1d637abc1c2eff2e15461928f3b0ca68b9916ce5b7efba9cc31669
vcm_train_003274.wav,fil50_05273_ref_tagalog14_VOLUME_DOWN.wav,30ab2e6d29cce2528d7d47b6d63d0ffd198063c3398bafa13282e935a0faeaf0
vcm_train_003275.wav,fil50_06122_ref_tagalog15_LIGHT_ON.wav,b5689645359941c04eb088e81e5b7d35bb05e6b294517b82b738f5f7cff9e94d
vcm_train_003276.wav,fil50_06890_ref_tagalog16_COLOR.wav,35095b01c359bd51bc76d580b05e15f681a8d8feec5c79fb52c6f7417d662a69
vcm_train_003277.wav,fil50_03555_ref_tagalog12_CREATE_REMINDER.wav,caebec3a64fe120bd68e1420df94f346f6be470cf94bf55bf0947f5777c56256
vcm_train_003279.wav,fil50_11066_ref_tagalog6_COLOR.wav,94c1dcf17b2fc844b21ef7fa8e76c5e847e9beb538795c5fc8690f0b9be6738d
vcm_train_003282.wav,fil50_11911_ref_tagalog7_CREATE_REMINDER.wav,81daede7b82db29a16efe2401b5bfc65ff8dc671fd7f3215b23fda5f60aa4c8c
vcm_train_003287.wav,fil50_07616_ref_tagalog2_STOP.wav,7ba72b7ad6fc1aee6ff2f3faae11e47db3b09a236c802779b884edb3c5e0575b
vcm_train_003289.wav,fil50_09365_ref_tagalog4_COLOR.wav,5c9d8f8bf4dee175d84b7050677bb0361275a8f721e1e991b9ebf3add0b4d879
vcm_train_003295.wav,fil50_00230_ref_ilonggo1_NEXT.wav,0a661a4d004469e69d685298408334fe7c632d44fb758e0b4733744aece93478
vcm_train_003297.wav,fil50_10219_ref_tagalog5_VOLUME_UP.wav,4ada391f7a85701626643d061612ee8d4bc98b9f45d30d00fbef8812677074ac
vcm_train_003300.wav,fil50_02745_ref_tagalog11_COLOR.wav,54ef6f160e8a7e55efe129898b664ace61c7f011befe9ac838f3238b7285c111
vcm_train_003301.wav,fil50_13552_ref_tagalog9_COLOR.wav,e77350ed2d048edbeff0cc85f54b6e8a31b17f5512543124985ad9aa9ba9b9cf
vcm_train_003304.wav,fil50_07618_ref_tagalog2_ALARM.wav,be4a2a0cdf775853c76947184dc1cc71bc1457d448f9e45cbc5b7c955d017cdb
vcm_train_003305.wav,fil50_04413_ref_tagalog13_TIMER.wav,f6f98c2be5b345747f6488c2a5dd1dd9ab13c087077dd3e484d0d0c1579c20fc
vcm_train_003306.wav,fil50_09367_ref_tagalog4_PLAY_MUSIC.wav,5bb1b3ad203fa4d983f36e0f0d8c89df7dde0436207a90adada4231921b63ef3
vcm_train_003307.wav,fil50_12760_ref_tagalog8_LIGHT_OFF.wav,7422ee65b00c182a103a0c3289eccde1fe94afae2327336b93b3285df5206a8d
vcm_train_003312.wav,fil50_00231_ref_ilonggo1_TIMER.wav,afdfc90569f83dfa7d48957d57ebfe66c49d1afd53001583e2377c84c3ea1abe
vcm_train_003315.wav,fil50_01920_ref_tagalog10_TIMER.wav,46167e3dc9c5a718f703f6e067d5524c78e6829f5f967db8ec75bf7cf6ab2173
vcm_train_003317.wav,fil50_02746_ref_tagalog11_COLOR.wav,baff576f2b4518f27131a7f5b18f5f45937f5b8b525aaadbdb25b686b2b8a630
vcm_train_003321.wav,fil50_07619_ref_tagalog2_TIMER.wav,9bd12d7de0850198b3457315c83a5672c36d4c89f2dd0baa645efef75efdf0a3
vcm_train_003322.wav,fil50_04414_ref_tagalog13_TIME.wav,3f75ee3d9981d1b6397733a41cdfad99b2dcdec26ecca71798df2951ad0c312a
vcm_train_003324.wav,fil50_12762_ref_tagalog8_ALARM.wav,ce837f01f99e67830e6c8afcb735a9e2fdb169dd6990bd91dd20a51801ac81ae
vcm_train_003327.wav,fil50_06892_ref_tagalog16_ALARM.wav,31f1c725fb4cdb7906a767cc55070192fa9468fff483b1731cb80e99e498b295
vcm_train_003328.wav,fil50_03556_ref_tagalog12_COLOR.wav,a7d35c8f7993d4ad77188658570b1129df4cdb4a60c2614bc0f7a222ecf32372
vcm_train_003329.wav,fil50_00232_ref_ilonggo1_TIMER.wav,6c8257e0e00d0d7a52540b1d641b279da47b06616c13cf40b42ebaf47ed16b33
vcm_train_003330.wav,fil50_11068_ref_tagalog6_TIMER.wav,ba87ac761537d34774034670c2dc0f4bde6f2af9cc382491e0de4b1c52666ffb
vcm_train_003331.wav,fil50_10221_ref_tagalog5_LIGHT_OFF.wav,d4d23744d67abcead3c1fb18665fb393f56fe8ad709680866d5555b4e3da50f3
vcm_train_003332.wav,fil50_01922_ref_tagalog10_NEXT.wav,21309e4ae3fa98d32ec5303d32cc7daffe157dab5d7562b4fc38dffaf608de31
vcm_train_003333.wav,fil50_11912_ref_tagalog7_ALARM.wav,51f1fda9e11ca5d80e30816fdd93e74105201ce9df6242f76f880543c476722d
vcm_train_003334.wav,fil50_02747_ref_tagalog11_VOLUME_DOWN.wav,382d05e95c97161517906ab9d65aae5ec654057114d057bcbaeaae34b156cbce
vcm_train_003336.wav,fil50_08543_ref_tagalog3_STOP.wav,aa01f5a0ddd9c6c72d4d0b4c3f0cf2520e1ef31bb3df7b4d478f16658f45ae2c
vcm_train_003337.wav,fil50_01075_ref_tagalog1_TIMER.wav,dff8f2dd6c4f9b9bc318220b6d546b57e38c10d3e031262b0cb541cf93d26832
vcm_train_003340.wav,fil50_09369_ref_tagalog4_COLOR.wav,6beaf4fe834c03d00e908e59edca2ae8d0000b0c2dbab9d804d85efa796d55c1
vcm_train_003342.wav,fil50_05275_ref_tagalog14_NEXT.wav,04042bfc276d1e5ba3d84acb642e91e4ddc36dad36113f40d686ef30de0ec4d9
vcm_train_003343.wav,fil50_06123_ref_tagalog15_COLOR.wav,3b434cfba0cd299524254459da4eeadda44563802342644e8bef978c2feb6a78
vcm_train_003345.wav,fil50_03557_ref_tagalog12_ALARM.wav,1563a5576d768282fbd0df9081e7432d669a5e902b8dce524bb40b49b0cbc3a1
vcm_train_003346.wav,fil50_00234_ref_ilonggo1_VOLUME_DOWN.wav,6e47a8135809121d28dc45c153ae82d9bc269aa76bfc13db894763e0b8e694c2
vcm_train_003347.wav,fil50_11069_ref_tagalog6_CREATE_REMINDER.wav,98f96f02f1c61873bffbb3130521398315dbcb4544ede355361e0f06683abeb6
vcm_train_003350.wav,,08b39418216e9b3daabae5c5178fa5876bfe23955176c30fad5cc5f5ff84412c
vcm_train_003351.wav,fil50_02748_ref_tagalog11_TIMER.wav,8fed462e6816b610859d34d3bec61b8c5bf90b6f26638902531eacadcaedb088
vcm_train_003352.wav,fil50_13553_ref_tagalog9_LIGHT_OFF.wav,157798d4af4d71f22afe90a07130140740103c2fc55a1c2bc743ca2217b85c89
vcm_train_003354.wav,fil50_01077_ref_tagalog1_NEXT.wav,bdfac8ed2d0612d60e7fc413441861e7b4883b4678b2833abea0a3e4914a9096
vcm_train_003356.wav,fil50_04416_ref_tagalog13_CREATE_REMINDER.wav,3eba267f671d4ada2d979a31530e1b662f47d1f20dbc47e964533530ada45b7f
vcm_train_003357.wav,fil50_09371_ref_tagalog4_LIST_REMINDERS.wav,e6432f3dc988df5b6ff6759652dd74eecc2a8d4f3c61be035f7dd648e776af60
vcm_train_003359.wav,fil50_05276_ref_tagalog14_COLOR.wav,c28414f3257cb3eeba3c41664a47616a3666e185514558d8c60cccd7f9565eb5
vcm_train_003363.wav,fil50_00235_ref_ilonggo1_VOLUME_UP.wav,0987fc7f697756c5e864c5625805aafc9c39f9ec3ef1da2cb889ee2b1cba7bbf
vcm_train_003364.wav,fil50_11071_ref_tagalog6_COLOR.wav,bfc189a7aba4cf2ea96f4620c68b98d897bf93db873fbee6e3f36aaf7a5f0e72
vcm_train_003366.wav,fil50_01923_ref_tagalog10_VOLUME_DOWN.wav,76a3c650ac3addbd7a6d38bf52b964c0c8cb530bb42c51df7f9f2ad3d0735726
vcm_train_003370.wav,fil50_08545_ref_tagalog3_PAUSE.wav,2f3fe7a4ea73b2c57824be2d5927c598f930b60e12504e08cc7778726a7d9a69
vcm_train_003371.wav,fil50_01079_ref_tagalog1_NEXT.wav,bb8b75e0efc30ec044bfdfa843908cbf6c8318624838359ae53d68bc925e3f70
vcm_train_003373.wav,fil50_04418_ref_tagalog13_LIGHT_ON.wav,37af517c40696ab68b8483fe37157989700ccc1454cb125016a54251c9f4449a
vcm_train_003374.wav,fil50_09372_ref_tagalog4_COLOR.wav,152e8f2b21ec577bc86587a46083a8a475c04eb054ff22f3fa15d8f024a0d45c
vcm_train_003376.wav,fil50_05277_ref_tagalog14_TEMPERATURE.wav,6fced64eae57d4412d4b7407c060a4c65ab7855758cf26b5a4cbaa3dd1ecf868
vcm_train_003377.wav,fil50_06124_ref_tagalog15_ALARM.wav,acdcd9c35f013e17cedb5abebe0c900b5eeb66dcbbe701f4cfc9163e6f24bb3f
vcm_train_003378.wav,fil50_06893_ref_tagalog16_ALARM.wav,444877d6e08ee3f435a36f5f2b77a65eab4b93cb52ac77eae6ba8c5b49b5c1c3
vcm_train_003379.wav,fil50_03558_ref_tagalog12_VOLUME_UP.wav,6c222d7114715a95188b0ea8ded0d68f42c36578f074b70eb1501abffdb9fd24
vcm_train_003380.wav,fil50_00237_ref_ilonggo1_TEMPERATURE.wav,90fc12ac011c4ddca7d9ef4b47b868e43c4cc5abca82366fb3b50c98982f6b85
vcm_train_003385.wav,fil50_02749_ref_tagalog11_TIMER.wav,b5309824dcfd4579c4576fdc9c8998a1aabf3dbeabb5306ca48304a20f8add7e
vcm_train_003386.wav,fil50_13555_ref_tagalog9_PLAY_MUSIC.wav,71687701be8bbe4b212fd5723c56c2b5c199d37cbfccfa907c29f67f3724212a
vcm_train_003387.wav,fil50_08546_ref_tagalog3_PLAY_MUSIC.wav,e531088dd69a52e4ad02ab18e0bfd85793f859e08abd31aef569b3b17eaf7f3b
vcm_train_003388.wav,fil50_01081_ref_tagalog1_TEMPERATURE.wav,476e78f34527f59ed2ffcc33335c87b218dfd09a98e0a7487c4674d8e6a35314
vcm_train_003389.wav,fil50_07621_ref_tagalog2_TIMER.wav,f25cee758519a9b1930264bd5a9d169db43ad24d32d6dd3594949683730687df
vcm_train_003390.wav,fil50_04420_ref_tagalog13_TEMPERATURE.wav,c5d33e24d9f336ef8b4a2ca2d8a624cd03727b1c2caab758b37be9ea680b3e1c
vcm_train_003391.wav,fil50_09373_ref_tagalog4_CREATE_REMINDER.wav,a7d9a97a51fee7cee350436b1a198a8b45789958905b52a021f11d03e93bca42
vcm_train_003394.wav,fil50_06126_ref_tagalog15_LIGHT_OFF.wav,d39bf74a02f917365fd6c23f7263dec336a9ea569c71fae7a137f76b44f21e1c
vcm_train_003396.wav,fil50_03559_ref_tagalog12_LIST_REMINDERS.wav,9ee9174be57cee7369de549906bef4ddcd4a15d2034ac06bd45ce5176d20bc74
vcm_train_003397.wav,fil50_00239_ref_ilonggo1_NEXT.wav,3f43820f809995e0ad62d54fac7a029fcbcc015939244f62f0a7f7e77a1d36ca
vcm_train_003399.wav,fil50_10222_ref_tagalog5_TIME.wav,89beee10a630828b9e051a3a5d2542f88a15923945b945e3bcf61c4b1902fc0e
vcm_train_003404.wav,fil50_08548_ref_tagalog3_COLOR.wav,452d359c5376af4ef4c7754ba5d0aabb791cb8730d0dc58a8d0c57acb64e6412
vcm_train_003406.wav,fil50_07623_ref_tagalog2_PLAY_MUSIC.wav,c3616275bdd7869377303d1ce188519f764a7578206c2e3d67bcb7b0498d22ed
vcm_train_003407.wav,fil50_04422_ref_tagalog13_TEMPERATURE.wav,54a3d7e1b045959b2fa3c1ae153b332726bc0355a6df16e7b42d06505af25d57
vcm_train_003410.wav,fil50_05279_ref_tagalog14_ALARM.wav,b4111ee868722b770ac78edd9c3c194dd9feb4fc9b8ace58d7bf34ac6b17c822
vcm_train_003411.wav,fil50_06127_ref_tagalog15_LIST_REMINDERS.wav,6135a7e4e3dfca84d0b7ce01af5556d625f480f17bdae17741d87de7e53b97e7
vcm_train_003412.wav,fil50_06894_ref_tagalog16_COLOR.wav,e0c28c43dd6679f3fd1ecf73804c6f2613af3b323af6d51c7183bcf1a581e3e5
vcm_train_003413.wav,fil50_03560_ref_tagalog12_LIGHT_OFF.wav,f20e125f83bb6dd46221edc00f78e1a6ba4d778810e5b4c8765bf00cdc017d1c
vcm_train_003414.wav,fil50_00241_ref_ilonggo1_COLOR.wav,e409c58fc0a9f7fdb5ee04f0245a031717fcacc97118a80e0ead306518472f62
vcm_train_003415.wav,fil50_11072_ref_tagalog6_TEMPERATURE.wav,060e7eaeec55257b2a00c135b725e093cf9b8604e41aa540bdf7f658b2013129
vcm_train_003416.wav,fil50_10223_ref_tagalog5_ALARM.wav,d2c231e1148e30f6842df480f844dbf71ba537c47a25509211046568814a8ac7
vcm_train_003418.wav,fil50_11913_ref_tagalog7_CREATE_REMINDER.wav,f67086e9d055fa8b81360be0f12347c4df4d59d3dfd56d895c2359418e875167
vcm_train_003419.wav,fil50_02750_ref_tagalog11_ALARM.wav,32687156e36a8abed990f4e5a997e17cedc390addcc289a8393c028a19fa4db1
vcm_train_003424.wav,fil50_04423_ref_tagalog13_VOLUME_UP.wav,a50e3bcfe5f2069c96b7bc6c6e5984bc0845c2efcbc566b7cb2620539918c783
vcm_train_003425.wav,fil50_09374_ref_tagalog4_CREATE_REMINDER.wav,03702176771ec96433e589e221fd50e3e738282a34d1dbee9f03645872bfd382
vcm_train_003426.wav,fil50_12764_ref_tagalog8_COLOR.wav,eec494b7bfd7e56765887fb272266c42405a341723f2115e6fb6de617ecc0f4c
vcm_train_003428.wav,fil50_06128_ref_tagalog15_TIMER.wav,400226aae616d0159c8ad88142dcac069c700af47e0ae6d217f988945a6562e0
vcm_train_003429.wav,fil50_06896_ref_tagalog16_CREATE_REMINDER.wav,18115120c372d58825f41cd889ab05d47573230fce39bc0c57baab170c5d92ea
vcm_train_003431.wav,fil50_00242_ref_ilonggo1_VOLUME_DOWN.wav,390a716adbb24c799159b7e9544bc0aa1373d271cbaeb47d8235aaf626d2e3f7
vcm_train_003433.wav,fil50_10224_ref_tagalog5_COLOR.wav,b329426ce2dcf32a955b0854495d01ba9c9d97c7eba8e60aa820a0d966d736e6
vcm_train_003436.wav,fil50_02752_ref_tagalog11_COLOR.wav,e60715b6440ec11a33926596251e977bf62d01829d8aba490e2369a742f3043f
vcm_train_003437.wav,fil50_13557_ref_tagalog9_BRIGHTNESS.wav,17a115a907ae14ce6a689398b19b0429d1720243c96e881d93307404fba0afd3
vcm_train_003438.wav,fil50_08549_ref_tagalog3_NEXT.wav,3fdeb08f917c55f6112fe6cc96db46316035dab1015b8b9a34f934b4b416db36
vcm_train_003443.wav,fil50_12766_ref_tagalog8_BRIGHTNESS.wav,0fc65df96654bee8ddf6453d1159010d2312d7e1cb7c8dd4944bae84bc63c523
vcm_train_003445.wav,fil50_06129_ref_tagalog15_WEATHER.wav,08c3ca381f21d40557a3580589b92073d9ccc055e313afdf5a16cdf4337acb0c
vcm_train_003447.wav,fil50_03562_ref_tagalog12_TEMPERATURE.wav,56b13ee499ce3cb4a6d7083b815605ede68fc29bee35d6a05fe0fa8b04225c32
vcm_train_003448.wav,fil50_00244_ref_ilonggo1_ALARM.wav,eef33e676539e286900a0679b046b765f41e7f1cdcd2a5ff0ecc95852386d657
vcm_train_003450.wav,fil50_10226_ref_tagalog5_NEXT.wav,33007a3bee6552cb4a61c42190e3157ef3f5250066f2d9ad45142356f2aa6ea6
vcm_train_003452.wav,fil50_11915_ref_tagalog7_TIME.wav,156b6ae26d6af5ecfea4b577755a5ba97ab878814ad1af8897b77a5442e67f52
vcm_train_003454.wav,fil50_13558_ref_tagalog9_ALARM.wav,a000dab9461a6ecaad36c39013889460be90875122d966180dbef49a8f9f1976
vcm_train_003456.wav,fil50_01083_ref_tagalog1_MESSAGE.wav,94ef8086c77f49bdce371be2293229695a65505a4fe82c0b7e4e8ed90715b3c6
vcm_train_003457.wav,fil50_07625_ref_tagalog2_NEXT.wav,e072f058b7ae4e4124e3717c950e2313429c09e090b4e7ac0fd01940eb5e9366
vcm_train_003458.wav,fil50_04424_ref_tagalog13_LIGHT_ON.wav,8bb4cd9f11d57928e8874fd7304f63f0cb0cc053259a0ab862d777f7bf5285e8
vcm_train_003460.wav,fil50_12767_ref_tagalog8_TIMER.wav,26f4eb79ba7cc4cf467f041a31b8e7ccb2ff93569884182fce51fea37a6931bd
vcm_train_003461.wav,fil50_05281_ref_tagalog14_LIST_REMINDERS.wav,42258cdbe188bc828f258ea488e38e23745293b0a78532a11b0b88c4df1365ad
vcm_train_003462.wav,,df58bce07bc00f85880d59267b018623fc0720e6f86915162f8dd8e3f0880742
vcm_train_003463.wav,fil50_06897_ref_tagalog16_WEATHER.wav,3875d1b3987b0968fea4ad96c31df3f4a1b88621bb16493ed4a4792c3730fdb2
vcm_train_003464.wav,fil50_03563_ref_tagalog12_TEMPERATURE.wav,9fd59aee3e2cf950a4ea4adb0e30de0e5a7f2205c6a4ae1e913ebaac6674d6a5
vcm_train_003466.wav,fil50_11073_ref_tagalog6_TIMER.wav,86df57db7f4a70afd8aac7fbda4aa403a9d8cc01b6257cbbbf721c87c0d2307c
vcm_train_003469.wav,fil50_11917_ref_tagalog7_STOP.wav,69b76fb31f4af19d93cf27cf5dd74bc5876ba600566d571060ec12b2e193dd85
vcm_train_003471.wav,fil50_13560_ref_tagalog9_TEMPERATURE.wav,3b5cd10ad7b67f5b977539dafaa88564d1cdeeb388b35f892ae8a997410de5ca
vcm_train_003473.wav,fil50_01085_ref_tagalog1_STOP.wav,16b59c01ea731f4a70b7102b242a1cbd352f23a855ad43f2f59bffed9b8f06a2
vcm_train_003474.wav,fil50_07626_ref_tagalog2_CALL.wav,f84be907b6a6b93e7ac47804bea049315a7a758e1329f03445e7e9cad6155779
vcm_train_003475.wav,fil50_04426_ref_tagalog13_CREATE_REMINDER.wav,2e209e57f26fb0d36fa34a489824f39885f78530a5903077391324101d4c8943
vcm_train_003477.wav,fil50_12768_ref_tagalog8_COLOR.wav,5449f74c161d30277080b62c2815b5c2b80cb48174d78e5efc5e82c7d2faf60e
vcm_train_003478.wav,fil50_05283_ref_tagalog14_LIGHT_ON.wav,ee75647b68baca02a9eda8d368fd6c02197ac77753f3ab1393084cfcfda9ecfc
vcm_train_003482.wav,fil50_00245_ref_ilonggo1_TEMPERATURE.wav,e1fc33dffbbf0047aa112a3c88469db955e26cfb82aa7c8b7a6f1db239e817ef
vcm_train_003483.wav,fil50_11074_ref_tagalog6_TEMPERATURE.wav,91271e149287408c6cebf9f5d6d1234e7e8df6a0b35c64cc8199788ecd7f822d
vcm_train_003485.wav,fil50_01924_ref_tagalog10_PLAY_MUSIC.wav,b579376aff6227caf6c487e7421b2cee4c93f0016d5b848719c294cda0742c90
vcm_train_003486.wav,fil50_11919_ref_tagalog7_VOLUME_DOWN.wav,07fd468c60ab86fa5970223cff52ebab209f3a16466aa169430387a9a1b18a6f
vcm_train_003487.wav,fil50_02754_ref_tagalog11_LIST_REMINDERS.wav,813e0c94c5ece4b254ba55a21728816fbf8ba93b2ca3532c5dd84d71ccbf6fd3
vcm_train_003488.wav,fil50_13562_ref_tagalog9_COLOR.wav,9ba7b0ef11bbf2767e947cc886c367c8fb98e9b7be7db585b43a86c77cc98fb3
vcm_train_003489.wav,fil50_08550_ref_tagalog3_WEATHER.wav,d8b7b3c0b83471172261a29647041d2253cdf1215b870db87c75516a1d786929
vcm_train_003490.wav,fil50_01087_ref_tagalog1_NEXT.wav,04db4e2dfbe2f8966802a5991b70b90ebf6139b38d24befe65d809204f8f9787
vcm_train_003491.wav,fil50_07628_ref_tagalog2_WEATHER.wav,85debdcf11d94bceb0fd4bf51066f9db1e5d0554f3aee1b53545fd86b1f89e80
vcm_train_003492.wav,fil50_04428_ref_tagalog13_BRIGHTNESS.wav,691f23778a67f331332d0c853ebaf30708c8deb70a1c11796d2b699cac3a785c
vcm_train_003496.wav,fil50_06131_ref_tagalog15_COLOR.wav,51541c534fab21d92b26af36d6904f244330f4c53c15b0390ee2f24d858c0342
vcm_train_003500.wav,fil50_11075_ref_tagalog6_LIGHT_ON.wav,daf8acab48ac150e8fe37b3f8ad190c43f384283de6e3de6324f3b01c540575a
vcm_train_003502.wav,fil50_01925_ref_tagalog10_LIGHT_OFF.wav,c340c19ae253cbe297db7cab09d17118a21a58b827f4bb0c6ab7b2c2c7bd95ad
vcm_train_003503.wav,fil50_11920_ref_tagalog7_LIGHT_OFF.wav,4b9682f87df1cc7142656f54109139b9d06dbd5bad9a291e9c3a7aa654c73c03
vcm_train_003504.wav,fil50_02755_ref_tagalog11_TIMER.wav,0f908ea492487c00f2aa66f1f22ecd331922f8dd3f6d1352ac3719bd07e32ef8
vcm_train_003506.wav,fil50_08551_ref_tagalog3_STOP.wav,e3610e96e234e9ff0c83bbbc4cf103758167eb2f6736e4ab006a6e21870b928a
vcm_train_003508.wav,fil50_07630_ref_tagalog2_LIGHT_ON.wav,ba14a3ce875fe279fd7f1086ef055e32fd087a54446d4b1e1cdd972eb16fc31a
vcm_train_003510.wav,fil50_09375_ref_tagalog4_BRIGHTNESS.wav,f5a112369c4d45d6000f682437aae355e494fd5abbf38a65d5aec472afad0a14
vcm_train_003512.wav,fil50_05284_ref_tagalog14_LIST_REMINDERS.wav,29e2944fe7298047d71703e8a3c798548ccbd3c0876084160d156c5af5e74a10
vcm_train_003514.wav,fil50_06899_ref_tagalog16_TEMPERATURE.wav,97eaf792411ba70832e2e0ef3899e09a4e28133eb67c6994a9e303638e539882
vcm_train_003515.wav,fil50_03565_ref_tagalog12_CREATE_REMINDER.wav,3cd5b6a8c2ee676ef7f486c08283788c18b469da47424b3c9918d66263d07e01
vcm_train_003517.wav,fil50_11076_ref_tagalog6_PLAY_MUSIC.wav,9644906414c1fe5439653350d89a10e6f0e8d2531339ece452e3e7a787716d88
vcm_train_003518.wav,fil50_10227_ref_tagalog5_COLOR.wav,91a84f23777dd10ba3755d2a0e0a8fa6dc91b8f34dc2a67a737e67c1ed91c208
vcm_train_003520.wav,fil50_11922_ref_tagalog7_LIGHT_OFF.wav,7a81c97ab4d482ec53293007213bc4a1a9c883b00ee421769df1615330b2b6c6
vcm_train_003524.wav,fil50_01088_ref_tagalog1_ALARM.wav,b1be63b1a97227954ff9b51f73f895f9042df10984334dc50eae1b792475d57f
vcm_train_003527.wav,fil50_09376_ref_tagalog4_TIMER.wav,602148cb98451acae27577605d7dc417a188b1d2bb7691d2a4699b34ae31c54b
vcm_train_003529.wav,fil50_05285_ref_tagalog14_TIMER.wav,6ff092723cd7e09895ebdb82fab63b5d6d4f7eda452c8b9c62e0773c57716f7a
vcm_train_003531.wav,fil50_06901_ref_tagalog16_COLOR.wav,c671044c8a2a730d2b71770c902251170fcaee4111b0a4ced264493c3acf1e73
vcm_train_003533.wav,fil50_00246_ref_ilonggo1_LIST_REMINDERS.wav,29e9f99fce3e4685ee8225d4690f1b368678b985e4d94a0d177ef30f32b2c34b
vcm_train_003534.wav,fil50_11078_ref_tagalog6_VOLUME_UP.wav,278b700ee167104405279144e5c93e501b8ef5d38aeb06599cc3ba1241e43c2c
vcm_train_003535.wav,fil50_10229_ref_tagalog5_BRIGHTNESS.wav,3d6d363bf1bfbf250ff7782e899722defdf7105c25ee95d72f57572212fab7e5
vcm_train_003538.wav,fil50_02757_ref_tagalog11_VOLUME_DOWN.wav,fd5937d328df34704fc04e334482a081b2a8f5449607d0ef7e35a0fdaa9ab055
vcm_train_003539.wav,fil50_13564_ref_tagalog9_TIMER.wav,d032e796df00305a594582ca264657bdd5cf2ed26ef86f6415f03c212384e8e6
vcm_train_003540.wav,fil50_08552_ref_tagalog3_LIGHT_OFF.wav,d99b8174f2a80fe6907fc2ab2692941f4d1652f457552fd2c04c3bddb849f854
vcm_train_003543.wav,fil50_04430_ref_tagalog13_ALARM.wav,8ff462abfa52d0c7b623f4a41f98877b8ceb6402256eed9344b4ee0dd3b1b57c
vcm_train_003544.wav,fil50_09377_ref_tagalog4_NEXT.wav,2603bce6d400c33ede36ad4d3f52b8c92742cf355d44e4b880fab59b24c65ffa
vcm_train_003545.wav,fil50_12770_ref_tagalog8_BRIGHTNESS.wav,0bf77e0de228a3577971ff153286b439e8345c45cbed445e913b6f4a4bfecf13
vcm_train_003547.wav,fil50_06132_ref_tagalog15_BRIGHTNESS.wav,e9e7754f52071ef27b1bb765ef9bcbe1d33e334c8983fc4c7778211fd5a8a40d
vcm_train_003550.wav,fil50_00247_ref_ilonggo1_CALL.wav,285f0a52c00ddba3bd42b6f7d26bf34e606da1cdc1a4b648dbfe6256a6d826b9
vcm_train_003551.wav,fil50_11079_ref_tagalog6_MESSAGE.wav,d69f7d5d97d40cae45c96d8747aebeb66b69ab89c21e1788b9d2c97686c206a6
vcm_train_003553.wav,fil50_01926_ref_tagalog10_PLAY_MUSIC.wav,7c4b5345acac5dde6214bcc38be8e9f88cf8cf28ce2fd3b65e99f41f5f2db8c3
vcm_train_003555.wav,fil50_02759_ref_tagalog11_TEMPERATURE.wav,4f9418f3176dda33f7351b3558d95a75e1c75146e8e9e64f76da295c8845e2ff
vcm_train_003557.wav,fil50_08553_ref_tagalog3_CREATE_REMINDER.wav,576e585958fca2a8cdb303429da82a427637c57b0e94d0b1c08df179e7b70d0d
vcm_train_003558.wav,fil50_01089_ref_tagalog1_VOLUME_DOWN.wav,6e62974100353cca9bb30489cc0a07a50e107e279155a30897b7dc34f5daba3d
vcm_train_003559.wav,fil50_07631_ref_tagalog2_COLOR.wav,4621a0d8f4387f58f1b549979da556a953153caf5480a3b09a5870326bfcd9bb
vcm_train_003561.wav,fil50_09378_ref_tagalog4_TIME.wav,19d99cc6636c6087aa31c2d63d7335bf3c905a420e2929a531d5bb0fb853dcfa
vcm_train_003562.wav,fil50_12772_ref_tagalog8_STOP.wav,9a98daf19ba743ae0fc9ceff16fc51d294673aaa67422d15d1aa37662d068581
vcm_train_003567.wav,fil50_00248_ref_ilonggo1_BRIGHTNESS.wav,063b71cd80ff8b0b15ed8a12036b93cd0c0afae01bf308bbe8e24a51f9c4a11c
vcm_train_003568.wav,fil50_11081_ref_tagalog6_TIMER.wav,213a8b6491c02a5664ea9a1be8d7ab546e957597dda1ac4cec9e62dd7dacb3a8
vcm_train_003569.wav,fil50_10231_ref_tagalog5_CREATE_REMINDER.wav,381a7c39df2fc4aaa655884c9c4ba2e1eb592244ebde31d2027de15bf72d2add
vcm_train_003570.wav,fil50_01927_ref_tagalog10_LIGHT_OFF.wav,bbd720bffe58f0c96896ddc9254630e465cfd658db7449f5f2d2bc6d315367b1
vcm_train_003572.wav,fil50_02761_ref_tagalog11_TIME.wav,9b4382b580986b7dc963c0d60f032d89197ff724739f7e689b17aac4f24ab3c3
vcm_train_003573.wav,fil50_13565_ref_tagalog9_TIMER.wav,fb6fdb5acfed88abe45c214b9bfa7cdffa02737ac76b9a6e51d3a4f02211e8ce
vcm_train_003575.wav,fil50_01091_ref_tagalog1_ALARM.wav,8ccf7ec39e6cb23a8210b9f6aba5864cad468baeaad12f8eee923c7eec080f6b
vcm_train_003576.wav,fil50_07632_ref_tagalog2_ALARM.wav,8bf534a682f5c76c90cc78ff9e92b64b7ca221cd9a43b550b2e9b41848406cdc
vcm_train_003577.wav,fil50_04431_ref_tagalog13_VOLUME_UP.wav,1f8548647b1d9f2467eac9085087d01854e74c98cfcd70d9801e8eee6a1ab4d7
vcm_train_003578.wav,fil50_09379_ref_tagalog4_COLOR.wav,57cd8c0f980be56e09cb9a16dd210e20bcc84366f5e57dd64527a1d285faa733
vcm_train_003581.wav,fil50_06133_ref_tagalog15_TEMPERATURE.wav,19976b07ae87223d3c00fb95d6bbed0b3873aba678181acf832d292ed6185292
vcm_train_003583.wav,fil50_03567_ref_tagalog12_BRIGHTNESS.wav,7a339dac5c813ce255195bd2ed718a0a35eabc98d8a3a0fbeb43ffc6467169db
vcm_train_003584.wav,fil50_00249_ref_ilonggo1_STOP.wav,6ec4368f3596cd6de484c3b76a8db5e5e0b1ac450a6c041fe3f05e1412f2e0bd
vcm_train_003586.wav,fil50_10233_ref_tagalog5_TEMPERATURE.wav,e2eb0f5ce403d9a2402df85c952d0ce16cf0b16e7439d89130bbe226f9275e36
vcm_train_003588.wav,fil50_11924_ref_tagalog7_VOLUME_UP.wav,9e9a3ced029f069ca01ff02357988a6f5f6f7ba194b9a22f77307635531b9e1e
vcm_train_003590.wav,fil50_13566_ref_tagalog9_CALL.wav,31db8bd438cb83653a1a2938a221b917d1dc5291b9bf85a6c667bacd0ceb692a
vcm_train_003592.wav,fil50_01093_ref_tagalog1_BRIGHTNESS.wav,d4bdc87300c7f6b414afcc749500d505449604b1fb54e5465f317fb8482941de
vcm_train_003594.wav,fil50_04433_ref_tagalog13_CREATE_REMINDER.wav,36045266483f5f445cf29a43a99e8eaccc97055c7575eb98d9301cd4aede4dce
vcm_train_003595.wav,fil50_09381_ref_tagalog4_BRIGHTNESS.wav,1685782f802942291fefc977f35592f4f3b7290c4182c14b54937f0a58fd78e6
vcm_train_003596.wav,fil50_12774_ref_tagalog8_MESSAGE.wav,b3454779072061f0a5995b0c59836bf138487ad9b8429483e6fd9fb117f98d0d
vcm_train_003597.wav,fil50_05286_ref_tagalog14_WEATHER.wav,6f4e9b9b9ad4f983a2bb2631af2be08c03261c246bd54b4cc1ae281160f42f7a
vcm_train_003598.wav,fil50_06135_ref_tagalog15_TEMPERATURE.wav,100de20a753daa87f8d6d7c4b0cf3820b0cf53c19baac1ab408d0290ef3b7a86
vcm_train_003600.wav,fil50_03569_ref_tagalog12_LIGHT_OFF.wav,a5503043a862f1ac657885faf71ae797289542c3b5966322472af2d8dc2775ce
vcm_train_003602.wav,fil50_11083_ref_tagalog6_ALARM.wav,c78a1ef6e1f3e81388c8db2630a4386ca9ac69f48dd447e4631e077f2bda8e63
vcm_train_003603.wav,fil50_10234_ref_tagalog5_BRIGHTNESS.wav,81fb0534941a9a3899b269af3e47cbcbe2530cdaad62ab8881e3910678c14594
vcm_train_003605.wav,fil50_11925_ref_tagalog7_COLOR.wav,d99dd978f112e230bd06ce6f18778df687e3ee4c08d50a0498b3a40274d849ae
vcm_train_003606.wav,fil50_02763_ref_tagalog11_TEMPERATURE.wav,a903c41f1ef2f7b3508c6594829944baaee5e67d6bb310149c9af649fa8dbc55
vcm_train_003608.wav,fil50_08554_ref_tagalog3_CREATE_REMINDER.wav,0e23cf3a614100028bc5bea7bb7e28d04b6d4a1f7bf2bf88fbdbb6e964182c0b
vcm_train_003609.wav,fil50_01094_ref_tagalog1_NEXT.wav,6b71d26dda79f07954df047a3afe15acfd53defc934265bdd05b93cfa516fcc5
vcm_train_003610.wav,fil50_07634_ref_tagalog2_WEATHER.wav,ae6b0a1f12e63865a7c5487271bd01659b1faaa15a7558d7e68683b8c84ef2e3
vcm_train_003611.wav,fil50_04435_ref_tagalog13_PLAY_MUSIC.wav,a4284c32051cc61c7f0058456b379c57d97c474db4eaaeea91256ef2b8af8952
vcm_train_003613.wav,fil50_12775_ref_tagalog8_VOLUME_DOWN.wav,cd446e3ed010014007d8541207f122106d8044537a55bc23ed74021ad4de6627
vcm_train_003614.wav,fil50_05288_ref_tagalog14_VOLUME_UP.wav,7127fad609ec0f3521b390440aa1f74b96cf330862cdd0f9b5d0a17fdef7288c
vcm_train_003615.wav,fil50_06136_ref_tagalog15_WEATHER.wav,f80ba0bf43d8cf9aaf079b62b0cc5c3f16fa64a02acff5868833f43ea16b673b
vcm_train_003616.wav,fil50_06902_ref_tagalog16_NEXT.wav,79773cb2bb00a03c43d3c51e44e96e7457ec58544e18f68e1806133a28b10668
vcm_train_003620.wav,fil50_10236_ref_tagalog5_BRIGHTNESS.wav,89a5913bc1b7ba21e52242b98c46e8c1e024c7e7ff4a9366be13e5ee447c5bff
vcm_train_003621.wav,fil50_01929_ref_tagalog10_LIGHT_OFF.wav,ca9e7cbe7b791b141d0737263f793b026bfdf07e18971572666fcc41c9f81d88
vcm_train_003622.wav,fil50_11927_ref_tagalog7_BRIGHTNESS.wav,d409ec1d3923a50f6fa43227c62752c685357ac2075816575072c1e9b72ac916
vcm_train_003623.wav,fil50_02765_ref_tagalog11_TEMPERATURE.wav,c31e10b178d92c823fce3abd51229bcb54a36e76d49ab4df6b5ab9ab1c9565ad
vcm_train_003624.wav,fil50_13568_ref_tagalog9_WEATHER.wav,d285774e10e986481ea419de50483ccf0d6ecbc4441e894404a199b4221c421a
vcm_train_003625.wav,,346aa101aba92612ef8dcb8b2922046f190a0b731aae5d13ebc538a36e1ba7e3
vcm_train_003626.wav,fil50_01095_ref_tagalog1_TIMER.wav,db55f06a701471b4ff2e21ed88b233dd8ac53e62140b2b02930f52d65e612c8c
vcm_train_003627.wav,,33d79743dbc8361ffa461b861e1e3a097317f4678aea8c2f5a14252ec64d1bde
vcm_train_003628.wav,fil50_04436_ref_tagalog13_TIMER.wav,ce724e6852ab95ff9ef8530dd66fd2e42ceb4bd768b15a3ebbfb75eef3a79171
vcm_train_003629.wav,fil50_09382_ref_tagalog4_TEMPERATURE.wav,1618e4f05fc67b6eb341be6cad7cc4973d77507d3a4ccce7bc465b2b2d9fc06a
vcm_train_003630.wav,fil50_12776_ref_tagalog8_NEXT.wav,4b5c076b13b953b32a4d98966bdf75ae9aff23ed07b3a9ee0bb5e6b18ca8e6ce
vcm_train_003632.wav,fil50_06138_ref_tagalog15_CREATE_REMINDER.wav,41eba5de72f8cf57e17d3e3f50d4526fb19d240bffdc6ec4e08d532e4b3427d2
vcm_train_003633.wav,fil50_06904_ref_tagalog16_TIME.wav,59d0550e8fc7036645aa4a3d24527b327c950eea9e8a32d8e2070d387f760fed
vcm_train_003634.wav,fil50_03570_ref_tagalog12_COLOR.wav,cf00b1b3366424367a9e5f359fe12d8ff62b03de8d1560496ef77ae0c46d673f
vcm_train_003635.wav,fil50_00250_ref_ilonggo1_TEMPERATURE.wav,bee9da1a4f50de6b1cde17422ee73886bfaca19ddb3f70005982881427fc406a
vcm_train_003637.wav,fil50_10238_ref_tagalog5_BRIGHTNESS.wav,3e1ccdd819d978d00f4369553bd9d3f8d94b159e07447f9029bcc03fcdf1d117
vcm_train_003638.wav,fil50_01930_ref_tagalog10_PLAY_MUSIC.wav,56ca386051d6d44219675070b656aa5726cb3acab22b9846d83a8c5868b5d720
vcm_train_003639.wav,fil50_11928_ref_tagalog7_TIMER.wav,63166590ddb07399731cad5ba28c8afbfc2966f940f3e4ef9a13c43387f0dc0a
vcm_train_003640.wav,fil50_02767_ref_tagalog11_COLOR.wav,345585adc25438a6ebb38ff44c79409c8a91b6a95fa694f6832970060678550b
vcm_train_003641.wav,fil50_13570_ref_tagalog9_CREATE_REMINDER.wav,9f28f2df20b6ef048312501125e7222ba36e2e79f0d75c8c64b570189e506852
vcm_train_003643.wav,fil50_01097_ref_tagalog1_CREATE_REMINDER.wav,31ff861c97a7ec8abd185bb7ed50b306126e2c6b9b3b107a99c07c4df7cdf489
vcm_train_003644.wav,fil50_07635_ref_tagalog2_TIMER.wav,10ecbfd0bd15897348f0c362d736108f9052c987abc40a490b201451ad7f9b78
vcm_train_003645.wav,fil50_04437_ref_tagalog13_PLAY_MUSIC.wav,39e1441eb5f59de4805d9937b3c6aecf87deb2b0f334baee5966f55012b365fe
vcm_train_003646.wav,fil50_09383_ref_tagalog4_PAUSE.wav,4f280896920ceb3544928c6c2ed74c722d866c59a114fc0aa6a3887e0220c792
vcm_train_003647.wav,fil50_12778_ref_tagalog8_TEMPERATURE.wav,6002808e19ae3a3f040768aee8f75b68693df75069370e083ab252273b9b7ffc
vcm_train_003650.wav,fil50_06905_ref_tagalog16_VOLUME_UP.wav,93b1c345c1840a81505b14b83c3ae046222c8565b737c01402bd3ee2b2108732
vcm_train_003653.wav,fil50_11084_ref_tagalog6_ALARM.wav,8e12a7c8914e119bc630c3c5e817bb574431e771a78fcbf8ec288d3d575b9177
vcm_train_003654.wav,fil50_10239_ref_tagalog5_ALARM.wav,8b68695b03b107c9643a754f4483a3a2d90cc44f02c7e7c457b9b10e00f143aa
vcm_train_003659.wav,fil50_08556_ref_tagalog3_PAUSE.wav,ce7fe7674553efaaa6a66991cfb482b7d4146297b6ef60eaf820eb0b9fe5a48e
vcm_train_003660.wav,fil50_01098_ref_tagalog1_CREATE_REMINDER.wav,521b08171b5772f79dcc7d69ccf3451f9309d27bea9b5770b70a862669c9281c
vcm_train_003661.wav,fil50_07636_ref_tagalog2_TIMER.wav,990bd51fa6261fdcd91d287db03636cd52ffaf3ce37f7c122e857014267d9255
vcm_train_003662.wav,fil50_04439_ref_tagalog13_LIST_REMINDERS.wav,e12517901972711713468910064565e6a0b2c16d2b8b0ee1ee7ebaf7842ad1f4
vcm_train_003663.wav,fil50_09385_ref_tagalog4_TIMER.wav,821d8efe48e0450b871c47da9f9face3cfa4be9772247deba22592b17582bc15
vcm_train_003666.wav,fil50_06139_ref_tagalog15_LIST_REMINDERS.wav,e15506d077e6efce90aa1ac847b01bba3c9b9f3d4e1926eb3b1cc3806e24c822
vcm_train_003669.wav,fil50_00251_ref_ilonggo1_ALARM.wav,b9f1f0cb6dfe4f6703757bb564eb96cc44b01d5de1309b909baa3c5b5d6b9308
vcm_train_003671.wav,fil50_10241_ref_tagalog5_TIMER.wav,d42c388bcb8bf940b501a81b1a7bdd32d95fae3ae3e5ee700f29cbbdd32a7483
vcm_train_003672.wav,fil50_01932_ref_tagalog10_TEMPERATURE.wav,5970a22c4c4d1c119369b8cfdfceec59ab2285cdb09a1d397717dc3dc2a89bdd
vcm_train_003673.wav,fil50_11930_ref_tagalog7_TEMPERATURE.wav,e3530ad35eed8f6b4325648dbc187c06a26da6bf39115cd951207fe285f15c6a
vcm_train_003674.wav,fil50_02769_ref_tagalog11_TIMER.wav,04b5b00eae9074630b7ef178580956862b6bde72c9968caad65305d12dcd3960
vcm_train_003678.wav,fil50_07637_ref_tagalog2_TIME.wav,79e631c604fe56b828a3fe9f46ecae9de4e2f95e3916a6218dcafcc21a609916
vcm_train_003679.wav,fil50_04440_ref_tagalog13_CREATE_REMINDER.wav,88aceab5de3c4c60c12961b04eb2245a9ab5f05fad4a84ac77cf6d4126333839
vcm_train_003680.wav,fil50_09387_ref_tagalog4_TEMPERATURE.wav,acfb1f9cc1f01163683647a11c4e20c3fe558b90e927be1d112035a3853d90d3
vcm_train_003682.wav,fil50_05290_ref_tagalog14_TIME.wav,e10caf9afb03db97c34014cd111c1223e1d40cc7c51f9c7080e14ab9e746418b
vcm_train_003683.wav,fil50_06140_ref_tagalog15_ALARM.wav,05ca273f33b2a4cbca5814f9b78c5bcc9e6995cde787ccfd85c6560c450db325
vcm_train_003684.wav,fil50_06906_ref_tagalog16_TEMPERATURE.wav,f1c141ef6193b8417e16f188e7387bede3469177a86ea3697cc7fc0f3146945a
vcm_train_003685.wav,fil50_03571_ref_tagalog12_NEXT.wav,1e4655d1e5038b1b4d5d07af0c55a139697b066d8b1ed58dd36dcec65cb2b51f
vcm_train_003686.wav,fil50_00253_ref_ilonggo1_TEMPERATURE.wav,64518d97fb01b3f9c9817979c626bd234fc93e564a1c14013bbc34baa6229bb2
vcm_train_003687.wav,fil50_11085_ref_tagalog6_TEMPERATURE.wav,ce501b71452848bfc0f7987e84d540aed34bb65d8814af03f12bceecb14adfc7
vcm_train_003688.wav,fil50_10242_ref_tagalog5_MESSAGE.wav,5c99435bcc245f61b1d8412ce1366753d48a513dc0f70029200147ba8f29c1e6
vcm_train_003689.wav,fil50_01933_ref_tagalog10_LIGHT_ON.wav,f07a27a71f35aede391501a867bcca78c29c0360713a649eb7f0e79a510fb210
vcm_train_003691.wav,fil50_02770_ref_tagalog11_WEATHER.wav,0783828e849fe2cae8d4200be571c2a9444edccfcd271f192459c714728f0181
vcm_train_003692.wav,fil50_13571_ref_tagalog9_COLOR.wav,1cb1251566d5232b338dd498c078c51aa29b0d0bb8e3f2c71920bafd73458fca
vcm_train_003694.wav,fil50_01100_ref_tagalog1_TIMER.wav,28e57fcb97e870a6fc069598e841e098d62ab5b94a20caa190824c2cd2414393
vcm_train_003699.wav,fil50_05292_ref_tagalog14_VOLUME_UP.wav,44096e774c56d24a53d6096a011890427795d058f89e091ea1d3bc2967bb383f
vcm_train_003701.wav,fil50_06907_ref_tagalog16_BRIGHTNESS.wav,b0490541c65aaeaac6497dd9294f89786b0efddbcf111ba8cc6faba377f268ba
vcm_train_003702.wav,fil50_03573_ref_tagalog12_NEXT.wav,69dbb73175e4c095703460aca3bd66d3c42ee7934ba2bce766e8658e01c2d1ab
vcm_train_003703.wav,fil50_00254_ref_ilonggo1_WEATHER.wav,d6137c3818287665a96bc19665e26073a1460e8b92ea0e78eec681f3855d974c
vcm_train_003704.wav,fil50_11087_ref_tagalog6_TIMER.wav,1ded5fffc49854662e86d5fecc78100f980e273f7bc26e22190f3e4514ba41e2
vcm_train_003705.wav,fil50_10243_ref_tagalog5_CALL.wav,db552f8bf6c5d12ff803db9e181c8127e0a8aa6aa1bd0f8c96b8aa5de6330427
vcm_train_003706.wav,fil50_01934_ref_tagalog10_MESSAGE.wav,2ebb8807a6f3eb69feec9b274401e93d491784a4e07f865d5c3852721122d6d9
vcm_train_003711.wav,fil50_01101_ref_tagalog1_ALARM.wav,cc8d72a0a9440485d2b3b73965c68a143b69fafc28e8726c4d362167d60956b4
vcm_train_003712.wav,fil50_07638_ref_tagalog2_LIGHT_ON.wav,e95751d4c2a4155e96bebae77548d8796fd3010957e1d27f68f184942018aeb0
vcm_train_003713.wav,fil50_04442_ref_tagalog13_TIMER.wav,4576a35856174b8f299e292da935f1567507fbe42072fff2dd4306905fd43eee
vcm_train_003716.wav,fil50_05294_ref_tagalog14_STOP.wav,18305e6ebba243b4c9cccc387ce7379dd1b7b49c03eb9b4849fe7352215760e3
vcm_train_003718.wav,fil50_06909_ref_tagalog16_CREATE_REMINDER.wav,5473ebabc1e1ffb0143cf7f468eef238c6da30fd33ab594efd467ec446d4d97d
vcm_train_003720.wav,fil50_00255_ref_ilonggo1_TIME.wav,f91878a76482b5eca2c151b39f5d6a5e44465fa0b8af33253324d805bdf50051
vcm_train_003721.wav,fil50_11089_ref_tagalog6_TIME.wav,753ba8400b8d53a8195a1c8382c86d199fbb7b8c308ffb31405a8ae83875d91c
vcm_train_003722.wav,fil50_10245_ref_tagalog5_BRIGHTNESS.wav,5db54ebe258ba5b452847ed81336cc3db5ed700fdb270a87568a263f93446f71
vcm_train_003723.wav,fil50_01936_ref_tagalog10_BRIGHTNESS.wav,0fb6e562ad3363a6e2753e06aa673c0673d88e98155523d3a1b9efcd134e41ec
vcm_train_003725.wav,fil50_02771_ref_tagalog11_TIME.wav,49a50740d06d957b7b2a8990746c44fc0b1538101e330057173b053b69720665
vcm_train_003727.wav,fil50_08557_ref_tagalog3_CALL.wav,638e832ee4dac8106ac6b0b955e05b8b95a7e214ac7b1560e8871dc411e86f63
vcm_train_003728.wav,fil50_01103_ref_tagalog1_PLAY_MUSIC.wav,1f169cddb02c9753e041222257d8bce233d199fe5a9ee3f7a521ad544b6031dc
vcm_train_003734.wav,fil50_06141_ref_tagalog15_MESSAGE.wav,2092e21309d7259e314c049aa8bdd968a75f3672aa8c76ee83b129b9995e7a40
vcm_train_003735.wav,fil50_06910_ref_tagalog16_PLAY_MUSIC.wav,3b3de5c202d4e5e308bffa763ab8405cf135815611bdde8deb3ef6b7ede3f220
vcm_train_003738.wav,fil50_11090_ref_tagalog6_PLAY_MUSIC.wav,ab0e57b288485b3153ad483b269f5520df52e8ebc562996666b40771c92ab9f5
vcm_train_003739.wav,fil50_10246_ref_tagalog5_LIGHT_ON.wav,7deb82b1461580bc7606babf909e1b785af6059020ff58882a00483bd114f826
vcm_train_003740.wav,fil50_01938_ref_tagalog10_ALARM.wav,3f8c367ba258b5bf736046981ad64967fa843248ae2c20ef97f7738034e5afa8
vcm_train_003741.wav,fil50_11932_ref_tagalog7_ALARM.wav,ec64758373b43f67ffb3e1873816a010c2a3dd839fd93736055f3e8b69f5f887
vcm_train_003744.wav,fil50_08558_ref_tagalog3_CREATE_REMINDER.wav,3d07b1138e2124520aae4d70af37f5ced7e7c4a7db215f68c2a01c7e03eef602
vcm_train_003746.wav,fil50_07640_ref_tagalog2_TIMER.wav,530af1a27127bc60cabd68eda4382180aef8005aa37feb24344d04749a097c90
vcm_train_003748.wav,fil50_09389_ref_tagalog4_ALARM.wav,fcb5b85185a7b05a33e7d476ad7486a7e5d98fb2d4c43488c8780b1ba6bf7e94
vcm_train_003749.wav,fil50_12780_ref_tagalog8_BRIGHTNESS.wav,9601b6ba97b9865c78f59b1e15204b1dd5c9c53cfa2f78d30205ae2c16758c3d
vcm_train_003750.wav,fil50_05296_ref_tagalog14_TIMER.wav,5028f628885771ad3eb5a83d52eb53f819c8e66a7e4a1e63c50532071b8b6cfd
vcm_train_003753.wav,fil50_03574_ref_tagalog12_VOLUME_DOWN.wav,5fac94e8dd933e44644c7e5442d21969dd54c1a1d6ca7c5ec64c3fd2eb45756b
vcm_train_003756.wav,,9968334c61682f7d21c4aa743a17ae82434f87e39ccefbf0621d7abb7366bb32
vcm_train_003757.wav,fil50_01940_ref_tagalog10_LIGHT_ON.wav,8afb9d35814c1d7ee5f77d84ae6d4702c4ab50d4e60f5ad4da563fdac9f1cde5
vcm_train_003758.wav,fil50_11933_ref_tagalog7_NEXT.wav,8f7cc70db5e1f37fc7628afa932de3d7edba2dcd99851bec4a915d95585e24b6
vcm_train_003759.wav,fil50_02772_ref_tagalog11_CREATE_REMINDER.wav,2a91e3773502baf80b3069d10f323a33936f24e230ebc3fe300afe17599cbca3
vcm_train_003764.wav,fil50_04443_ref_tagalog13_PAUSE.wav,92687db6166e348527f6cac54722f4284497e49f87dfabdbabd2c542028f491c
vcm_train_003765.wav,fil50_09391_ref_tagalog4_TIME.wav,4c03b76675062db9ba76b47bba3d260ce263122f768c38a5f6d4e8a2598e78b3
vcm_train_003766.wav,fil50_12781_ref_tagalog8_TIMER.wav,a276e23855b66fcc6dbeb848769012dbeae9d9e0bca681297f96bfa07dd98241
vcm_train_003767.wav,fil50_05297_ref_tagalog14_TEMPERATURE.wav,3f734e78bb6696f7f41ea1445f54a975506b35f6de8eb42deaf0c041fe94d0ff
vcm_train_003769.wav,fil50_06911_ref_tagalog16_TIMER.wav,ddb00f1ad3c3fdd3a0618a9b63ca272daa9a5eb38c14583be2d258810df32a29
vcm_train_003772.wav,fil50_11092_ref_tagalog6_LIGHT_OFF.wav,0f8e4d06682aacb2cc7e11466493cfe3a06e25c79b88701498c3faf7e2ffc784
vcm_train_003773.wav,fil50_10247_ref_tagalog5_STOP.wav,7b8c25ca8a32e0552b08ea58984f6f1605a28e1b985761aba9bab88bcdc7c6f6
vcm_train_003774.wav,fil50_01941_ref_tagalog10_BRIGHTNESS.wav,3d8999eab06ab90c0b5b75f733e18ef6c267fe7830ffc973cc0d989c8efc3bbb
vcm_train_003776.wav,fil50_02773_ref_tagalog11_VOLUME_UP.wav,915481b34565d66594f26e05aa2be2879fc5267593428ca7237a697a0d33cce6
vcm_train_003777.wav,fil50_13573_ref_tagalog9_NEXT.wav,e1cac7052854fc916d73a19546e6b7d63059a5a4f0af4fae814682e3989117be
vcm_train_003778.wav,fil50_08559_ref_tagalog3_VOLUME_DOWN.wav,4d5f5368b108f74f61991a1f120b5aae17db491aee1ddc74a2ec5f4da8466b70
vcm_train_003781.wav,fil50_04445_ref_tagalog13_COLOR.wav,33cf60bfbc4a966262b7152dde35d2b52fa7c75faf96f32935342bc89de42910
vcm_train_003782.wav,fil50_09392_ref_tagalog4_VOLUME_UP.wav,49d9208096d062fcaf2e8e25444762183ddc3d89642a2f1211b87932f5b04bbb
vcm_train_003784.wav,fil50_05299_ref_tagalog14_MESSAGE.wav,9245dcb9248fa8fd95d7cd6fb42df01cb6f19b70b47acbdfb8c411849eac3497
vcm_train_003786.wav,fil50_06913_ref_tagalog16_TEMPERATURE.wav,4aba2f21839dc628f0b8c13a986bfe363260747450b88d214da4cf9a7c4af9d0
vcm_train_003787.wav,fil50_03575_ref_tagalog12_CREATE_REMINDER.wav,68ba60404d36fe0c2d90794cf0f1c92170585fcd0001f4f0ae54b688682f58df
vcm_train_003789.wav,fil50_11094_ref_tagalog6_PLAY_MUSIC.wav,e96c6632cf248296c46e97cbc1bb9ff25b35462178ae7e0f68dade2633498376
vcm_train_003790.wav,fil50_10249_ref_tagalog5_NEXT.wav,4680e746c5a201b30d6c2bc6b13f349918ade0ad2ba2e9144aa4f5293b4bf3c1
vcm_train_003791.wav,fil50_01943_ref_tagalog10_ALARM.wav,fbbe71330397a214017a3cbecaf743be7d7ee82dd65e95a2600c034d90c3007c
vcm_train_003793.wav,fil50_02775_ref_tagalog11_ALARM.wav,b21112ed80b08557d4211e5fff7d57defa611535154b3280a542479f0bd3b34b
vcm_train_003795.wav,fil50_08561_ref_tagalog3_CREATE_REMINDER.wav,50834b84a1a02c77db8fd25bd6a01f95a08dab8eecbb144e245b81c9ba952229
vcm_train_003798.wav,fil50_04447_ref_tagalog13_LIGHT_ON.wav,812874278b7cb6bf59ae9829740d748462eaff5a0ee217c7dcda82c8c7137acb
vcm_train_003799.wav,fil50_09393_ref_tagalog4_NEXT.wav,0457810a4a623c763b99539a74d0ba4ec9c9d00890c1f3ce084a1159770a4105
vcm_train_003800.wav,fil50_12783_ref_tagalog8_TEMPERATURE.wav,a9fa9d9fd87359c164efec4be808a2434a4d5d88b2bdc6ff56294c4e974876d9
vcm_train_003803.wav,fil50_06915_ref_tagalog16_COLOR.wav,610c98733cc8f1d474950a4264d63d248db7c2790837fe227e81cadc3727259c
vcm_train_003805.wav,fil50_00257_ref_ilonggo1_TEMPERATURE.wav,0d76d8e0dafeb5aad1450802dae1ad8d3d52bb0e5c09b80a4650178670b67d4b
vcm_train_003806.wav,fil50_11096_ref_tagalog6_CREATE_REMINDER.wav,939416a00129748731d32b73726d341a4ca19573f85e933769cd3ff7a07e88ad
vcm_train_003808.wav,fil50_01945_ref_tagalog10_LIGHT_OFF.wav,1cc54e4ec51a6ec206bf7e9429a5db1d6f6c1c11037a45d962830791bfdf018f
vcm_train_003810.wav,fil50_02777_ref_tagalog11_TIME.wav,edd5bf86b703a2a8337dbb0cdc2e56e3d0a4fc1da830eef632c53e2691207793
vcm_train_003811.wav,fil50_13575_ref_tagalog9_TEMPERATURE.wav,f27548f3daf872b9d668d8c2fbdf9bb26a9059a168a5b65911b53db8f6e3c6d9
vcm_train_003813.wav,fil50_01105_ref_tagalog1_STOP.wav,021c21d8a5c405f6f1c781f2c50435fb6aa14ce94450bfbeafdb89f55ef1a7c5
vcm_train_003815.wav,fil50_04449_ref_tagalog13_VOLUME_DOWN.wav,d095e89ca9c02c867b7f13b94186a94f31bb0a2b7f964f8c22d88b5ef77284d4
vcm_train_003816.wav,fil50_09394_ref_tagalog4_COLOR.wav,1a1a4130bfb1990dcaa763e0a66c00dde52d5ba0ce701d4d10cdf6080cba16ac
vcm_train_003817.wav,fil50_12785_ref_tagalog8_COLOR.wav,0f07f6ae7767d05f9ed269e866a16b4feea7557ca68c8c3604192c48f879f2b1
vcm_train_003820.wav,fil50_06916_ref_tagalog16_ALARM.wav,0ce13dc87516a068d534e723fbce768f2b108cf701543454821691699aef0fdc
vcm_train_003821.wav,fil50_03577_ref_tagalog12_STOP.wav,f009f1f2a731373bc515db81f81aebf1e9b21b46303ad579028f21953ad58920
vcm_train_003822.wav,fil50_00259_ref_ilonggo1_COLOR.wav,fd8707220d8cf9d1a88c677d7652d2e4e60b9222d0d79992adb6765d8bf923f0
vcm_train_003824.wav,fil50_10251_ref_tagalog5_NEXT.wav,80521371c6c65cf4691af575f5a206037e33bcbb7f8ba30547814fbcaa6a84c8
vcm_train_003826.wav,fil50_11934_ref_tagalog7_VOLUME_UP.wav,de1dd1ea09984d5f25edc4709bd44f7d294b35cc1b3a3d11d787096fd2cfc4af
vcm_train_003827.wav,fil50_02778_ref_tagalog11_VOLUME_DOWN.wav,85467c4ff5422737c82033c164a4b56c5761f747610cf06c3d0994ca83796fb9
vcm_train_003830.wav,fil50_01107_ref_tagalog1_ALARM.wav,5cc912a5bd223e326981ba0d490b6fe6bfde333886006ffa0f321a336563054b
vcm_train_003831.wav,fil50_07641_ref_tagalog2_TIMER.wav,fc9efc9f9a168218b94a3be4f37c2f4f147b2aaac6f0436342d8332727b520c6
vcm_train_003832.wav,fil50_04450_ref_tagalog13_TEMPERATURE.wav,2963e3ced65a6888b9c3f7f676fd37c7ed3b612d204f15cf240e3829a8a2888c
vcm_train_003833.wav,fil50_09395_ref_tagalog4_CALL.wav,f952aaf6cf67315f20ed7d7ceb8d24ebc73ffee89fb4e9fce9dff047c328ce6c
vcm_train_003835.wav,fil50_05300_ref_tagalog14_TEMPERATURE.wav,35f025a815ec172038047151a3c9a4f0e2936939b6693d15d76b9639429c4a61
vcm_train_003836.wav,fil50_06143_ref_tagalog15_VOLUME_DOWN.wav,b213b445f2ec6f6c32eb6bd46e67b2877dc55105e76aa62c1437df1df20dd1b8
vcm_train_003838.wav,fil50_03579_ref_tagalog12_CALL.wav,c3c51bfe18ae4fa4855756e27ab23249d774042f090ea2bd8ebc88e13d27023b
vcm_train_003840.wav,fil50_11097_ref_tagalog6_NEXT.wav,398288a2523dd37dd150407a414909d643b0fe8e9ac5c8f48f8d5efe37c57145
vcm_train_003842.wav,fil50_01947_ref_tagalog10_TIMER.wav,3d39418e111f521879bb2b2efba5e77939655301d1305564ef389d85890d85b8
vcm_train_003844.wav,fil50_02779_ref_tagalog11_MESSAGE.wav,47b94d8b5072fbef30e571df4ff9d2ff8b69c31f97b96e04fb50c9854ccc05c6
vcm_train_003849.wav,fil50_04451_ref_tagalog13_TEMPERATURE.wav,46e29eb9eb9b36abf0a2a17ddcbe7d09681d9e7dfaf5f22e210f5b4eb28fbb05
vcm_train_003850.wav,fil50_09397_ref_tagalog4_LIGHT_OFF.wav,0d20c603bd8e64901b6be82aa60a5f11a9b85214448c773d57f0a9f9c20f3ffd
vcm_train_003851.wav,fil50_12786_ref_tagalog8_LIGHT_OFF.wav,975157f8828212090ba4dd3da386980faf906118c4c3881d8c188783d9f1c024
vcm_train_003854.wav,fil50_06917_ref_tagalog16_NEXT.wav,75e902e6d34f01a407fbb2f92f9a0464c0066216c09f30a26aaa1b58da389fd3
vcm_train_003855.wav,fil50_03581_ref_tagalog12_TEMPERATURE.wav,bda884496fdcf45166c7fb97ff9f2d43c556e4a6913de0646fbeedb9ceb498fe
vcm_train_003859.wav,fil50_01949_ref_tagalog10_TIMER.wav,89eb00d3d01167139e13388ebbb38bd56e66b2fc909a9d292197884602751cbc
vcm_train_003860.wav,fil50_11935_ref_tagalog7_TEMPERATURE.wav,92d427f0417000fb5acfca5dda37d4b3a6aaa0b41b3655d9e68e67a497178d7c
vcm_train_003862.wav,fil50_13576_ref_tagalog9_BRIGHTNESS.wav,380b71cf95db737d4ff729d86c4dc7c134c4f752ab4ffa7c5bfc8a2f0cf70bb7
vcm_train_003863.wav,fil50_08562_ref_tagalog3_ALARM.wav,dc70b12dcd5f6292902e34cb8915db908fbdc04c4e4416249aa537cfddd02224
vcm_train_003865.wav,fil50_07642_ref_tagalog2_BRIGHTNESS.wav,7f8b0458f53861ab79be54721c9a8af8f7e5970aa82ee9cd7932d24dab746dc8
vcm_train_003867.wav,fil50_09398_ref_tagalog4_PLAY_MUSIC.wav,cad2ff22d5e5ca789cc09ca3ddf64f4e3146e61edf8676f02857d876593bcd00
vcm_train_003868.wav,fil50_12787_ref_tagalog8_LIGHT_ON.wav,cbd5316abde41f6e815d75c2f7ffd2f7bfa63645ea4d5a4fc85c3d7293114f47
vcm_train_003869.wav,fil50_05301_ref_tagalog14_NEXT.wav,1c19888fa8ff1a0532ac94af4ddc1699e66a7784c60ef1f8c27b4ed4b397e474
vcm_train_003870.wav,fil50_06145_ref_tagalog15_PLAY_MUSIC.wav,3aa70ac0ef986927558813cd2691ceb3b5e2f06bedc01b5ccaddc9c4337de1a6
vcm_train_003872.wav,fil50_03583_ref_tagalog12_TEMPERATURE.wav,3c7556680549112d9d5e8c8091775f5b4c401fb835e9b4ec1247752b1d2c3b5b
vcm_train_003873.wav,fil50_00260_ref_ilonggo1_TEMPERATURE.wav,2de695ba0242c4d573eead641dedeac6468c9ce18ac2eccd2a82568771506094
vcm_train_003875.wav,fil50_10253_ref_tagalog5_LIST_REMINDERS.wav,0941c654408ecb1b0b60a4ad6f66bbd57bc8760fc4ec6e1fc2bb375f0ca4ad25
vcm_train_003877.wav,fil50_11937_ref_tagalog7_TEMPERATURE.wav,398da59def453fa773e713e91c335e5099d8e781762572c5f100f4f32cf3e0dd
vcm_train_003878.wav,fil50_02781_ref_tagalog11_ALARM.wav,e282859cd00cdecdf3837d166513afe50eb266e089606da1d6669f95e725b9c8
vcm_train_003880.wav,fil50_08564_ref_tagalog3_PAUSE.wav,6aba8d6432edc5745ad63fe6310f5ac377c578885af0d2ca0877e0079e7d4740
vcm_train_003881.wav,fil50_01108_ref_tagalog1_NEXT.wav,b8e419550dbe2646bcce53fb75f7b08e8cba7b99c7414776ab73ef7d600b59d3
vcm_train_003885.wav,fil50_12789_ref_tagalog8_LIST_REMINDERS.wav,5664a1748d0b714123b6dd9e13a3c7288912b8749169646d9ae3896a46ef4ba9
vcm_train_003888.wav,fil50_06918_ref_tagalog16_VOLUME_UP.wav,0c89dfe5bf19330752a9280fe073130cd66f1dfd250f377143ed9b6a968dd061
vcm_train_003890.wav,fil50_00261_ref_ilonggo1_COLOR.wav,77881d70731b0c16458c07fc5a3e8f6c6f93d3efe16ca5dce392583ab7179066
vcm_train_003892.wav,fil50_10255_ref_tagalog5_BRIGHTNESS.wav,dbf619d69d5b40d836b01c27de126734429d85efad54ca99344928226865addf
vcm_train_003893.wav,fil50_01951_ref_tagalog10_PLAY_MUSIC.wav,e649640638b96f78ba06a0c17c38fbd70576b89ed6eae1cee761a974f05a9e57
vcm_train_003895.wav,fil50_02782_ref_tagalog11_WEATHER.wav,6e59339e74952d9a7a3d0c6c12f8a7e740914a2e60690fb206eef95a57c4ec48
vcm_train_003898.wav,fil50_01109_ref_tagalog1_CREATE_REMINDER.wav,9375424017c49ef77e63eb02993b264d4a8f4dfbaa2bbc73f4a20b889896b4e4
vcm_train_003900.wav,fil50_04453_ref_tagalog13_BRIGHTNESS.wav,0e179b1b00b987447698e7fe32565cd1f53b47bdd4976b15c8e9f1735eb7fa5a
vcm_train_003903.wav,fil50_05302_ref_tagalog14_CALL.wav,2ac3867568efb8f27a64575e4e31db03eda773fcb2efc081b84dd27ce074131f
vcm_train_003904.wav,fil50_06146_ref_tagalog15_LIGHT_OFF.wav,5da1d8db3939c259d9b7063f3fbf3686f9baa0016b3129a712863f54cf6b2ac5
vcm_train_003907.wav,fil50_00263_ref_ilonggo1_COLOR.wav,b1ef2bf039223ce538d9ed2e49734dc15507da8223c1ceae063efed5fe637ada
vcm_train_003910.wav,fil50_01952_ref_tagalog10_TEMPERATURE.wav,86651f83bef0120d919fc36e9f234ef5b9ac25a1a000643bbd35a59a87600bd5
vcm_train_003911.wav,fil50_11938_ref_tagalog7_LIST_REMINDERS.wav,b932b5fd0336d20e1fae25516802204a7c8c6c2f566ab1aa3f5f07cc21fbea29
vcm_train_003912.wav,fil50_02783_ref_tagalog11_NEXT.wav,0cf9d563f1f4bb537f0c3fc81e2abbf88a6821836ee1cc4035b5d69cfe16162f
vcm_train_003913.wav,fil50_13577_ref_tagalog9_BRIGHTNESS.wav,891d8391f8c07a96dc82214f74c874a235225f1a03d91266a22a661dffe853aa
vcm_train_003914.wav,fil50_08565_ref_tagalog3_VOLUME_DOWN.wav,298b050acccbcdacff693abbe03bcbf554f450e04558179921abfed3f6e54c56
vcm_train_003916.wav,fil50_07644_ref_tagalog2_VOLUME_UP.wav,120c6f039ec8af2bf3afefada65852ff242c3217641facb4e1d03670e57871fe
vcm_train_003917.wav,fil50_04455_ref_tagalog13_ALARM.wav,6612882791c07fdae8f52a64588a071ed960a24f7a7a765c3584fd4a083d027e
vcm_train_003918.wav,fil50_09399_ref_tagalog4_MESSAGE.wav,b18ba52c51250e0651259d0054a4a97125be5603a5c828a951888c5214f47b3f
vcm_train_003919.wav,fil50_12791_ref_tagalog8_PAUSE.wav,a0df8a946cd0d81e5a44067cce9271d0592a44a37f2b665bb26e11ed23f9f839
vcm_train_003922.wav,fil50_06919_ref_tagalog16_ALARM.wav,3f4a4a26d54fb917bc7f0c03f0eb43269314abedeaa48618fd88c9fb6f20defd
vcm_train_003924.wav,fil50_00264_ref_ilonggo1_CREATE_REMINDER.wav,9601beb7855977f8f477c2836bd7edfd358194bab95db6c91312c2b37d179a46
vcm_train_003925.wav,fil50_11098_ref_tagalog6_TIME.wav,a98d249f0ef79b26b8bba28bd578484e1de0ddc6fb76e690d7de74ab839bd739
vcm_train_003930.wav,fil50_13578_ref_tagalog9_LIGHT_ON.wav,ee215a856dba8fafcf2a6016739efa8fc32478bdb0826623f88c621592ab63e9
vcm_train_003931.wav,fil50_08566_ref_tagalog3_TIMER.wav,c6001989ec49110bb8390b2472891c2c45b93ceeeb8a282f4e8a38aba2879a67
vcm_train_003932.wav,fil50_01110_ref_tagalog1_COLOR.wav,f6d7b98d3386d336cf0eaac47fc6b14d64d7311518152d04c37aea3ca31c7847
vcm_train_003933.wav,fil50_07646_ref_tagalog2_WEATHER.wav,8829ff06532627fab833c0e29c9a2b960a3b92463a2e7dfb183e580de49477a2
vcm_train_003935.wav,fil50_09401_ref_tagalog4_NEXT.wav,60b42a86c68c41fd98f3f09dfd951bc09067859f9d3fd6e6ea95eb879ecb4d64
vcm_train_003937.wav,fil50_05303_ref_tagalog14_COLOR.wav,09efa8090e2e1e73f8cffe8b78909515c1161fbfab8495e6c9293e0f15bd2701
vcm_train_003938.wav,fil50_06147_ref_tagalog15_PLAY_MUSIC.wav,f10e2d88136402b2c80f1b6667407235d3f686d62f4040966b25113a59d7e895
vcm_train_003939.wav,fil50_06920_ref_tagalog16_TEMPERATURE.wav,e118de90037a507e57df88d79390e80b08b30a4395db78af6966831935b26d5f
vcm_train_003942.wav,fil50_11099_ref_tagalog6_ALARM.wav,170ca5ad1c6ce2197c5af1202c8fdb248875c93e7129f90db60670300f5101c7
vcm_train_003943.wav,fil50_10256_ref_tagalog5_ALARM.wav,84955dd8b31055cfd5b7d5eb66c3ca94e602b6e03b07a3987a15a81fd44e07cf
vcm_train_003944.wav,fil50_01953_ref_tagalog10_CREATE_REMINDER.wav,d05a1ed6e1fcb3e7c4199469fce981cd7b81560410f43d7c4bf4eec49eb2385c
vcm_train_003948.wav,fil50_08568_ref_tagalog3_ALARM.wav,939b86c72e593fbbc237a95891e5ddc95fb23ed525eefaf53caf49748b5a5572
vcm_train_003949.wav,fil50_01111_ref_tagalog1_BRIGHTNESS.wav,9f5f1e344aca6e74f508b7e94fe27b9f73470629a78ebeed469ea7a6699e2d7f
vcm_train_003951.wav,fil50_04456_ref_tagalog13_MESSAGE.wav,fc58181e2f49899337737935b90ebd567cf34f95c5a0fc41c8da2e631d608221
vcm_train_003952.wav,fil50_09402_ref_tagalog4_ALARM.wav,afd5b46852d60727c8c7dfbb656d65c871c1f3f2ef8b1b85d62f231f8cdbf799
vcm_train_003953.wav,fil50_12792_ref_tagalog8_TIMER.wav,d3674532cc31e502c1a948b919f229919e905182e6134464df3a10debdbf3b23
vcm_train_003955.wav,fil50_06148_ref_tagalog15_TEMPERATURE.wav,60f2983a3d7bd91664104868cf2a503acf0c8eb58df0d13cb0fc61dc26f40548
vcm_train_003959.wav,fil50_11101_ref_tagalog6_LIGHT_ON.wav,35b332b8f9827f4713064c04194acc4ac63121f45f1bc969717b87076b058682
vcm_train_003960.wav,fil50_10258_ref_tagalog5_ALARM.wav,6b2874d12269178091ae890abfb36b6266687ee6a38d4d175f6109ba5ac57082
vcm_train_003961.wav,fil50_01954_ref_tagalog10_TIMER.wav,edeffb9a6d47c95c8a9fe3b0ff7cbfd6452689356ec93f966f70f98e27d9931f
vcm_train_003962.wav,fil50_11939_ref_tagalog7_MESSAGE.wav,3e0092f0013ebbd71cd4f6eadf7ae761781669220ab487bc45423c617e706106
vcm_train_003964.wav,fil50_13579_ref_tagalog9_COLOR.wav,2432db02f680fe1748c850c2ca271968a482cd183e6bfd966652723527ac14af
vcm_train_003967.wav,fil50_07647_ref_tagalog2_TIMER.wav,d1fa0243b39d8f1d5dc62b4395b07e2d9b622e28cacffe2cfea1af48ef5a52ff
vcm_train_003969.wav,fil50_09403_ref_tagalog4_PAUSE.wav,8fdf45d94c138051723cd96a92f39a154d921f11d72c7f64cf9f2381a94c0a26
vcm_train_003970.wav,fil50_12793_ref_tagalog8_COLOR.wav,d836ed29bd2643369dbe92aeee8d3045fb14e87e9adc5a6e12221d0d2220cbc9
vcm_train_003971.wav,fil50_05305_ref_tagalog14_COLOR.wav,5464757fd86dbad13ddfb1c9cf33f4590cc8dd27d599b8f0e3a4d8e51eecaef0
vcm_train_003972.wav,fil50_06149_ref_tagalog15_TIMER.wav,4270910becb10512c7e66394055730f0061bc7dd2a8abe9cc7bfa1de92ce4948
vcm_train_003973.wav,fil50_06922_ref_tagalog16_BRIGHTNESS.wav,7777b6959a3d8b474f142b1d9ae524164ca0f746260788ffee4b35abb3a47b04
vcm_train_003974.wav,fil50_03585_ref_tagalog12_PLAY_MUSIC.wav,da3e50ae1f213bc15cb4d456f94ab58eef95f354dc524806bb296dd610822406
vcm_train_003977.wav,fil50_10260_ref_tagalog5_ALARM.wav,1a4ded1b726ef90baad2630fe568234ace2ad6b45a0b3bb2fd296c1b3916cc3a
vcm_train_003978.wav,fil50_01955_ref_tagalog10_CREATE_REMINDER.wav,1a6b84735f7dcbbbe1b2b4dca2497a805485f71bb59994513706f890e2209e91
vcm_train_003979.wav,fil50_11941_ref_tagalog7_TEMPERATURE.wav,0eba21bec88290bbd6553ce830ece889ac58f4f7797769d7abe1b20f2211aa36
vcm_train_003980.wav,fil50_02785_ref_tagalog11_CREATE_REMINDER.wav,26c69529b2df57b521860232d7422b5a5723a8c21eb581f27e8b9c4912efcfe4
vcm_train_003982.wav,fil50_08570_ref_tagalog3_TIMER.wav,52aef36a1775efadd983c40e3c58f39459581fa8ea25fa02593b60f8e28724a5
vcm_train_003983.wav,fil50_01112_ref_tagalog1_CREATE_REMINDER.wav,d7ef513644e189de04a43e9c3796fbe8b3bd11787ceb170b20e198bdb130e94b
vcm_train_003987.wav,fil50_12795_ref_tagalog8_STOP.wav,6d690ae2206b0a6628690d24426526c36eb5fbb962ac57e6e12dde9d3c13999b
vcm_train_003988.wav,fil50_05306_ref_tagalog14_COLOR.wav,8bfa0bb71a7e5472a64d043936cea51a3895fa30dca5a0a01241c2b450d5c5ba
vcm_train_003990.wav,fil50_06924_ref_tagalog16_LIGHT_ON.wav,a8bb9e9d9689b7ec81eddfbb8f5f182a7f6860a873993de14a555f48e9388ec1
vcm_train_003991.wav,fil50_03587_ref_tagalog12_CALL.wav,dfc97d4f2c19544636b5ef434a913a26c89acf56f5879592b874dbdb85628b0c
vcm_train_003992.wav,fil50_00265_ref_ilonggo1_TIME.wav,5b277d39a5b8f7bedabbc987a6bc9a7e839922fa59aebf224e76e8118816cca9
vcm_train_003994.wav,fil50_10261_ref_tagalog5_CREATE_REMINDER.wav,4c7ab900d0ffd3dd0999d54e349120d8d85207e84f19d6b98e65cf3ec7bfbfe3
vcm_train_003995.wav,fil50_01956_ref_tagalog10_ALARM.wav,c6a562bef2796a48e2e00f83719354125b60f0be3bb5fd96f904535e0669a974
vcm_train_003998.wav,fil50_13581_ref_tagalog9_MESSAGE.wav,1c257542d61a967ef21ed035ea0a9088b7982cd21c2ab77a50ef127a5641aedd
vcm_train_004001.wav,fil50_07649_ref_tagalog2_LIGHT_ON.wav,69b96f947720c462f487930f7bad119308b9f586b3908990abac69ea92ed8da7
vcm_train_004002.wav,fil50_04458_ref_tagalog13_LIST_REMINDERS.wav,06d090f526b4cc9fc1045d7ed173145c85844b77771629430a61353bdda7dbf1
vcm_train_004003.wav,fil50_09404_ref_tagalog4_VOLUME_DOWN.wav,64389b6b8eed32007aacd29809db08b2e9fa27016e000183cafb7bc3613e697a
vcm_train_004005.wav,fil50_05308_ref_tagalog14_TIMER.wav,15f96d5b16acb9e80afc79ba61925af28d9a7dd843c57c1438553953e6ce65b4
vcm_train_004009.wav,fil50_00266_ref_ilonggo1_VOLUME_UP.wav,61ae3d2cdba213fbb6a95f319d9eed44cc17d559a51e239527060d82a4982bc7
vcm_train_004010.wav,fil50_11102_ref_tagalog6_COLOR.wav,c8b6471f7d29b36fa5da4215a6ea1e151833663c1866fb4a40d25e1aefcca16b
vcm_train_004012.wav,fil50_01957_ref_tagalog10_VOLUME_UP.wav,3b168a7bc8aa1bde3f9de8b4bbaec13ce4479213473603599f28dba731f9a20e
vcm_train_004014.wav,fil50_02786_ref_tagalog11_LIGHT_OFF.wav,660a3a60e33ee89c15f85552593dc7d2e1c45e3f0ebe5266f2c53110ca97078d
vcm_train_004016.wav,fil50_08571_ref_tagalog3_VOLUME_DOWN.wav,d173cb4c6c16cc9ff3babd4418ae949e473f12e72774fd32440d67fc001d0921
vcm_train_004017.wav,fil50_01114_ref_tagalog1_TEMPERATURE.wav,d00671503f9a7e5f5e5b59474bab23773b74834a9583a02add5ee67b8a40c334
vcm_train_004018.wav,fil50_07651_ref_tagalog2_CREATE_REMINDER.wav,6f17eab7108ddb6ef4ec59d794b7830623e1fb2070e6fb587e4f9d4106421be4
vcm_train_004019.wav,fil50_04459_ref_tagalog13_LIGHT_ON.wav,58c4f5c577b54be9fe63bba75da5146a0cd306bd383913bb6e5610dc5af2b24b
vcm_train_004020.wav,fil50_09405_ref_tagalog4_CALL.wav,2fa3f65a8227ef843e2d4a94ea5d0d5a488962d0a2d35b7742fa6572614c4d8a
vcm_train_004023.wav,fil50_06151_ref_tagalog15_CALL.wav,7c82ed68f8ff70f06d8a0a45ddf58c65719308117d346aa06216690189e55846
vcm_train_004024.wav,fil50_06925_ref_tagalog16_LIGHT_OFF.wav,40f78c85af02a326b936ccfd4c54fbc35b371178b5e3237155ce346429959ba5
vcm_train_004027.wav,fil50_11103_ref_tagalog6_STOP.wav,a925c5ace82773adfbf777a4bee1a669ce93686490908c10550a07d7a162b307
vcm_train_004029.wav,fil50_01959_ref_tagalog10_COLOR.wav,dc6bad804fc7564ce687de2a03758c0995732e88199906ba96d53f51bd6d092a
vcm_train_004031.wav,fil50_02788_ref_tagalog11_LIGHT_ON.wav,aeebae27b676af5b6c0af28238a867df2f48f1bf24822310921c137a9a70bea6
vcm_train_004033.wav,fil50_08573_ref_tagalog3_LIGHT_OFF.wav,0421c76d971f0ad7f74846c5d1e02cae65f62744437dc624644a91be2ed15742
vcm_train_004036.wav,fil50_04460_ref_tagalog13_TIME.wav,d914fbb41ecedc5c682ad95f6701100287e7381fec01b905ea803595c28b6428
vcm_train_004037.wav,fil50_09406_ref_tagalog4_PLAY_MUSIC.wav,4605e47475bae46cd7a19cc1ee6209c6b79719f2e50ad9ce40be2374362c619c
vcm_train_004038.wav,fil50_12796_ref_tagalog8_PAUSE.wav,ca8c0ee4678aa89b4484f0212a3bc0742c2855408a51cc5121a65cc44e3f4c16
vcm_train_004040.wav,fil50_06153_ref_tagalog15_COLOR.wav,7917a1383169b427400ebf05a1fbc1276f83590ca911b678c7de23a2bf89d6da
vcm_train_004042.wav,fil50_03588_ref_tagalog12_NEXT.wav,081dc1679069d004ec27e4827f683935ecaaa9ef135cc61a4c1b5fe187be9956
vcm_train_004043.wav,fil50_00267_ref_ilonggo1_CREATE_REMINDER.wav,cf084bb4586777b02bd3b3c92771237bbff057a26bdbb98004e802b6aeec3f1f
vcm_train_004044.wav,fil50_11105_ref_tagalog6_NEXT.wav,dd33c8b4d283e7fe226768b500afaca5e4aa43848e11649ba76832024bb05eee
vcm_train_004045.wav,fil50_10262_ref_tagalog5_NEXT.wav,aa243989fa0072576b7b8e5e2b66ff66af7797c876b7b54e2fe42e2770a1a382
vcm_train_004047.wav,fil50_11943_ref_tagalog7_NEXT.wav,45fd99866709e0ba27267b066106718b5a63e3269826549bfa91a6f5a6c2b0b7
vcm_train_004050.wav,fil50_08574_ref_tagalog3_TEMPERATURE.wav,c4db356da8c357a431a2210335cae2a72af1f25cec44bb52233cddbe829269d3
vcm_train_004051.wav,fil50_01115_ref_tagalog1_NEXT.wav,303833f47adf43618ebcb45fa1e77481575a735a6c35d0adb9f809d14705bc07
vcm_train_004053.wav,fil50_04462_ref_tagalog13_VOLUME_UP.wav,938012ae18efe509b455453bfc23c884d36c8854240a9e61a61c0cbcab46f1a6
vcm_train_004054.wav,fil50_09407_ref_tagalog4_COLOR.wav,85b8c81ec30a92c5131cc08d009cf00997554e78d880452d6bb3e44764bd10e4
vcm_train_004055.wav,fil50_12797_ref_tagalog8_TIME.wav,8ddad21d5a374f8325cd0b28c98d17385aea2910ee68f684c6c32940d4f4fb2c
vcm_train_004056.wav,fil50_05310_ref_tagalog14_VOLUME_UP.wav,b21f097e63001727f9a7e052000c30cc591b1fe35a577771cb3bebbdf992153e
vcm_train_004057.wav,fil50_06155_ref_tagalog15_VOLUME_UP.wav,ada5d1c09718207dd0dd5334695c67e5094db4b7bd72c087679e4c97d10446be
vcm_train_004058.wav,fil50_06926_ref_tagalog16_PLAY_MUSIC.wav,db17b57786569a38c332958ee21433dc8106ef9edf8bb9be4b9cf533781731d1
vcm_train_004059.wav,fil50_03590_ref_tagalog12_TIME.wav,a1f8963b6fc264f69755a6192775ca9008ec830ea49b52553d75c578a2bda4b0
vcm_train_004060.wav,fil50_00269_ref_ilonggo1_STOP.wav,39579d54d999f1a989d4a325176c3e8eab92561b82ae37ec14d12fab1fc3561f
vcm_train_004062.wav,fil50_10264_ref_tagalog5_COLOR.wav,c603b7f316964f7f63c2d4c6ad9975fe041fe8c4356275bfd105b6d1cee035b2
vcm_train_004063.wav,fil50_01961_ref_tagalog10_TIMER.wav,430fa3166ba1d370ca340f400bb85beeb332c46d5c56207cee3e83d91d5786f6
vcm_train_004064.wav,fil50_11945_ref_tagalog7_PLAY_MUSIC.wav,653bd1d57bd80326a7f405013e061c5b42d8bc93ecf68acce7907b3fd5b37b68
vcm_train_004067.wav,fil50_08576_ref_tagalog3_TIMER.wav,5281a52ef04910924241cb29d934031fda345277ecb06802f0477c5d89362d00
vcm_train_004068.wav,fil50_01116_ref_tagalog1_COLOR.wav,fa3942b311ea1ba898cac5cdc94bf3a5407a9a16c9885b7b9bf60829d44742f6
vcm_train_004069.wav,fil50_07652_ref_tagalog2_BRIGHTNESS.wav,ea8a90b72ee80e574ac286693fd3ee58df4dec04b9169df160239cb501f25e96
vcm_train_004071.wav,fil50_09409_ref_tagalog4_TEMPERATURE.wav,b357dc5125456972a4a696c151b44433a697198fbcd15cbd2abf9bebe462350d
vcm_train_004072.wav,fil50_12799_ref_tagalog8_BRIGHTNESS.wav,2cd85bf668477dac86ae17529e35fd7282cc7027a8dae04ae92146e98c398e4c
vcm_train_004073.wav,fil50_05311_ref_tagalog14_LIGHT_ON.wav,61ea13ce1f88940e6beed7c79c99636c15a4de282951ad43189070dcb701d276
vcm_train_004074.wav,fil50_06156_ref_tagalog15_TIME.wav,2e9cec2a7921b0720192762842ff958f51f779a83ed20c0323001e8ad5788dcb
vcm_train_004076.wav,fil50_03592_ref_tagalog12_ALARM.wav,b5e7d17cf567e763a6f9ddbc008b540da14825187c42839fd3f6adec965585da
vcm_train_004077.wav,fil50_00271_ref_ilonggo1_TIMER.wav,af6fb15c376492b4dd816d5f5057c1fee7975d6171f597d3baf3cc225abc82bd
vcm_train_004078.wav,fil50_11106_ref_tagalog6_ALARM.wav,01991422db5a3e1508960522c84a22106b5ff0d0a9ee120daae76907b8b66a0e
vcm_train_004082.wav,fil50_02789_ref_tagalog11_PAUSE.wav,b03005f881a90d8cbf98e3bc35155df6d1f63400341caac0628860ac5ce2541d
vcm_train_004083.wav,fil50_13582_ref_tagalog9_TEMPERATURE.wav,80b217dd5a50563f57b2f1b8bbb221683bc65325d821650f02818c8bdd91d67e
vcm_train_004084.wav,fil50_08577_ref_tagalog3_STOP.wav,f558bf92a5dbd61f78f483e459a7ec89964f6b6fbd3b05aca3f4113ca6972108
vcm_train_004085.wav,fil50_01118_ref_tagalog1_COLOR.wav,2d92bafa93be7942f268d46099af71b7563106b250e20dab96e9876e12c5cbc9
vcm_train_004088.wav,fil50_09411_ref_tagalog4_TIME.wav,5d3d7074e80bfee9d7353deac8e140f45423dd9e78774ed0c114dd357c5b94a6
vcm_train_004094.wav,fil50_00272_ref_ilonggo1_TIME.wav,94757dc1c5718cf811e41cbb5cce800db6e801bbb291d15057a0c4ec3ef703d8
vcm_train_004095.wav,fil50_11108_ref_tagalog6_MESSAGE.wav,1cdd8c4a3bf93bb1eba57f951a3b7544bef6a43da492025d8431cd501498bd4c
vcm_train_004097.wav,fil50_01962_ref_tagalog10_CALL.wav,f67d60ae833886b4450870b1693ebc8217ce0ceb76c0294e473e9772ab9703de
vcm_train_004098.wav,fil50_11946_ref_tagalog7_BRIGHTNESS.wav,f15b999237a758ba9be8d512b2dab89d9bb84b8a1b2d82cb6a240c082b1ff73a
vcm_train_004100.wav,fil50_13583_ref_tagalog9_COLOR.wav,29ea98637228abc5b269f4e94b238c34a12fd6c07f92206391390db716db5188
vcm_train_004104.wav,fil50_04464_ref_tagalog13_COLOR.wav,25cc5319b1337d1ab571926914bd90859e88d4c9b02af0d95089862a25c7d5c1
vcm_train_004107.wav,fil50_05312_ref_tagalog14_LIGHT_ON.wav,70def040f0409e34440b337ef1cd70ab41b7f5aff7675e6fafea3d098208320f
vcm_train_004108.wav,fil50_06158_ref_tagalog15_TIMER.wav,1c580c526bbed8a3e8b8a83bd8d734cd92ebf4c33b50946fc2f92caf46ab52c1
vcm_train_004109.wav,fil50_06928_ref_tagalog16_NEXT.wav,d601a4d25187fe34ae7c3097228e7d7bd47577cb05a9d9e255b06bb7ecd59c7f
vcm_train_004110.wav,fil50_03593_ref_tagalog12_ALARM.wav,829ad2fb4be1600f5d41f771ddbaf228786ba47b13242df70ccad326f9616811
vcm_train_004111.wav,fil50_00274_ref_ilonggo1_ALARM.wav,57da95a78b3c451db770927df85ccc87f3c3e7c1ae3d5986887bdf8a1e971cf8
vcm_train_004112.wav,fil50_11109_ref_tagalog6_CREATE_REMINDER.wav,7cd51581dbbf6bea4b3140920885b45c06279b750f07c67f3bd1cca8a0084674
vcm_train_004113.wav,fil50_10266_ref_tagalog5_MESSAGE.wav,ade3c563a00b4d68f39e36f8ef9823b9048059ba552d9ffdb8058c057601e2c6
vcm_train_004114.wav,fil50_01963_ref_tagalog10_MESSAGE.wav,8a597df45dbdf2bdb08f7fc9542e5c72c1e13684360587466844334e237ee9e9
vcm_train_004115.wav,fil50_11948_ref_tagalog7_LIGHT_OFF.wav,e55afbbbc6b0de326dbc90221e641243de37d415d245c96310439dbf88a5c23f
vcm_train_004118.wav,fil50_08578_ref_tagalog3_PLAY_MUSIC.wav,f586e23d3cf6ae471d1ec3f1649848032eec8bbfe01dcbe291d71a9b62ead6d8
vcm_train_004119.wav,fil50_01119_ref_tagalog1_BRIGHTNESS.wav,e23e9b7ac2ba5cd25c86b765d4e5daf49fb1e16614f252c06a9329cb608066d1
vcm_train_004122.wav,fil50_09413_ref_tagalog4_COLOR.wav,4b903b82e0d7cd1d795316d3166c0b055d45419aa5d30901fb474c7b51ac9dd3
vcm_train_004123.wav,fil50_12801_ref_tagalog8_TIMER.wav,f3e5101f83740e2a79e2e7601ad61d0bf3d097b107c9f618aef230339b5f2206
vcm_train_004124.wav,fil50_05313_ref_tagalog14_BRIGHTNESS.wav,11a2ef2a6f0ca6bf030cfa4b022910ed95951893a5f6552263d0999da12247c4
vcm_train_004125.wav,fil50_06159_ref_tagalog15_NEXT.wav,600a0eb7150bf605118403efd610c97a037c6b926b521f8217ed12e6014905bf
vcm_train_004126.wav,fil50_06929_ref_tagalog16_TEMPERATURE.wav,651836ecee53a487369a35359a925bf78a8f1c8f343903227de4b6544c5993e1
vcm_train_004128.wav,fil50_00275_ref_ilonggo1_PAUSE.wav,ce1b389a6815e0abc0f164262f71ed5b8960b224e4c22adf5dee9fc541dff227
vcm_train_004129.wav,fil50_11111_ref_tagalog6_NEXT.wav,63969157cd968494ccad74a2af8b29c641a96ce8280dc44ae3abf4ed2e056360
vcm_train_004130.wav,fil50_10267_ref_tagalog5_LIGHT_OFF.wav,e004e3cd12ebe54262c246a7559715fa404b68cc857c1bab286896b5bc4596a4
vcm_train_004132.wav,fil50_11950_ref_tagalog7_BRIGHTNESS.wav,c83dd9010ca1f84698efbf493da3b66ee8affec54f7df7a4015cbbd50a09a792
vcm_train_004135.wav,fil50_08579_ref_tagalog3_VOLUME_UP.wav,e2036c956ddad36cbf390717d4bd037a401bb6eee7a519400127b09192fbd6ec
vcm_train_004136.wav,fil50_01120_ref_tagalog1_TIMER.wav,fdd2bbf09de8a14b5d3e2aa76b75844c36196e0647a8526e3606def831b0423d
vcm_train_004137.wav,fil50_07653_ref_tagalog2_TIMER.wav,2be47e474f8b014ec2eb5280487f2aa59bbe1af97834e11925a9c36864e2ccab
vcm_train_004138.wav,fil50_04465_ref_tagalog13_NEXT.wav,e716e262caaaad8a9a4473391e0ba0be7cbc3958827abb50dc118eeb30a5674c
vcm_train_004139.wav,fil50_09414_ref_tagalog4_TEMPERATURE.wav,64fc114cc6d2da0ae6386ee38c2455aef4a313a6f125507a6190e56989c77e20
vcm_train_004142.wav,fil50_06160_ref_tagalog15_NEXT.wav,cc42ed6df796f8ea2a67610cc99cf528abbb0b1128741292d51d60d9daf13235
vcm_train_004143.wav,fil50_06931_ref_tagalog16_COLOR.wav,0c3d8218989a460d7ccabc8ecd301bf4428922eee68580d846b076f4045b663b
vcm_train_004146.wav,fil50_11112_ref_tagalog6_NEXT.wav,f3cd0cd1ddc958d48aa08eaaea8305e2ea1a938d9452cef5056c15cb0634354d
vcm_train_004147.wav,fil50_10269_ref_tagalog5_CREATE_REMINDER.wav,881941391bbcb5d8e4b0b460b9b13dbfb20c0cfe7c33d665cb41c91f251af6a4
vcm_train_004149.wav,fil50_11951_ref_tagalog7_ALARM.wav,417b398ed99add667485cb2afb1a4baedb7e069d9ef48486b08381318082d385
vcm_train_004150.wav,fil50_02790_ref_tagalog11_STOP.wav,286d2fb8e8d89d611349de60ff95a6efbe21f024a73dae86cbcf7e7a9beb99b5
vcm_train_004153.wav,fil50_01121_ref_tagalog1_VOLUME_DOWN.wav,d77d3bbba18a5ad5a6da938880d1883fc6161653c665f226973e4d478e808b4c
vcm_train_004154.wav,fil50_07655_ref_tagalog2_TEMPERATURE.wav,d110777bfd504a137c37d99409ef84f9d2d75f99cb58f9393f5e7681b086aad4
vcm_train_004155.wav,fil50_04466_ref_tagalog13_ALARM.wav,20f495e8923237a9a37d277a79c7f02ac4cb6e0afca3d9bca4f73706a2d78b61
vcm_train_004157.wav,fil50_12803_ref_tagalog8_COLOR.wav,83ba2befcd171f10d9a38dd2854894238caffa5bf5f3db3b441ed01271041b88
vcm_train_004158.wav,fil50_05314_ref_tagalog14_TIMER.wav,273c1aee69b274d05720e0e3fdb7bc4ecefa82fdeaf06a3524c7bf1a2577afab
vcm_train_004159.wav,fil50_06161_ref_tagalog15_LIGHT_OFF.wav,b6825ca0aa92e099d158839754addcca5b68337634270ff960f08ba54decc98e
vcm_train_004162.wav,fil50_00276_ref_ilonggo1_CREATE_REMINDER.wav,1c438bfb1dd53d56c0c443fc02e4331ccb59314b8ea9242f01fe3d54ed69bbff
vcm_train_004164.wav,fil50_10271_ref_tagalog5_ALARM.wav,dfdfe6f3e8314c71935caffcf23436d64e1805cd129a4e99ebe85a960fdf740d
vcm_train_004169.wav,fil50_08581_ref_tagalog3_BRIGHTNESS.wav,2ee5a29aa4a7089437c99cc4d1fe4a5fa6189f6c12bdaf826a510a0eeab09a52
vcm_train_004170.wav,fil50_01122_ref_tagalog1_LIST_REMINDERS.wav,03bdfb354f76b7a54357a8eb3f4f8c1972f64f255f46dd8c596bb84eefabd695
vcm_train_004172.wav,fil50_04467_ref_tagalog13_STOP.wav,f44732b9a028096610c363b0ac4ad5216d2d7df787784d4690a882dfc8b18ae5
vcm_train_004173.wav,fil50_09416_ref_tagalog4_WEATHER.wav,b8982f7afb815df20d4969092ac3c0e1d385117750ea9c20623b79b00ad9ed29
vcm_train_004174.wav,fil50_12805_ref_tagalog8_COLOR.wav,bbe63ef807ab51a5bf4807a41c34b7336215011bcfaa28fd085bb4b2a3c63ae9
vcm_train_004175.wav,fil50_05315_ref_tagalog14_LIGHT_ON.wav,ecf3b30bb800e73ce14566118ec7dfaecad8443e41371d9733388f5f09a03856
vcm_train_004176.wav,fil50_06162_ref_tagalog15_TIMER.wav,144cdd6853c5c05990a924399dc8f867af4deea2e59fbb10c5d429caaad8b314
vcm_train_004179.wav,fil50_00277_ref_ilonggo1_LIGHT_OFF.wav,a260f74f2841e48d422b10f710ccaa65f2953bdccac9259f32d32f9eafeff739
vcm_train_004180.wav,fil50_11114_ref_tagalog6_TEMPERATURE.wav,25490a0752aacdd8157f2990c31f1ecc7fc95f9ce9b961dee96ccfce427a8ff6
vcm_train_004182.wav,fil50_01965_ref_tagalog10_BRIGHTNESS.wav,73455e63ccfa03511a6aac2850f1291d3abc7fdaa84276aacb70f9a8245c13ae
vcm_train_004183.wav,fil50_11952_ref_tagalog7_CREATE_REMINDER.wav,1c4971043f4566c28fa19a7f59524c2c0edfe07f10c4cdf07676f112539fc406
vcm_train_004184.wav,fil50_02791_ref_tagalog11_ALARM.wav,b01f3e1c4621a62d5c4e86d2fe0018d8b6b0914f6ca80ca1f2eb0d2642c6c1d9
vcm_train_004187.wav,fil50_01123_ref_tagalog1_TIMER.wav,9e1669bb99b18ab52f7b07340e144169421dce553a0332a8966b3b2a051bd5b2
vcm_train_004189.wav,fil50_04468_ref_tagalog13_TIMER.wav,384c54d0fd495d09f650ecfd8d9e9aa05c672f56510e41438799bf5b619c857e
vcm_train_004191.wav,fil50_12807_ref_tagalog8_COLOR.wav,40117350e12f06380c7ab5638d242cc9ad61a2cb691c1341e29856677a1744c6
vcm_train_004193.wav,fil50_06163_ref_tagalog15_NEXT.wav,6654974f8b3176fdd501d656afeb874d2c58ecad2ba598bbafdd74fc3fdae3b1
vcm_train_004195.wav,fil50_03595_ref_tagalog12_TIME.wav,e82ea317da4441ca73a4c25266e13da10b140872eea5fe52e3c9c8e67ba84429
vcm_train_004197.wav,fil50_11115_ref_tagalog6_ALARM.wav,12ded24cea62192dfb53bf14602cbda5f4c8c8bc5a6484527c9495b028dff976
vcm_train_004198.wav,fil50_10273_ref_tagalog5_TEMPERATURE.wav,3b3c1657831eb254aae13d4837570f441ba91f0c9d1a203ca2d074a189964ead
vcm_train_004199.wav,fil50_01966_ref_tagalog10_BRIGHTNESS.wav,3a954b04b3aba113ca1617ea5c548d4e35effaa457eedb5d0a1576f6fffb7c36
vcm_train_004202.wav,fil50_13585_ref_tagalog9_TIMER.wav,f5149db145e7051a45fe1e07fd9ad80455daa17976a2c081b39609ba997fa28a
vcm_train_004203.wav,fil50_08583_ref_tagalog3_TIMER.wav,96d1c297a904297ebf54da387f1db96c8e0522ae834aabc7b7a142eb8adc2929
vcm_train_004204.wav,fil50_01124_ref_tagalog1_ALARM.wav,f0d6a73d615ee86224e25f2c2e547ad4c962e04369b03adf93f14da9b84c1305
vcm_train_004208.wav,fil50_12808_ref_tagalog8_TEMPERATURE.wav,f5d8d49b57b216eedb0d1efcbfee64b95373df235d79d6ef01f466fd5959374c
vcm_train_004210.wav,fil50_06165_ref_tagalog15_LIGHT_ON.wav,64018d5d42b8dfc648b2bdae3cb19372604f10c7e6339ccc1a206bbd77cad5a0
vcm_train_004212.wav,fil50_03596_ref_tagalog12_MESSAGE.wav,153015d0c9aef639c3a9a149ee77369b0b0759f1e8c6ce5ab648364e99b2e429
vcm_train_004215.wav,fil50_10275_ref_tagalog5_TIMER.wav,cbd5201548707b412a05da74587710582f282bde7e0c28fb0d1a038bd2a57c55
vcm_train_004216.wav,fil50_01967_ref_tagalog10_MESSAGE.wav,9632f2df1f619d30a6c5da69dd9f61a800dcc7856dbe642d8560c4a396fa6050
vcm_train_004217.wav,fil50_11954_ref_tagalog7_ALARM.wav,283a217015351f4cc322614fd06e25f2635221a572cfec7382947700f5cc7f29
vcm_train_004220.wav,fil50_08585_ref_tagalog3_PLAY_MUSIC.wav,c5c78245d40674d73b1348d4d10ff4582d7f4d62d86b43784fc3973c3f640431
vcm_train_004221.wav,fil50_01126_ref_tagalog1_TIMER.wav,62e828f981a2bab4f2e78c9bbbf8b5c213e9e0769201df51cdacecd6f43a521f
vcm_train_004223.wav,fil50_04469_ref_tagalog13_CREATE_REMINDER.wav,63fd51b1610fbfb816fa996936679ced36e5abcd27cc598bb5e7190df32bc7d8
vcm_train_004224.wav,fil50_09417_ref_tagalog4_LIST_REMINDERS.wav,0d23e43c936e6720638ad79c46f482dd7f23a60a02cc57e5d90ad9177f2eb2cf
vcm_train_004226.wav,fil50_05316_ref_tagalog14_PLAY_MUSIC.wav,41d27e047efbe2f4f0b645a6b3d6443a16f11c62011e9ca742ad4f9b09831574
vcm_train_004227.wav,fil50_06167_ref_tagalog15_CREATE_REMINDER.wav,8a861d721f69eb35b26250902ee112404ade6ff8f8624b1b0d16009c94506d6f
vcm_train_004228.wav,fil50_06932_ref_tagalog16_ALARM.wav,7ad572ad932a49ab301f1392448336ae7810943483095d146126abfd30a43d92
vcm_train_004231.wav,fil50_11116_ref_tagalog6_NEXT.wav,456ed3d1d54e71d701f40b44a84d8318f728821bbb7abb00c30bf08e46e11280
vcm_train_004233.wav,fil50_01969_ref_tagalog10_NEXT.wav,57e463e685d136c447b87d078975d29d0e466678e56eac38135b24e380b2c2d9
vcm_train_004236.wav,fil50_13586_ref_tagalog9_TIME.wav,f80ecf463e0cb527c4cbf2830182158ab8e33adf8db7dba1dbe112f64972b576
vcm_train_004238.wav,fil50_01127_ref_tagalog1_TEMPERATURE.wav,0e957461f81a93abf2808fc975e6e6021845a85c0d027e9d3203c5b9ded39049
vcm_train_004241.wav,fil50_09418_ref_tagalog4_TIMER.wav,3834150c392b9c2a891e0d6c758784dae2d412d24e54812f6f14839997107f8b
vcm_train_004242.wav,fil50_12810_ref_tagalog8_VOLUME_UP.wav,75a316f815f0ad08ea43ac3b4332c9442862c84769a669cdbd8c833feca0b016
vcm_train_004243.wav,fil50_05317_ref_tagalog14_NEXT.wav,f4fcb402c50b8c95986889f43445bb0eddee90ac408835bb9131ef4715db89db
vcm_train_004244.wav,fil50_06169_ref_tagalog15_NEXT.wav,38902fa38aac911115d8402de90c5cd43dbff60c353c214c86f6083158a27fb2
vcm_train_004246.wav,fil50_03597_ref_tagalog12_NEXT.wav,a1313b19452d8fbc62675bc674085373d9a197f5394c7fc9c8e4b1898ff4196f
vcm_train_004248.wav,fil50_11117_ref_tagalog6_NEXT.wav,2cd411af0e9bca030bbb30ebe78a871e1dcdbe3759b071b8c5b6db4b96a2c75f
vcm_train_004249.wav,fil50_10276_ref_tagalog5_COLOR.wav,4aef10ff71e740c1cbe4ada93808ac7f04d896e2c4b0e405967b6bf57202f59d
vcm_train_004251.wav,,82685f0501d477af7d4aa45c282c75acce88e76048e840c2c80193509930f0c0
vcm_train_004252.wav,fil50_02792_ref_tagalog11_WEATHER.wav,8a3ff0e66884aac64673a146a357fe8f2be2d6e34e9b034a50e663006759f21f
vcm_train_004253.wav,fil50_13587_ref_tagalog9_CREATE_REMINDER.wav,cef48543f6a4b0ad8a1439f777820ab560703e12c716f0d44f65f879462e53d0
vcm_train_004256.wav,fil50_07657_ref_tagalog2_LIGHT_OFF.wav,cc39a87343ceb72c051f3b0cbcb390ad02c57b9ce50d17fbeb2e4dcc27704bbd
vcm_train_004257.wav,fil50_04470_ref_tagalog13_VOLUME_DOWN.wav,387c36dda3e022b401877d8e745f55d5c4afb157f9ffbdded965fdd82767544a
vcm_train_004262.wav,fil50_06934_ref_tagalog16_LIST_REMINDERS.wav,06549631d034718e902439ea700174b142b5b98bc6f67a7a1b9be151517431f8
vcm_train_004263.wav,fil50_03599_ref_tagalog12_MESSAGE.wav,eb78a8e9a2a019388ba2ece3b7e34af0f5a9b9aa399f7b696dd6944a71f1d8a4
vcm_train_004265.wav,fil50_11119_ref_tagalog6_NEXT.wav,deba7639c319069cac1323496fbfaf3919253c27788b211dd6ad5b6f61994a33
vcm_train_004269.wav,fil50_02793_ref_tagalog11_TEMPERATURE.wav,f1f90890ad80adb4d4f29ad344115780a3587a0bd7c634e10193d64a415c50b2
vcm_train_004270.wav,fil50_13588_ref_tagalog9_MESSAGE.wav,8e132cc795e7c38c8ec93a098cade7ab82cfe3ea67d2bc05f1cf6b030cb605ef
vcm_train_004271.wav,fil50_08587_ref_tagalog3_WEATHER.wav,687ba0a7bdd78c3b3d39db8acd565476c95959d0b02792f4a294a2a707acc607
vcm_train_004272.wav,fil50_01128_ref_tagalog1_VOLUME_UP.wav,f4836099fc9d240e89a7be7cd85bd00c8cff5a606dd039f8743a5e278d09da58
vcm_train_004273.wav,fil50_07659_ref_tagalog2_CREATE_REMINDER.wav,f4051d822969f8ff80e61d72d497b8843ccfcb8038e0c2cb851fb85b978329ce
vcm_train_004274.wav,fil50_04472_ref_tagalog13_BRIGHTNESS.wav,ed4da065afb20a71623192fc8ce652bde99ba90e6cf1c61f64ff11f9201d7f8f
vcm_train_004275.wav,fil50_09419_ref_tagalog4_COLOR.wav,4363617a7a06ba4d1d88d54880c13dc1b2873733c88564466727a0ac083ac760
vcm_train_004276.wav,fil50_12811_ref_tagalog8_PLAY_MUSIC.wav,369f1a2b5ae0b10ae07ea32dcb7ceb542efffbb8e7a6afab8f5b039d022e9db6
vcm_train_004278.wav,fil50_06171_ref_tagalog15_TEMPERATURE.wav,f10dc25c34223e8ec4a068cdb3441773ecb0dc21383bfee3cd053addac53ebcf
vcm_train_004279.wav,fil50_06935_ref_tagalog16_TIME.wav,970ffaf4c2e59258a1ba2d8768fe2e9ca5a486ee81b412bde989a264c44d242d
vcm_train_004282.wav,fil50_11120_ref_tagalog6_VOLUME_UP.wav,9904b642413a71956c8ce52c21fa301b7d94150c661470f7b4aefdae668a7f32
vcm_train_004285.wav,fil50_11956_ref_tagalog7_ALARM.wav,b3457804b43dd906c9227ab12fade88d04e16e34daacdfd8e4bddca9724f1b18
vcm_train_004286.wav,fil50_02794_ref_tagalog11_LIGHT_OFF.wav,1c2b2e4167f9c18d38dbef57dd22b1d419c5bf657aebecaeaf57f08092942fbd
vcm_train_004290.wav,fil50_07660_ref_tagalog2_VOLUME_UP.wav,48e43a82f0a37784b9771a813b9f42cf2fa3a4f4c8df007e91c5b778e744da4a
vcm_train_004291.wav,fil50_04473_ref_tagalog13_CREATE_REMINDER.wav,5963078ed3f0f45f93c276e955f287d009ae78d2500649e67c93436720bbb940
vcm_train_004293.wav,fil50_12813_ref_tagalog8_NEXT.wav,b76abd9c53504ad65c8665d7fd77697377fd05140f5d6a1247b91c26b133d207
vcm_train_004295.wav,fil50_06172_ref_tagalog15_TIMER.wav,77a5fb1b47722592b8f7ff2010ee7831de1582f521113740ead65044d03c0d58
vcm_train_004296.wav,fil50_06937_ref_tagalog16_TEMPERATURE.wav,79c689eec0306a2f7cbc6c6c6808aca3142dce59117d0d4480ab969b659e246d
vcm_train_004297.wav,fil50_03600_ref_tagalog12_TIMER.wav,28dbb94f8c3201b7c51cb405adacebd9668dcf3feef2d2a2c522fcc9c2ef51a8
vcm_train_004301.wav,fil50_01970_ref_tagalog10_CREATE_REMINDER.wav,46954ec813d2e344acf476e9f85ea9bb3e9f2d719ecbe1c66c82d9462a940a6b
vcm_train_004303.wav,fil50_02795_ref_tagalog11_NEXT.wav,ec642ec7856faee240ebe172ff053899dc963e914d85e2cc175785298d6fbc09
vcm_train_004304.wav,fil50_13589_ref_tagalog9_ALARM.wav,a3b5fbd45c0546dbc61e80047e1d24c4e96755aea48463b461ce80eaca9078d0
vcm_train_004305.wav,fil50_08589_ref_tagalog3_COLOR.wav,1c00c5dacbb3fb01523cb065135671010fab3a499118e11e018b454d8707e116
vcm_train_004307.wav,fil50_07661_ref_tagalog2_PLAY_MUSIC.wav,f690583fe1ca4dc0f480710f673ac1f5a05ec9c89f49f5930a62e271564ccb0e
vcm_train_004308.wav,fil50_04475_ref_tagalog13_MESSAGE.wav,827b1f54adc33130c59fa7bdb635cd26cbc5b197fe03632c866d0c876e3b95ea
vcm_train_004309.wav,fil50_09421_ref_tagalog4_VOLUME_UP.wav,2f2651c1c4ca23c80ca4a63e011451a1e15de3980a3ed4f1c94e244c01747587
vcm_train_004311.wav,fil50_05318_ref_tagalog14_CREATE_REMINDER.wav,7dd68f7b83b995859d729cea184f022133d280d8dc32018ed14d3d49d9fdff06
vcm_train_004312.wav,fil50_06173_ref_tagalog15_COLOR.wav,4dfc35353af774307040a910e34260b92ccb98851e917b67bba72b0a55eecbaa
vcm_train_004313.wav,fil50_06939_ref_tagalog16_NEXT.wav,bcf7131d08d9c8dc62b2609ee99e63c1f1621156a2aa7e2b43fff63f23d922dd
vcm_train_004314.wav,fil50_03602_ref_tagalog12_STOP.wav,c334d7c765a94ce69998d449c4576714c0b329c166a20c54cd951bf8e2e7ed9e
vcm_train_004315.wav,fil50_00278_ref_ilonggo1_TIMER.wav,ebfbf46d40f3d0e0953300f1d6f3a5f3253585ea0fc7557a98fcd7ff87a23bbc
vcm_train_004316.wav,fil50_11122_ref_tagalog6_TEMPERATURE.wav,f241771900f2c421cb5361dbc07bd424c2d537703d0cfb2eb9ae1cbc2099b53e
vcm_train_004319.wav,,2ec92fa4bddd021db919cfd22ddd4e5122b84f952657cd3e583a7142a7e11647
vcm_train_004321.wav,fil50_13590_ref_tagalog9_NEXT.wav,3b3087c2ec077a79eed791f55662c2449d4eb13f16d2a5429df10468ec0d23cd
vcm_train_004323.wav,fil50_01130_ref_tagalog1_TEMPERATURE.wav,843db2292b6f8afec883b988734340f969f2b9f973733a1cdde2fd744d6396c3
vcm_train_004324.wav,fil50_07662_ref_tagalog2_ALARM.wav,0377fba696a7fa1ac54b414f815b40fab6e9cfef2f2bb6e22b72871f6e89a76c
vcm_train_004326.wav,fil50_09423_ref_tagalog4_TEMPERATURE.wav,6b9775fef39710c1afa51df9d39bc7eefca8a6843e50bdb188118e945dfd4319
vcm_train_004329.wav,fil50_06175_ref_tagalog15_TEMPERATURE.wav,c39371af3e9a2c108de2284fcb2b5b3cfc449f3444c884396199dbb8bc3d75b4
vcm_train_004331.wav,fil50_03603_ref_tagalog12_TEMPERATURE.wav,9da6ef9ef096d73a54a5a6451164bf787d4173289260a2587856c4a68e173ff6
vcm_train_004332.wav,fil50_00280_ref_ilonggo1_BRIGHTNESS.wav,aeae7bc65f33d3afbe3b59dcaa37effb473bdde74168ab91faf8e70ee3bee622
vcm_train_004333.wav,fil50_11123_ref_tagalog6_LIGHT_OFF.wav,b17809d46bad42fcef670c7f82d43648b1a04f32ccf9e5e453d40ba46f8d4607
vcm_train_004336.wav,fil50_11957_ref_tagalog7_TIMER.wav,dc05974153c0a9b75fcd843ce4d781c8af91f8798358e318ab53789331a266a0
vcm_train_004338.wav,fil50_13591_ref_tagalog9_TEMPERATURE.wav,abdad6938f6981435791b909bcac9df5e2c657eda55263da309d149d2707aecd
vcm_train_004339.wav,fil50_08590_ref_tagalog3_NEXT.wav,76cea57ae224586993f2ee3fc349272ee2150ad8afd522d36ddc55b996d450f4
vcm_train_004341.wav,fil50_07664_ref_tagalog2_NEXT.wav,3ccbae85f2c832ab692a4dfdba65c9b9fa0104fc0b973c5432e9dfb17a38ab26
vcm_train_004343.wav,fil50_09424_ref_tagalog4_PLAY_MUSIC.wav,7b21ad881baa080ff6dbd7c64cc2c275778e3ffbf81d4a02042c075b03a11fcb
vcm_train_004344.wav,fil50_12814_ref_tagalog8_TIME.wav,2894ba14ec826906f9a966257417d3d801dffd544ecf77dcde675da9ffd78772
vcm_train_004346.wav,fil50_06177_ref_tagalog15_TIME.wav,9c2d5a28f8576197a1f490f182298a84cebbf389e3b4e184da6e65b9061fa663
vcm_train_004352.wav,fil50_01972_ref_tagalog10_VOLUME_DOWN.wav,ab0f4cf32d9690d752c373a09826c23cd4772358a4b648bded402332fa6e8536
vcm_train_004353.wav,fil50_11959_ref_tagalog7_TIMER.wav,825826a82c3957f417bb72ad2dbf5d9109e3e3244326f3e43111fabc633554ec
vcm_train_004355.wav,fil50_13593_ref_tagalog9_NEXT.wav,33b6c4355f79d8c47ee6fd612d3d5f0c516bde55f6fdc50d8c1c099d9f5b0a10
vcm_train_004358.wav,fil50_07665_ref_tagalog2_ALARM.wav,aab535762100345a612963bc63262b0b7dbce040d11f3a5a431db045458f6787
vcm_train_004361.wav,fil50_12815_ref_tagalog8_TIMER.wav,acda3447436da80685895094db852ec25f4b4b8415da96fae6b8114bde4facb8
vcm_train_004363.wav,fil50_06179_ref_tagalog15_VOLUME_UP.wav,6657abe4711e7b66946f6e37129a635871d6c515886564408d29548e5834fa62
vcm_train_004364.wav,fil50_06941_ref_tagalog16_ALARM.wav,0c2d401ad910efee2076380110c1500f9f7f1ac11e2ee1532339b50c192972c0
vcm_train_004365.wav,fil50_03605_ref_tagalog12_TEMPERATURE.wav,afcf631060b0bb1068570ffc88401f1124d8c7fc99e7ea450ac4927cfc8ae2af
vcm_train_004366.wav,fil50_00281_ref_ilonggo1_COLOR.wav,3337766c2d45ef64ff09ed2451d19bd6b369efdcc1090f7e063a0904798624cd
vcm_train_004367.wav,fil50_11124_ref_tagalog6_TIMER.wav,890e96a9eb58e795bbd49e3e9b05a599da61dc237fb4cc7059fe4d366fab6f81
vcm_train_004368.wav,fil50_10277_ref_tagalog5_VOLUME_UP.wav,365a237c1abd3a1a06c227ce5dde80dc763b771b16f49f4f3c40de605d59a7d9
vcm_train_004370.wav,fil50_11960_ref_tagalog7_WEATHER.wav,8d967faa71e5599fa850925cfac522e7985e5532f0c536281658875244fb55d7
vcm_train_004371.wav,fil50_02796_ref_tagalog11_TIMER.wav,49ca0029dcbadece83a9154795afd8a43e1e149f7f3ee10c6af09304512f3476
vcm_train_004372.wav,fil50_13594_ref_tagalog9_PLAY_MUSIC.wav,39da79a1bf4b790c9d57dcb7cef65b2a070b5d5b4d5ec58e82911dc21a8ee0ba
vcm_train_004373.wav,fil50_08592_ref_tagalog3_CREATE_REMINDER.wav,9517c04cb9057e8660e4baa56e2f0c119fc61d10813729f06d6e4f0ec744936d
vcm_train_004375.wav,fil50_07666_ref_tagalog2_VOLUME_UP.wav,b213ae630c9d747f008668a9805ccb9e294948a90b28ba974e4743ca8a0ce1dc
vcm_train_004377.wav,fil50_09426_ref_tagalog4_COLOR.wav,f9e598a21eb17124b3176b5fac7e25c1549cc5b4473c805473e4d25f456beef1
vcm_train_004380.wav,fil50_06181_ref_tagalog15_MESSAGE.wav,98dbc93c7f4dccc1269ab81b53ea612bec12c5d493deb1ad3a3f39f7a7130053
vcm_train_004382.wav,fil50_03606_ref_tagalog12_COLOR.wav,c878c8e90f814afb9f4d015973de9725a675d49b0e156a3132637799de2ab070
vcm_train_004383.wav,fil50_00283_ref_ilonggo1_TIMER.wav,b6133285dddddd120e1d552ab6c336038b4113376f01dcaf944f19ddf18c4dd2
vcm_train_004385.wav,fil50_10278_ref_tagalog5_COLOR.wav,1b62d14b29abd1ce1e6b03a884145c27304d7c5a0dd07e1be590d595039f9137
vcm_train_004386.wav,fil50_01974_ref_tagalog10_NEXT.wav,e9310de55c8474f7872f00db014e59e9184c5deb6bceeb919b1879ba03ddc318
vcm_train_004387.wav,fil50_11961_ref_tagalog7_TIMER.wav,a045b53c4f9aec3bd16b3d3094d5f682374f4c2baec9add21e041e44e851d3f5
vcm_train_004388.wav,fil50_02798_ref_tagalog11_BRIGHTNESS.wav,8bfdf40dc3784391caa00af190e28114b21e67cb4a9053331c5e0260c6fc83e9
vcm_train_004389.wav,fil50_13595_ref_tagalog9_NEXT.wav,800cc4f0038f9b11c848ff5bf2c7af18f29511f3dac749951dea372e1e8f6e32
vcm_train_004390.wav,fil50_08593_ref_tagalog3_WEATHER.wav,50cd0434a7c2876d4ae0a569b3e0296b9b313d6f1d63b9ed5822336e6606bd6f
vcm_train_004392.wav,fil50_07667_ref_tagalog2_TEMPERATURE.wav,30777c1ce45b4ff4c803fd5d802189459ce0b018cc8e43f399810e8e902f78ac
vcm_train_004393.wav,fil50_04476_ref_tagalog13_WEATHER.wav,e94eeb02ff849cdc0794ba38eddb228a39927f551670c99019750f5d197c9b4b
vcm_train_004394.wav,fil50_09428_ref_tagalog4_PAUSE.wav,73137e870c0b757df4123a287a10d01358995287a2e56042ade4b175922099d3
vcm_train_004398.wav,fil50_06942_ref_tagalog16_LIGHT_ON.wav,84c1901d74b295059024a83b7dc6cfa483c59bd03f7748c1d4dd63f3915645fc
vcm_train_004400.wav,fil50_00284_ref_ilonggo1_CREATE_REMINDER.wav,30908888aec3aed4bf4df8e81af98b71ff936fc4ebbf431975e1ba7ae09af0f7
vcm_train_004401.wav,fil50_11125_ref_tagalog6_CREATE_REMINDER.wav,8fd3a837d759f4a3b18e11ac7ee0d11619b652eff8753736b572adcc6dcbc387
vcm_train_004403.wav,fil50_01975_ref_tagalog10_TIMER.wav,7b22db107a2cd4a01b660c4624c6bff6883dd9153457ca1fd5f9accf609634bc
vcm_train_004405.wav,fil50_02799_ref_tagalog11_TIMER.wav,e6b9d3158152720c627d216849057daa8e8065267a9dbcdb1c06c303e4d113b1
vcm_train_004406.wav,fil50_13596_ref_tagalog9_STOP.wav,6dc8263f5546cb39b25c541f8c1a608215ff6e48608596712d7519752ccf6ca7
vcm_train_004409.wav,fil50_07668_ref_tagalog2_WEATHER.wav,f813d714abb983706e9ea034ade383ddd06fb3d360feda044ffe24d7f82205f1
vcm_train_004414.wav,fil50_06182_ref_tagalog15_WEATHER.wav,662ed896978251913ca70872852c2dfb82ab87b22bf4d9e3f0353f6089b58fde
vcm_train_004415.wav,fil50_06944_ref_tagalog16_NEXT.wav,b17bfb93c49ec769a15c2d8f1dcef00a4903af7f9c28bbd881a6fe11ef0a40c2
vcm_train_004417.wav,fil50_00286_ref_ilonggo1_CREATE_REMINDER.wav,890770f9b90967a70cd85e218cf696cc316373f856cd7096f56ee8b735d15504
vcm_train_004418.wav,fil50_11127_ref_tagalog6_NEXT.wav,f276b2355e476a6ef5b7878982955ee7bee5a9d2022c555cb26995d4710f1457
vcm_train_004419.wav,fil50_10279_ref_tagalog5_PLAY_MUSIC.wav,d69c09f8b2665da8f94c2b4a8dbd348abc232aae0db0bbe468c843838326b039
vcm_train_004420.wav,fil50_01976_ref_tagalog10_CALL.wav,0ba35eb43b0358b9318e304c2d75ccd0c17f2236f36081aad18999cef285a2a2
vcm_train_004422.wav,fil50_02800_ref_tagalog11_NEXT.wav,026fb2b7c3c7ac91634f1d6c311b1105464da23a39c5d5042dbc73dbf5383470
vcm_train_004424.wav,fil50_08595_ref_tagalog3_TEMPERATURE.wav,69274dd56e10dafac31b96b3043b0cc286c4163e597392bfcaf1c0de4f2582ff
vcm_train_004426.wav,fil50_07669_ref_tagalog2_COLOR.wav,97228dc707384c7afd812304032ca1491910a4ffed51f287d1ab14f8e84a67b5
vcm_train_004432.wav,fil50_06945_ref_tagalog16_ALARM.wav,754a10623095138c24073ed72f79bc567d03b155cd694ff06fe4df40dbb9cbde
vcm_train_004433.wav,fil50_03608_ref_tagalog12_NEXT.wav,5f9d1c76c5ffdc080e8986e5a8cdb205933353c5f09cc615d431b1fe1687e264
vcm_train_004434.wav,fil50_00287_ref_ilonggo1_LIST_REMINDERS.wav,9f43ca363cd0c68be0a737f204bd86dbd432081832107e2c144ee7767e937235
vcm_train_004435.wav,fil50_11128_ref_tagalog6_NEXT.wav,566f4d7fe03fa71d07aeb5e579b508333bbd5873ad984fdb3314324e8ea2a2ad
vcm_train_004437.wav,fil50_01977_ref_tagalog10_TEMPERATURE.wav,2abfb531236fdd6266890dba5c3712f36a27a80d6755b30f244787fa4cd30400
vcm_train_004438.wav,fil50_11962_ref_tagalog7_VOLUME_DOWN.wav,ae47fd24629634ecaaf49c735911ab60a749060b6e771641522a988ef6263f6d
vcm_train_004441.wav,fil50_08596_ref_tagalog3_VOLUME_UP.wav,398267d9549e1fcdcd7f756e78c310e33649522380d4d8eaec73b3c67c492031
vcm_train_004442.wav,fil50_01131_ref_tagalog1_VOLUME_UP.wav,0bfc125bfa87a3b1d745062bdb2acbfbf88a54da62e0fd8785003f8f2fe26ff4
vcm_train_004447.wav,fil50_05320_ref_tagalog14_TIME.wav,74ae4918894e3e2c6955a7800215a4c9205a8576e5cea5cfff812ac4c8b0e44e
vcm_train_004448.wav,fil50_06183_ref_tagalog15_BRIGHTNESS.wav,07c1ca8a48a7ed50a98ee2ef4b80af707a829e1c36437942629af829a171dee1
vcm_train_004451.wav,fil50_00289_ref_ilonggo1_CREATE_REMINDER.wav,bffbbb34cb011868c6fb2e6d5ad18594ff207895c567036b1f3bbf853f7dd6ee
vcm_train_004452.wav,fil50_11129_ref_tagalog6_TIME.wav,b9fa545cab223eb1ffb2d8be1af04d0c11a29d5b1a3f5b74f6b24b7ecd930499
vcm_train_004453.wav,fil50_10281_ref_tagalog5_COLOR.wav,f0f8d761b01b5060810ff31b7b9f1fc159c808c6627d9a186e6c4573505b55c8
vcm_train_004454.wav,fil50_01979_ref_tagalog10_TEMPERATURE.wav,f14d32a99bfdf12a1f908a67902f08eb119d86b9def3967a0ba49d4d5ac15413
vcm_train_004456.wav,fil50_02802_ref_tagalog11_LIGHT_OFF.wav,9f74b8e2da3c6d7b692bae3cbcd552cd3125678ac75ae4d42d0213675edb6946
vcm_train_004457.wav,fil50_13598_ref_tagalog9_TIMER.wav,d9c68a24ce5a15252b17efac371c15e830e9899aade0de9d45158dfa52f56e23
vcm_train_004460.wav,fil50_07671_ref_tagalog2_COLOR.wav,3859ba0ee0d766c4b9c1a52dc4f03d4f493c1e7d0f59d3763c9aa25b7a0bd226
vcm_train_004461.wav,fil50_04478_ref_tagalog13_NEXT.wav,63c25805a3eeb69dee6925d72add1f24db5bf2c22a5145d3068732dc07463d9b
vcm_train_004464.wav,fil50_05322_ref_tagalog14_VOLUME_UP.wav,924af292a559d66dc51ee4f8a7d9cf551f8a358263fc8b39089be601d6a275e6
vcm_train_004465.wav,fil50_06184_ref_tagalog15_TIMER.wav,f28d7ccf46ac9681cacf5351f9906048e1f38cffa06cfa4875dcc8022e6c650b
vcm_train_004467.wav,fil50_03610_ref_tagalog12_PAUSE.wav,c4ca221790e8ec3d5b28b307e8e5a7b551598cd29781293411aa6ad9b3450542
vcm_train_004469.wav,fil50_11130_ref_tagalog6_NEXT.wav,4e8b8b80d59e9a1345def26cf1011f2dc26ce36233656b6800aba5c19c49b2b7
vcm_train_004470.wav,fil50_10283_ref_tagalog5_ALARM.wav,ffafff2300e4cbc9ae276e6765c89c1ec9f353ab81bf299098b364d458fbd26c
vcm_train_004473.wav,fil50_02803_ref_tagalog11_ALARM.wav,52ce3601821ac3f72a357800ec243bce3eb3954b09e050fa099bea3970405f51
vcm_train_004474.wav,fil50_13599_ref_tagalog9_ALARM.wav,c91900f069faafb0a823bac746821da6c314c265181a34e7b31fb90ea24eee1e
vcm_train_004475.wav,fil50_08598_ref_tagalog3_TEMPERATURE.wav,dfe49fa3cfa1460ddcd4d4d9c4a1b3c0c008119c35e35a64fc6c821d8ea530fa
vcm_train_004476.wav,fil50_01133_ref_tagalog1_TIMER.wav,a52f92eaf4aa6d1904a91281fb2fa52e471f0d8c186fc4ab3694e9c262e0aabb
vcm_train_004477.wav,fil50_07672_ref_tagalog2_ALARM.wav,95e7c8830cac54ca4f23e58b532c114e5b8cf666c9dfa3a27a738c4fbbd7df03
vcm_train_004478.wav,fil50_04480_ref_tagalog13_TEMPERATURE.wav,85ee6acd29b2ddcecd72057bbba777b7a33062f612115973df3b466e19386fd9
vcm_train_004479.wav,fil50_09429_ref_tagalog4_COLOR.wav,1288f920f904171c1940b74d0622da75b234c3356101ae110150cff1d1f206fe
vcm_train_004481.wav,fil50_05324_ref_tagalog14_ALARM.wav,a165e5061d18822429b9ba81359a973f3d4d5e26e1c077c3ac0e5870d3d218a3
vcm_train_004482.wav,fil50_06186_ref_tagalog15_STOP.wav,36e4ca5a9c4a3e5ba8a9a72deb98825c44f08059077535f4680be29aa4c6543c
vcm_train_004484.wav,fil50_03611_ref_tagalog12_LIGHT_ON.wav,a5ce0f0ee2cee372ef0fdf70b8a979620f37ca7e20ed68b18c96d6981e16a0d6
vcm_train_004485.wav,fil50_00291_ref_ilonggo1_ALARM.wav,868c2681e038d0c0d7b5f607977d4b5be172d8f56b9c7465f0a388f09758e546
vcm_train_004486.wav,fil50_11131_ref_tagalog6_TIMER.wav,54ba52540a66ba12a642b616b365ccd435a905889a182215f4b8719c7f6cd1ed
vcm_train_004487.wav,fil50_10285_ref_tagalog5_TEMPERATURE.wav,5bdd487244259214f20c96d5767f9df45175a082353b825674d299b5107a8419
vcm_train_004488.wav,fil50_01981_ref_tagalog10_ALARM.wav,e7dbd7d9a1a65b12bd8c74988b1ab195d402893b8f28bb7468b18514eb6f99f4
vcm_train_004489.wav,fil50_11964_ref_tagalog7_ALARM.wav,0f21d65d178c1171a72473ff7bb81a84a4568df1a55b8b3f14b07515750df0c4
vcm_train_004490.wav,fil50_02805_ref_tagalog11_TEMPERATURE.wav,a53a255cf6eb4d35cfa3e8485d9f316f9ef1097582be87c6a43a0127679f8ee0
vcm_train_004491.wav,fil50_13600_ref_tagalog9_STOP.wav,8ecb992d78ee152a2852d4e1f1907373340bb1c15b64657f0312645cc31a0be0
vcm_train_004493.wav,fil50_01135_ref_tagalog1_STOP.wav,939a9cbc35feb15bdfbc596c9789fbd82ffd449c5861dff824c22f80c3644bd2
vcm_train_004495.wav,fil50_04482_ref_tagalog13_BRIGHTNESS.wav,e02b08b05afb0b0f8abb8d10be908b74a0d4f5db5593e1e3fed20b6f3732cdb7
vcm_train_004498.wav,fil50_05326_ref_tagalog14_COLOR.wav,6b766ea5531b4d08514b25213eef29a159bfd8cab39906b5dcad9fb657ca1afb
vcm_train_004500.wav,fil50_06947_ref_tagalog16_VOLUME_UP.wav,6c5f19c91024025ac171a45c94b276a67729e10bfdcafaeda08b7e9b751ee9a2
vcm_train_004502.wav,fil50_00293_ref_ilonggo1_TIMER.wav,f80e6e9b9bd80c5130f61e97f3fb0740c765cd0243e88652722209da7d285f69
vcm_train_004503.wav,fil50_11132_ref_tagalog6_STOP.wav,df48e39ab8b9b1bf668243be19998913eddd9d29c0f578847d2117e9c7867a02
vcm_train_004505.wav,fil50_01982_ref_tagalog10_WEATHER.wav,fb54237b0a116f17881b4b1095a593e46aa002921320538ab05c2596d998ed52
vcm_train_004506.wav,fil50_11965_ref_tagalog7_MESSAGE.wav,c92ad68a01fc7e7bfd1b6eeaffe9f1a76f2ba55ee9674cd7d728d68fb0df8e5a
vcm_train_004507.wav,fil50_02807_ref_tagalog11_CREATE_REMINDER.wav,77830ebc93428f1d36300d98cb8abb1d47f45e75fda267b2aa1cf036a58b90bd
vcm_train_004509.wav,fil50_08599_ref_tagalog3_TIMER.wav,c90b2eeb0cd2fd8a6e356768381c8d622c9fc3589fbe7e923218b9b981ee76e9
vcm_train_004511.wav,fil50_07674_ref_tagalog2_COLOR.wav,d4510bff0427a71fb824f6d5501a35b8327095ed01c494965acdd9ca6d8e0611
vcm_train_004512.wav,fil50_04483_ref_tagalog13_ALARM.wav,ad63999b2fae2b0b2439ab853fde310fbd304b35efaa3cb159361560161415aa
vcm_train_004514.wav,fil50_12817_ref_tagalog8_ALARM.wav,284ce21b00d66a57190793895c4c69c509a0a580c35abb272a22286140f7a4a0
vcm_train_004515.wav,fil50_05327_ref_tagalog14_VOLUME_UP.wav,475910ff6ddf8b031db6fb775aacee4cde57400db9baa3620a6e8a92e98b7ecc
vcm_train_004516.wav,fil50_06187_ref_tagalog15_TIMER.wav,da4dcb981b5066628dd327d30691a104d01b0e35aad501e52ae5557a2a1299c4
vcm_train_004517.wav,fil50_06948_ref_tagalog16_CREATE_REMINDER.wav,d4b822000de6254b52a3bb8527570acc4b32726f7f49f4f35fd52e79c8c98723
vcm_train_004518.wav,fil50_03612_ref_tagalog12_CREATE_REMINDER.wav,0a6242682faff82a2df7d8bb8b49045c14a1760a62256930a31968e0f723dd35
vcm_train_004520.wav,fil50_11133_ref_tagalog6_CREATE_REMINDER.wav,809fc92d386a5b9036b3aa685ae22197bfa25044ebcc69872caa418cc628872d
vcm_train_004522.wav,fil50_01984_ref_tagalog10_NEXT.wav,b672dbed79feb156635aea35a27669415f265b747432c024affdcd4df3ed2168
vcm_train_004523.wav,fil50_11966_ref_tagalog7_NEXT.wav,46f94aa1ea93c3dca86a04a8002ec984dbf0378763026ead6bf2383af2e89310
vcm_train_004525.wav,fil50_13601_ref_tagalog9_ALARM.wav,65ac746395238c58fe1cfdfad011e42a5132ccf0eabae989dfbc62b69eb42ec1
vcm_train_004527.wav,fil50_01137_ref_tagalog1_CREATE_REMINDER.wav,5093f1fd3f6c0732d7c6468db00360acc0fa26cbb4d758cf04671ae2184f2ebe
vcm_train_004529.wav,fil50_04485_ref_tagalog13_VOLUME_UP.wav,3a04e9f64d82b23462113d34b62283f8e2852d5ec22f58e265a9c0883f0f0902
vcm_train_004530.wav,fil50_09430_ref_tagalog4_CREATE_REMINDER.wav,67ac73d6569ad5396e21b2ba3eee27bdec57b97a56ee448350796c08fa347b63
vcm_train_004532.wav,fil50_05329_ref_tagalog14_NEXT.wav,e8b07cbe9e65d67eeade41737cbc5dfd06a3e422edd9eac2c7efb124b4f2a4e2
vcm_train_004533.wav,fil50_06188_ref_tagalog15_TEMPERATURE.wav,c6b7f82980470e66e0df3d473a126138b102c64c5ea1441140d7269c5994190a
vcm_train_004534.wav,fil50_06949_ref_tagalog16_TEMPERATURE.wav,829756d09e5b276b15cea61207a14f495f1eb148f9fd827a572c54589979f4d4
vcm_train_004535.wav,fil50_03614_ref_tagalog12_NEXT.wav,460d0ef018a172a846a7951463120289d930dbb8b8b43a4699fb1acb5efa4687
vcm_train_004536.wav,fil50_00294_ref_ilonggo1_ALARM.wav,cd4e351a1f659bddcc302690ef42d04809983b3980240f7d5600ec81ed399ae6
vcm_train_004537.wav,fil50_11135_ref_tagalog6_MESSAGE.wav,77cf026fe99006d6b0ad0f10a7f6692cff83a32bb7604f132fbf004b07b00fbc
vcm_train_004538.wav,fil50_10287_ref_tagalog5_VOLUME_DOWN.wav,23cf1022be992020085c861dd4f31012542e94fe7a57f8a52e7829930f3e6f5f
vcm_train_004539.wav,fil50_01986_ref_tagalog10_VOLUME_UP.wav,d39d3ad83342a9f706e35f4d2aea130f7ffb0dd88efbc076a9ca53fc6cbb5232
vcm_train_004540.wav,fil50_11967_ref_tagalog7_VOLUME_UP.wav,c461d796079b4690e07f594775ff8888798f9afb8a23c6de27a9be059960dfa1
vcm_train_004541.wav,fil50_02808_ref_tagalog11_LIGHT_OFF.wav,213877cd0637928b03e6530c61419bf015c3a4597a3b515d684355ea10c96942
vcm_train_004542.wav,fil50_13602_ref_tagalog9_ALARM.wav,7bb8198737a0a6b43bc314a3c98b47830c95d8193ee5cc68f958a35031d35d12
vcm_train_004543.wav,fil50_08601_ref_tagalog3_CREATE_REMINDER.wav,5a6efa485577ca3bf503ead429df6b8cb0874cca0bef2fde510380b1745fd1e2
vcm_train_004547.wav,fil50_09431_ref_tagalog4_COLOR.wav,ec7e603ebf82cd19f8af6e2fbaef3fcfa7e69f85b7b993d7febcf62f6e55a684
vcm_train_004548.wav,fil50_12818_ref_tagalog8_TEMPERATURE.wav,4415ca5d5ce380175de85e30f3a1a8086d81533ffed88c80d7f3a37547084101
vcm_train_004552.wav,fil50_03615_ref_tagalog12_TIMER.wav,a15e44aa011022b3e2d5344a873f7618f40073f740c39e93b349538940ba662e
vcm_train_004553.wav,fil50_00296_ref_ilonggo1_COLOR.wav,f47812bd193e2c814b089be5e8f55c22164fd589e30476f7a33a08d3249749e2
vcm_train_004554.wav,fil50_11136_ref_tagalog6_LIGHT_OFF.wav,1b97aea66a8db2170138e02c1fe2ee94b5ab1fcd82c895bc8c74affcfbe776e7
vcm_train_004556.wav,fil50_01988_ref_tagalog10_TEMPERATURE.wav,52dae70096841e1a5c45f1aa9a5dcde91284914b7e0f5b1f187f71fda5c9bc39
vcm_train_004557.wav,fil50_11968_ref_tagalog7_COLOR.wav,1675d0b1cd7d554b03b156ae5df6d24f986a759aaa5387630394f30e5d9ef9c7
vcm_train_004558.wav,fil50_02809_ref_tagalog11_TIMER.wav,99f3f4ae960d80638b94ad2d5a3bd1074a32ba1dddee19fff76c302b97e6a660
vcm_train_004559.wav,fil50_13604_ref_tagalog9_STOP.wav,b76d8534793f8fe548722b7ebdc5106157507ca0c3e1a3c6a650179409258b8c
vcm_train_004561.wav,fil50_01139_ref_tagalog1_TIME.wav,adbcf5ede04b0bf9606c4c20c3347acffcc719d366c1484c45c41a1ff5c1049f
vcm_train_004562.wav,fil50_07676_ref_tagalog2_TEMPERATURE.wav,db33e2be37e7dc36c4bfde79b20a15dc920de7d43c206d5666a5feccaa5616b4
vcm_train_004564.wav,fil50_09433_ref_tagalog4_CREATE_REMINDER.wav,0a8ea2356e5a70a1506f49c69bc7fdf9d0726b4066bf17081d27005d1b5a5efd
vcm_train_004567.wav,fil50_06189_ref_tagalog15_LIGHT_ON.wav,975c93fb64fc9731b76bb9fddb2c088708ce065a49421f9de6276145308e437a
vcm_train_004569.wav,fil50_03617_ref_tagalog12_MESSAGE.wav,a928a2509b09bc2c27ef3e526f6c9df271f188fd0034b20c4dcc8b0a4e975d15
vcm_train_004572.wav,fil50_10288_ref_tagalog5_TEMPERATURE.wav,22c4e11356840ef45f6b255ace6a20d4f08d004d88af7fb04ecee8e85395e82e
vcm_train_004574.wav,fil50_11969_ref_tagalog7_STOP.wav,c7fbd82bd86782edd34f7acbf48d38fee14b33850f9a9ff6d9d8b9523145eebc
vcm_train_004575.wav,fil50_02810_ref_tagalog11_LIST_REMINDERS.wav,f1eb30abb1582ce93379c35944412cfc4f13471f0c6f7ad8851f10328e5c0a0e
vcm_train_004576.wav,fil50_13606_ref_tagalog9_TIMER.wav,e0a7ef51cd1e2359485942162260305875748977c2617e0fca4111144a3faa02
vcm_train_004577.wav,fil50_08603_ref_tagalog3_ALARM.wav,ddce36fdcd412180da648c61f6fab324b69fca83c6115b93d635fcc541aa9b35
vcm_train_004579.wav,fil50_07678_ref_tagalog2_NEXT.wav,3c69ea9a9ce8eeb3e9c4233c5bd96fc77bdf33219fd91b89881a454871058f9e
vcm_train_004581.wav,fil50_09435_ref_tagalog4_BRIGHTNESS.wav,bcc862b54827b0831b4ac3f3e9b2afbbe2a7ddc6796fbe1641fdf243536b77f6
vcm_train_004583.wav,fil50_05330_ref_tagalog14_STOP.wav,c948616d28b7f37541048f9aa966d9a2fd0264e95d5a1894468fdbfafe7e7693
vcm_train_004584.wav,fil50_06191_ref_tagalog15_TEMPERATURE.wav,0fd535a89f97f8716e414d43c0c73a5003d2dbf89121bc3604ee3df982ca4d8d
vcm_train_004585.wav,fil50_06950_ref_tagalog16_TIME.wav,1ef8b412df44dec054fe13a173fe85c4f3e31ac28aa5729beff78228bb8968e5
vcm_train_004587.wav,fil50_00297_ref_ilonggo1_NEXT.wav,c9562171097c8ec3cc44a0afd159e1e1e04f811f0fa58878aae9546d2508c1b3
vcm_train_004588.wav,fil50_11138_ref_tagalog6_LIGHT_ON.wav,2e8e93bde55891e853681cefa2065f2849ba2d837447b4563e80b0f954f38d0f
vcm_train_004589.wav,fil50_10289_ref_tagalog5_VOLUME_UP.wav,21dfe3970a6d2cf4fea82547f404a34ac3490da049d078266ca4295808190d1d
vcm_train_004591.wav,fil50_11970_ref_tagalog7_BRIGHTNESS.wav,46df02ab0eae0407d3c4a152365197b436951398af59e971efcc3a6eb350ea51
vcm_train_004592.wav,fil50_02811_ref_tagalog11_BRIGHTNESS.wav,804537690c400c3c20ba159cf3e23314e850c3d9075a616faea883195db3e5be
vcm_train_004594.wav,fil50_08604_ref_tagalog3_STOP.wav,6d925c822cade805033f92a1a2f967cc39ae9f3302a5ad0eaec6cce569ff843d
vcm_train_004596.wav,fil50_07679_ref_tagalog2_ALARM.wav,3a766967172b785a916c2825c9e7be95c2682abc872d83cdf11275f5f8a092ec
vcm_train_004597.wav,fil50_04486_ref_tagalog13_VOLUME_UP.wav,2b7ecb56c3faf33c20125551673921c70ee0995a301ff95cd0b1428df548e148
vcm_train_004599.wav,fil50_12820_ref_tagalog8_VOLUME_UP.wav,229df4ed7c7443dee5c986b7081c5355751801742be6fee803fba728981d7b50
vcm_train_004601.wav,fil50_06192_ref_tagalog15_TEMPERATURE.wav,7001af8dc996d3f7c0584d8c2dd1769069c9ebf3a96da3b3da294c86716ef707
vcm_train_004602.wav,fil50_06952_ref_tagalog16_CREATE_REMINDER.wav,f5e6ad512ffa6cc8e20ea0ecd273a6cf90398f8cd2f35e7a46d4e71cc3225335
vcm_train_004607.wav,fil50_01989_ref_tagalog10_LIST_REMINDERS.wav,339e9780412064d5d722f1549d7b10700a183b22f86fb38b1b4efe5d4ed77da4
vcm_train_004609.wav,fil50_02812_ref_tagalog11_VOLUME_DOWN.wav,3aa2f5f8872370733cd2cda368c6d6e231e18bbbac3d282fb53114fdd9662cfd
vcm_train_004611.wav,fil50_08606_ref_tagalog3_PLAY_MUSIC.wav,b956e44c33df51ff3c2000c693bf16fa22cecc4b34cf4f90683036add99647b8
vcm_train_004615.wav,fil50_09436_ref_tagalog4_CREATE_REMINDER.wav,d708cb284c352bb809981dced5c519442f2717936010328d426c1bb4d81ca9b4
vcm_train_004617.wav,fil50_05332_ref_tagalog14_BRIGHTNESS.wav,e6cc2b833ad34a4c696d753f8788174fc0ea25be8352f918a555149d4044c02f
vcm_train_004618.wav,fil50_06193_ref_tagalog15_TIME.wav,be3258a55b6b3de42e2411a261979099ea6bae85755195591593579fb3991d79
vcm_train_004619.wav,fil50_06954_ref_tagalog16_TEMPERATURE.wav,95b99fa5ae0334c77ff06aa37d651740d53e347a8cbcbca97720d71521707a99
vcm_train_004620.wav,fil50_03618_ref_tagalog12_COLOR.wav,635b9552ec7d70469926b87e02a2609d9c1be10e353e819e014d691bf9217883
vcm_train_004621.wav,fil50_00298_ref_ilonggo1_PLAY_MUSIC.wav,d120269b1bed637c38bcf1f09c1f55bf609f2da9a73ccbe7d98f7bb5a5bdb505
vcm_train_004623.wav,fil50_10291_ref_tagalog5_BRIGHTNESS.wav,4142aadda4db6bc78b159f22a879c3487c80412612c2a7976150d1f729b21ac6
vcm_train_004626.wav,fil50_02813_ref_tagalog11_WEATHER.wav,8e627ebd9ec7cb684c9d6f971660d21d7b857c94f5c4b63887479292050c9f46
vcm_train_004627.wav,fil50_13607_ref_tagalog9_WEATHER.wav,36859f3cf9c19ca292e9f5374daa3f2434aa131cab8ca98e9225c8fde78321ce
vcm_train_004628.wav,fil50_08607_ref_tagalog3_ALARM.wav,60d9e4dc9792039157042d5951afc0fb4723420b97a7bef2eabd96099b824e43
vcm_train_004632.wav,fil50_09438_ref_tagalog4_STOP.wav,f547b98232267d565b303d44a040a7fe0dd2ff0d69c8545d991d0dda80e13cf5
vcm_train_004633.wav,fil50_12821_ref_tagalog8_COLOR.wav,3ab0396b89457610b7d9a999421a93859d5e49d91febe1ae35d7887a726fac78
vcm_train_004635.wav,fil50_06195_ref_tagalog15_NEXT.wav,6f2c2decc4e05971b40f9b0f6a11dde66f2b8b295918e9da85935d6135273f64
vcm_train_004637.wav,fil50_03620_ref_tagalog12_MESSAGE.wav,d5ce378dcf761d6582e4e50efc5cf43184cfed65ad994e2b370fec41763b4e17
vcm_train_004639.wav,fil50_11139_ref_tagalog6_TIME.wav,da1aeec98c0676acd88bdb381ccebe3126e96b237305cc978ddac315ace41d98
vcm_train_004640.wav,fil50_10292_ref_tagalog5_BRIGHTNESS.wav,5303b07cf9dbb4849e952c8bbc9daf1f11200e68937a380305e600964f01c837
vcm_train_004641.wav,fil50_01991_ref_tagalog10_MESSAGE.wav,28d915799532302083572a771d42350615376ef0842b6909c59860e8ba4abef9
vcm_train_004642.wav,fil50_11971_ref_tagalog7_WEATHER.wav,ce9815b70a4c2cba3b6a57468e2b65351a443701a1abbbd948ccfca02402dbfa
vcm_train_004643.wav,fil50_02814_ref_tagalog11_CREATE_REMINDER.wav,85c7d0cfccc24541c54979a4eba4a543789f7a69eba1e6c5e9816000131e9237
vcm_train_004644.wav,fil50_13609_ref_tagalog9_LIGHT_ON.wav,b0f78ed34fae1cf6ddf449d4fb686173ca4a616a5f4c97747b83ae11c806d843
vcm_train_004645.wav,fil50_08608_ref_tagalog3_COLOR.wav,1a34f2b65fecf4b70d01fcc6e42b7618f91aa4ebfa6fada5991acd2e1c53438c
vcm_train_004646.wav,fil50_01141_ref_tagalog1_ALARM.wav,75c3f997644e7145266015dcd00d089cc294103ba62306e51353315c1f6116ca
vcm_train_004647.wav,fil50_07680_ref_tagalog2_ALARM.wav,0e2de34ca0b77d4336cbac37734eb86c22c364cc3b13519794e346e4d831d3e2
vcm_train_004648.wav,fil50_04488_ref_tagalog13_BRIGHTNESS.wav,9a696ef8d587edc3df44c4bdf44b8c93b5728cc81dc2b934e1fe5d11a8883400
vcm_train_004649.wav,,c4eb9a72936f8eb42f58201bdd88e5450578d621485d24c73c0f14c3f1f62ee6
vcm_train_004651.wav,,b3f420fadbcd61619500233f4ca49800eaba0b057533901eb03207168ce6b79c
vcm_train_004652.wav,fil50_06196_ref_tagalog15_VOLUME_DOWN.wav,0c8db30bf948369e1d9600b06e306f977fe5981f57c6f517389da19e3448b468
vcm_train_004655.wav,fil50_00300_ref_ilonggo1_VOLUME_UP.wav,a5cc0786eb325da8f79dbf8de02cf9fefbe94d9a866d51a8229b04164500b338
vcm_train_004657.wav,fil50_10294_ref_tagalog5_TEMPERATURE.wav,3c040a2f1f091468b90d7cf460642eeea812877bab23c51086cfcbe6d7908b76
vcm_train_004660.wav,fil50_02816_ref_tagalog11_NEXT.wav,9a7a20c5a569ad49ccfb856451cad91e2634bc1478ba1b8f0f8cd9dcc7804f75
vcm_train_004662.wav,fil50_08609_ref_tagalog3_PLAY_MUSIC.wav,b51a9d3f131bf2aa55f4723ffb622ca58e3b87518905520ccd4c679bfb7243df
vcm_train_004664.wav,fil50_07682_ref_tagalog2_PLAY_MUSIC.wav,5f15716b63be1806e80406f0967a5fa1c0af8a50cef15b8e701f2ef1d69a8757
vcm_train_004665.wav,fil50_04489_ref_tagalog13_NEXT.wav,d08e1119ebb34c0020e163901b58c7af1b7706b4852059f5ecfd6c54ab093d23
vcm_train_004666.wav,fil50_09439_ref_tagalog4_TIMER.wav,01601ca991c401153a830558da2784ccdb261c209de8b37f765540b100130bb7
vcm_train_004670.wav,fil50_06955_ref_tagalog16_BRIGHTNESS.wav,8f265561184adea144df6da92ddf0235e0566cdc51d025df5c66d6eb7efc6a84
vcm_train_004671.wav,fil50_03622_ref_tagalog12_CREATE_REMINDER.wav,97a26e46e137e3dd1d2f01cf74612215459899a831bbd4b7ece9747bdf040b24
vcm_train_004672.wav,fil50_00302_ref_ilonggo1_LIST_REMINDERS.wav,71a06049060c3820f7aef95adc58d15b54b5a9a15902928d2af2d35f41b827a4
vcm_train_004673.wav,fil50_11141_ref_tagalog6_TIMER.wav,79d039479c846654e7d6fb20e37ef63fb052b880d6bb86d065082bcfdfdb1d64
vcm_train_004675.wav,fil50_01992_ref_tagalog10_NEXT.wav,c138db4efda3228314163f55e01900415f1ded80f00f4200ba98a57c066e1d42
vcm_train_004676.wav,fil50_11972_ref_tagalog7_TEMPERATURE.wav,62da1e1f6b866a5a1b851a7a46b7258db9db2aa030ca827740757f93b9ef0df5
vcm_train_004678.wav,fil50_13610_ref_tagalog9_COLOR.wav,c96851287fe9adc060653d34a3c58ba756783e2e06a1ef56b5ee277aebbd913f
vcm_train_004679.wav,fil50_08611_ref_tagalog3_ALARM.wav,a08707b820c05ed921f9e99bf9ef4b3c0ac1c24c8298fc8d9d1118b126c826e5
vcm_train_004681.wav,fil50_07684_ref_tagalog2_NEXT.wav,edcb1b458e923a26cd8fc516db5c83515305bcd15cb1857daa18cea27d5db87e
vcm_train_004682.wav,fil50_04491_ref_tagalog13_NEXT.wav,ca73441488bd8f835ac34801a4ecc08cad52b90c2c5532a9f088e2ab12f4b408
vcm_train_004685.wav,fil50_05333_ref_tagalog14_LIGHT_ON.wav,1fb4e3e32c4cff459ca7d0fc6da1c0d7aa876311ccdab667210834641fb3dd59
vcm_train_004686.wav,fil50_06198_ref_tagalog15_VOLUME_UP.wav,3b2ec76ff46cbb406980ad9d86191442cbd6f49dc607f03c8164d90e655b9d48
vcm_train_004688.wav,fil50_03624_ref_tagalog12_TIME.wav,5926462efca713523d3ca3624ad0c84a95428a7880e68996af29b890d3e51c16
vcm_train_004690.wav,fil50_11142_ref_tagalog6_ALARM.wav,60e953526f1b497f9e4f47edc7e6fcb5d26c48240fa1f85578eb894973284e22
vcm_train_004692.wav,fil50_01993_ref_tagalog10_BRIGHTNESS.wav,cfef11303cba696f7313ee99e1f9c549f99dfce640a6f738c8cfc960fccbdf73
vcm_train_004693.wav,fil50_11974_ref_tagalog7_NEXT.wav,b0ae021a4828eba6c0b6e91a340b6f97b2554da6717cbb53b14f86845a3733ee
vcm_train_004694.wav,fil50_02817_ref_tagalog11_CREATE_REMINDER.wav,f1b2eed15ce58e609f05e3ebda25e6d384f7f9486e4affabf1d5db2067721934
vcm_train_004695.wav,fil50_13611_ref_tagalog9_TIMER.wav,d40999c11eeda285198ba91b8876f007b38ee3e7fe9f0bd69bd2f776e491721a
vcm_train_004696.wav,fil50_08613_ref_tagalog3_NEXT.wav,f9075eee295631cbd7603743f58bac13ca8aad66bc6915eb2af05fc3af65d9f6
vcm_train_004697.wav,fil50_01143_ref_tagalog1_VOLUME_UP.wav,ba001b5c43614fa13042f72ccb698f908df3456ea72b629608e899c48ca185f4
vcm_train_004699.wav,fil50_04493_ref_tagalog13_COLOR.wav,ad6743ca53cb4d1bb5e45630ff206a50589472518656041f12b81759bb7f008a
vcm_train_004702.wav,fil50_05334_ref_tagalog14_LIGHT_OFF.wav,36fb6286e4cf34f7ff6a60e6992eb1722559ec327fc00f799c4a1051a58f3134
vcm_train_004703.wav,fil50_06199_ref_tagalog15_NEXT.wav,6d76d11b2bdba0109342e709a3aff24001004c6337c8679a40bae933ce1e7f8c
vcm_train_004704.wav,fil50_06956_ref_tagalog16_VOLUME_DOWN.wav,96c819d420466dbe763eae957ba8f45783df2a65a6bad6c72fabbf54dda2d0d5
vcm_train_004705.wav,fil50_03625_ref_tagalog12_LIST_REMINDERS.wav,61d40b11bd13e1bee8dcdb5b54a94c513c6c7f06da1e5bb7ae1ff5fafc5bd158
vcm_train_004706.wav,fil50_00303_ref_ilonggo1_TIME.wav,3ecb11c6b592d19c0f012e37f43263f6c072705615571a6b27a41da4911bfe1b
vcm_train_004708.wav,fil50_10295_ref_tagalog5_CREATE_REMINDER.wav,61048c886b878924c9d2f9628ef824cf0dba49762bebb4f35537a9aa08b3ceed
vcm_train_004710.wav,fil50_11975_ref_tagalog7_COLOR.wav,b42ab9306a400354ddba779c8873b3f4c596daf981ca298d80f0afa62aefc812
vcm_train_004711.wav,fil50_02818_ref_tagalog11_LIGHT_ON.wav,236e656bb59196f24da06e3254f75f01a1bb6d9a3857f37c0711584bb1648de2
vcm_train_004714.wav,fil50_01145_ref_tagalog1_WEATHER.wav,92c4bb056646427063650dfc82e9ed7883f38d34f626b4363f25160cd9bf4d41
vcm_train_004715.wav,fil50_07685_ref_tagalog2_COLOR.wav,acf650f49ba4177942dad82d303a2b9f684305ad6dff904a9d7c4c8720625b06
vcm_train_004716.wav,fil50_04495_ref_tagalog13_CREATE_REMINDER.wav,0bb5c0df1d6540f6af1eb6c7259ba12e4bfe97d3bbc38f43366fc2fd22b838fb
vcm_train_004718.wav,fil50_12822_ref_tagalog8_ALARM.wav,efe81441da7b2157035fee2acd10f236296b8bb285a467789834c4a16d612d49
vcm_train_004722.wav,fil50_03626_ref_tagalog12_TEMPERATURE.wav,63d741c5cb83613531106c6942fee5957660e60e93039ce2e5aee0fbeef16638
vcm_train_004724.wav,fil50_11144_ref_tagalog6_CREATE_REMINDER.wav,3a8d82be4e9349ae40da4be7d99860c8d7eaef401818806f440fdddb9b6c3a5c
vcm_train_004725.wav,fil50_10296_ref_tagalog5_CREATE_REMINDER.wav,75bccf3bbc05dcd49462036325984e7260ff71ec6feda01dc6d2b8d27670c637
vcm_train_004727.wav,fil50_11976_ref_tagalog7_TEMPERATURE.wav,85e4189e37cc8f250113c207be253951e9a4aeb286a62923a1d21491a3981bbd
vcm_train_004728.wav,fil50_02820_ref_tagalog11_BRIGHTNESS.wav,e76ca8001112ce33a8a1820c6303574456eb04a4748e6597615d1a28d19dac11
vcm_train_004730.wav,fil50_08615_ref_tagalog3_TEMPERATURE.wav,b67309117c966c483a71161a858def893a7a0779334f507e023631fbdc78c0d5
vcm_train_004731.wav,fil50_01146_ref_tagalog1_ALARM.wav,a7a8d43536b2a11b95811670e65ad4868e716ff5963c54757de625cf44e61ee3
vcm_train_004733.wav,fil50_04497_ref_tagalog13_BRIGHTNESS.wav,5afec32ab3229b5f5dfba4ccc1fa94686a34d6c23f9c7c2e4596c1945a73349f
vcm_train_004735.wav,fil50_12824_ref_tagalog8_TIME.wav,53a6efbc5fd1bc651170346b483bdd9cc4afb76bab90ed8cf782f939364477b1
vcm_train_004736.wav,fil50_05336_ref_tagalog14_NEXT.wav,3e45676b27c98e6e0eab2aa5f8e30c6e4f5b7f6850017545d57f6a7728c6fff3
vcm_train_004739.wav,fil50_03627_ref_tagalog12_CREATE_REMINDER.wav,085d01795eb8e84d53646b7dbc344c31a1a2c80a8a1ddfc8c42cbd68daba844a
vcm_train_004740.wav,fil50_00304_ref_ilonggo1_TEMPERATURE.wav,d72323b0fc153eea41c9b6c94b97850d7d4e5f9d60a402d523afa8d4009e35ce
vcm_train_004742.wav,fil50_10297_ref_tagalog5_COLOR.wav,1850cd6653f49592afda05967ddbf62f2a5ccbe50a20e8da894a06b6c89e7b67
vcm_train_004743.wav,fil50_01994_ref_tagalog10_LIGHT_OFF.wav,93650db323000681c006d75a74562f05a27e93d10552564d760c9bf9910d0868
vcm_train_004746.wav,fil50_13612_ref_tagalog9_CREATE_REMINDER.wav,9994a432ed6660d1d93fc42e726f4e6865a458a5a7fb93e3d5cc17df5f81edca
vcm_train_004747.wav,fil50_08617_ref_tagalog3_CREATE_REMINDER.wav,21edf94800034330814c525096e5f46560fbacbfb85b3702650aff5e069d8d64
vcm_train_004748.wav,fil50_01148_ref_tagalog1_LIGHT_OFF.wav,a1ca40726ac222149c5aa77bb453f990fab61667e3f71bd720c471b9ee74c0c3
vcm_train_004751.wav,fil50_09441_ref_tagalog4_VOLUME_UP.wav,c14c5d091e8b07f33af743b9e3b436766e22448d806efbdc8f2eae76a978b15e
vcm_train_004752.wav,fil50_12826_ref_tagalog8_NEXT.wav,b0e60ffbbad239fdab3c31ddce91dd879902ee2ae3d659296f328b5f13e5c1d1
vcm_train_004753.wav,fil50_05338_ref_tagalog14_VOLUME_DOWN.wav,58b2adc6a4ea218c55129827b4e00a724ddb2ef438142f87f157ff3025cc91f2
vcm_train_004754.wav,fil50_06200_ref_tagalog15_ALARM.wav,b4a9bbd9fb25fea9a2ed3e6706d8cdaf14fb542c402492ebac4f234c3404b0f5
vcm_train_004755.wav,fil50_06958_ref_tagalog16_ALARM.wav,e5919ac062b5c8d1bcd900895a9ba9047d2321395f29f34854bf93093b6e74d4
vcm_train_004760.wav,fil50_01996_ref_tagalog10_TEMPERATURE.wav,5408ed07cfb009989a7dacc4c2dd63740d609822e3c762336bbeb42d2c7e5da0
vcm_train_004761.wav,fil50_11978_ref_tagalog7_TIME.wav,5bec24492a5321704402cfd29d0f064cb71984290733803afc362b128520ad35
vcm_train_004762.wav,fil50_02821_ref_tagalog11_PAUSE.wav,ef6a932991822c43e76828bbaf928ee07e7a3b84d5ee56e298f869a552b340c1
vcm_train_004763.wav,fil50_13613_ref_tagalog9_TEMPERATURE.wav,8e2216fca60ff0a606906454856183d31284751bb0c8abb2dd9f7e996b8d9644
vcm_train_004765.wav,fil50_01150_ref_tagalog1_NEXT.wav,c41e57fff86fb93a941f704ab1ca9c1d28bf34c9f93c302dedabfbf37a23348b
vcm_train_004768.wav,fil50_09442_ref_tagalog4_MESSAGE.wav,e294044efc770ca066208966e895ddabd914698e5e60d6d739a25dbf3d9b5584
vcm_train_004769.wav,fil50_12828_ref_tagalog8_TEMPERATURE.wav,547c03b03da22ec8739b89fc70f1902d0d4c15d3455500fe4f16f70ab2ba7d7a
vcm_train_004770.wav,fil50_05340_ref_tagalog14_BRIGHTNESS.wav,c82179171a4ddecd715e56b7cfc3de313e51b1bd5e91457a2449276519ebcd48
vcm_train_004771.wav,fil50_06202_ref_tagalog15_BRIGHTNESS.wav,37495f1da00a79e1a89dd374fc1b83970762028e8557937d97a5db9bf3c44df0
vcm_train_004772.wav,fil50_06959_ref_tagalog16_COLOR.wav,f539fc81b194a0df153d85194721cbba88786ce20a5c8533b62901eca7fdf899
vcm_train_004775.wav,fil50_11146_ref_tagalog6_STOP.wav,80e84f9cfad05c4f06fca9bc42ffca92d88552d700db5dbd8b9e78623cb6145f
vcm_train_004776.wav,fil50_10299_ref_tagalog5_LIGHT_ON.wav,954cc8b70f40cc4f9b4e20c9ac363bcda034d18b8507201cb8381d0ad6e740e3
vcm_train_004778.wav,fil50_11979_ref_tagalog7_STOP.wav,235c97e8ced3a2cddd880c415ed94b321818b07e7f4e9c914109983ab901be92
vcm_train_004780.wav,fil50_13614_ref_tagalog9_ALARM.wav,8bdbaa26e6a9034c3a0cc91a934b6bbc7aa8e0341e93d8cc2918f961dbda049d
vcm_train_004781.wav,fil50_08619_ref_tagalog3_VOLUME_DOWN.wav,40b50d487e7fce3ca2a6a06ea7458a3adeb115ab06b6d5a82b3d324af43fe837
vcm_train_004782.wav,fil50_01151_ref_tagalog1_CREATE_REMINDER.wav,e2340ac6b8612fd7adb71029e81052bbcad1128eedca0762b7152657490865e8
vcm_train_004783.wav,fil50_07687_ref_tagalog2_TIMER.wav,e740bf415326f2832e9f9272fe695858d6076e62df5daf2b7673f84cfc488a29
vcm_train_004784.wav,fil50_04499_ref_tagalog13_ALARM.wav,4a6cb64ca4bf1e799d4b9e90eacbaeb5a25f642cfaf5680a2ff1ce967196b049
vcm_train_004785.wav,fil50_09443_ref_tagalog4_BRIGHTNESS.wav,9fb832e5934e187bbb5f08c55c184848b3a8af75eac7208a0a057b9356499498
vcm_train_004787.wav,fil50_05342_ref_tagalog14_CREATE_REMINDER.wav,c18f24b749df1c9645544d34799fd6f6b177779c76d2d1161cad69207b28a054
vcm_train_004788.wav,fil50_06204_ref_tagalog15_TIME.wav,bbc2e0d3540abb0a2d7459e3214a4a1c7b0e29cc789479b2d205e2dc6ecb22fd
vcm_train_004792.wav,fil50_11147_ref_tagalog6_NEXT.wav,063492e88d1634bd15af0a7b62a374063661c63b9c1ad1ec10585c42ab5c4a72
vcm_train_004793.wav,fil50_10301_ref_tagalog5_STOP.wav,451feb62291f7404b857b65ffccd4e1cf4bba24cdd18a4077fb8475c3a607e24
vcm_train_004794.wav,fil50_01997_ref_tagalog10_CREATE_REMINDER.wav,3fd88bf663ee4d8325e37f9e3f0341405da51d84359561063b87fbf4edac34bf
vcm_train_004795.wav,fil50_11980_ref_tagalog7_NEXT.wav,94ae3dbc8ed74220c2c25b3e14b47acbea58cc7a0132b5b75619267211ab3af7
vcm_train_004796.wav,fil50_02823_ref_tagalog11_TIMER.wav,7a152777689eb6474f1725713b838ab49e978a76b849878ea715b499ddc56932
vcm_train_004798.wav,fil50_08621_ref_tagalog3_CALL.wav,ea7516ef97fee195f92e34bacd866fd78f1161ae54650ae1f169baa7022faaeb
vcm_train_004799.wav,fil50_01152_ref_tagalog1_VOLUME_DOWN.wav,cae8ae8036bf7618c0c39f05b89ee24f872597ac1df19af9bb8c3a0637cea4f2
vcm_train_004800.wav,fil50_07689_ref_tagalog2_CREATE_REMINDER.wav,ba8e587e8cd4e5dbb0a742eced4b95376300d4b25db4b57947f485f3a281db73
vcm_train_004802.wav,fil50_09444_ref_tagalog4_TEMPERATURE.wav,038151902b2a0ed72672c881b31a42bb5ef9364abdd270a6ee54076d3d71cdfa
vcm_train_004803.wav,fil50_12830_ref_tagalog8_NEXT.wav,1a81e42284baccdfbbb223214786243cab49029ec209cdf6046b27069e20c54b
vcm_train_004804.wav,fil50_05343_ref_tagalog14_COLOR.wav,0adf67b23429b88b9b48f5ac297e11a8ee32fcaa0582542aa68ed363ed494a7d
vcm_train_004805.wav,fil50_06206_ref_tagalog15_TEMPERATURE.wav,1e88e76f5b6d0fb608f160b7a4598e5d6e8e0b3d7c73f1366e79136a1080370d
vcm_train_004806.wav,fil50_06961_ref_tagalog16_LIST_REMINDERS.wav,dc844b656f3d6d36daa9858358e884c1a72b769c706cf6d33f85fc7ca9fa67e1
vcm_train_004807.wav,fil50_03628_ref_tagalog12_CREATE_REMINDER.wav,f8644f9714911b4c1612129763a485e85e4656585a9a9bf8c940845a9f085634
vcm_train_004809.wav,fil50_11149_ref_tagalog6_STOP.wav,6bc7627cdd4e07dc28e5dfdcf83e400890407b98357aa6be159c9a1f586de45b
vcm_train_004812.wav,fil50_11982_ref_tagalog7_LIGHT_ON.wav,eb55f43d78cb9306e7f1da8d56ff14d827a358080d5531e58e6630f485375150
vcm_train_004814.wav,fil50_13616_ref_tagalog9_LIGHT_OFF.wav,dc57e8c7f7278c22074877a7d82a1fa983eb2b338fc1376ea01039a24e3f19fe
vcm_train_004815.wav,fil50_08623_ref_tagalog3_TEMPERATURE.wav,108ed8bbdcfd39fb6b9dcae26dc37dda12ebfdbd18bbc507ccefe08987d65b9e
vcm_train_004818.wav,fil50_04500_ref_tagalog13_TIMER.wav,f89e9795154fbbb4612d5dfa4d54d7045256ef8ac39487cd1edfe6a3f4be3bc3
vcm_train_004819.wav,fil50_09445_ref_tagalog4_VOLUME_DOWN.wav,60f6cde3020a32c5df6637b75edf1d5cb0b7358f6b7f93169cda1970938253a9
vcm_train_004820.wav,fil50_12831_ref_tagalog8_LIGHT_OFF.wav,1a50e841f95325095327c911bb49449b6d690434c8dea55b5fe4342b461d49e5
vcm_train_004821.wav,fil50_05344_ref_tagalog14_COLOR.wav,c500507501a92b3559904c3194e21d178e37822bc1f2557237f3bc6b105d92ac
vcm_train_004822.wav,fil50_06208_ref_tagalog15_CREATE_REMINDER.wav,4de2bcb975f2d4cbbe5e7020270d71e9fcc30be35361e7d67f940afa31ad4c96
vcm_train_004823.wav,fil50_06963_ref_tagalog16_TEMPERATURE.wav,eca2f5452c41bf1cb303bb8610b5089059ea2c206c765b573191d428029d0b36
vcm_train_004824.wav,fil50_03629_ref_tagalog12_NEXT.wav,8d001731eff63b2a306088d1e7393715ace74fc1d89f3cca2c8826ecdf45f4c1
vcm_train_004827.wav,fil50_10303_ref_tagalog5_NEXT.wav,a0029e05c8a9c385b30fc5578e046f305b3053216094057983b43ba934b48f11
vcm_train_004830.wav,fil50_02824_ref_tagalog11_NEXT.wav,ef9c1182439b220662e0968174f40656ac9eb528e2947ad374d9cd3779267d73
vcm_train_004831.wav,fil50_13617_ref_tagalog9_NEXT.wav,8779e28de5c882001d59e83db39a96e39a0290033ee43d6ca0be2cd9e2d15dac
vcm_train_004832.wav,fil50_08624_ref_tagalog3_TIMER.wav,d3eeb93eeb49b8d748c18d99cf2aeaaa3ce89a33722530ea937ea12235253234
vcm_train_004833.wav,fil50_01154_ref_tagalog1_PAUSE.wav,d9e2b3052585b51fcf07f78aec7e981322b2cd526b9a5cc1958488f8c0ca7cec
vcm_train_004834.wav,fil50_07690_ref_tagalog2_CREATE_REMINDER.wav,4715f904e76b41eeb6b5e22a3aa9f934499107b7e069772aa77ade4aa9b6a422
vcm_train_004838.wav,fil50_05346_ref_tagalog14_BRIGHTNESS.wav,b237d3e2e8ddad7f337fd916ccae31877a0314fbdd56e4b6d5aabc39a1ae4b47
vcm_train_004839.wav,fil50_06210_ref_tagalog15_MESSAGE.wav,6d02ec8aba0735a7f2228ad60e218e87ec6097cfe74b55b1cc4c161f5657f3e1
vcm_train_004841.wav,fil50_03631_ref_tagalog12_NEXT.wav,20e2b576c83c4174d753a1961ebba6c6ca4c00cf266e8ef943c4719b4abfdce6
vcm_train_004849.wav,fil50_08625_ref_tagalog3_MESSAGE.wav,1ab7363f7fdb3e16eded5425dcea89d34c666714f13af99e3463bfd0d6761485
vcm_train_004850.wav,fil50_01155_ref_tagalog1_COLOR.wav,5dda88751e94ba782fd7191cdc29b52d63f5d0a9fb82e2c9c7bab2b731e899ac
vcm_train_004853.wav,fil50_09447_ref_tagalog4_PAUSE.wav,1e3a2c04c489699b06eaac0f256bfd6ca972462e3ed363b835f3707a920f7e9a
vcm_train_004854.wav,fil50_12833_ref_tagalog8_PAUSE.wav,540c15feb768d02b14fa53719aaa9ceb93b44ce50e010a18f8035c78f402f86b
vcm_train_004855.wav,fil50_05348_ref_tagalog14_NEXT.wav,83bb14421373a795f4976f8fa419fe222caf95cef98495878e1fa7a336e7bc83
vcm_train_004859.wav,fil50_00305_ref_ilonggo1_NEXT.wav,75a2d8803c97407a33e13ce23457a4a9ea1267647b1681db9ad16fe4e2b61d79
vcm_train_004860.wav,fil50_11151_ref_tagalog6_PAUSE.wav,41d20bcb4da62ec4e70fec843b01105e5f2d3e56ae78b7d26270b9f8065c484a
vcm_train_004862.wav,fil50_01999_ref_tagalog10_ALARM.wav,4b7c904a3877455b02974fb5568eead5d90a377c077cdfcbb06b86fc8c909969
vcm_train_004864.wav,fil50_02826_ref_tagalog11_VOLUME_DOWN.wav,53f4cb2b5a361e9837b58e28dcf9d968dfe423592be902be446a5a4a6463a0e0
vcm_train_004869.wav,fil50_04502_ref_tagalog13_TEMPERATURE.wav,99c9b6b5ce2c3fe9a02a29d464beeb674661e0969043fdbde34833198a7ddcb0
vcm_train_004870.wav,fil50_09449_ref_tagalog4_COLOR.wav,123ca3dc9d68f734fee870c1065c7d466a25d1843fc5da5e888805a10f4ae360
vcm_train_004871.wav,fil50_12835_ref_tagalog8_ALARM.wav,2a3d06cb56c76c309759eb36903177ce05f4fb26083220ca183bb40693463667
vcm_train_004876.wav,fil50_00306_ref_ilonggo1_COLOR.wav,20021869d0a0d7583259dc2997037345ceb9575f81dd201057f07c2489f3ad8b
vcm_train_004877.wav,fil50_11153_ref_tagalog6_TIMER.wav,febf1974ec244af0b38cd3ad2335fca2ec466f0a0b050f90417df840ad6f7d99
vcm_train_004878.wav,fil50_10305_ref_tagalog5_LIGHT_OFF.wav,37273b0bd1dea67868f87a225f7b3918bb54004d7b613c1c437275dc55d906ff
vcm_train_004879.wav,fil50_02001_ref_tagalog10_TEMPERATURE.wav,8c7e7cd05d359f0535057bbda0a43e5df9b3e82b327b7b92626cfa890ecb01d9
vcm_train_004880.wav,fil50_11983_ref_tagalog7_TEMPERATURE.wav,e2baab1199914bcb619ca455fd50be011d119bc40bd69b5e28384abd2e11ba8c
vcm_train_004881.wav,fil50_02827_ref_tagalog11_TIMER.wav,36d3d1e1668fa3b9e9929d83a865307cfd22e8f75d75817240422b6f97b97797
vcm_train_004882.wav,fil50_13618_ref_tagalog9_PAUSE.wav,e7ec2d15697cad22a31b973cb2a966ce3e857926149c6103945b5c54c46d0a1a
vcm_train_004883.wav,fil50_08626_ref_tagalog3_TEMPERATURE.wav,31742b4ffc426df280fed141d64da68c188ca99948a73d293ec246837ca57db0
vcm_train_004884.wav,fil50_01157_ref_tagalog1_TEMPERATURE.wav,a0e098245ae3828e88422404484e425359fc9de566e887f4af9c4242829210dd
vcm_train_004885.wav,fil50_07692_ref_tagalog2_TIMER.wav,02563fbfbd4d995c2b177331e5fa9e5056d6000d05b7c8c288c78cca17df0605
vcm_train_004889.wav,fil50_05349_ref_tagalog14_TEMPERATURE.wav,75c2cd39c3a82ef82b92773da7b1c3ba74e9e464569b5986cfe37b649db1c8d1
vcm_train_004893.wav,fil50_00307_ref_ilonggo1_NEXT.wav,d621cb14ab17b690a90ff255c03f2515b0da13420a30f373c92381837ae16e30
vcm_train_004895.wav,fil50_10306_ref_tagalog5_LIGHT_OFF.wav,601a2840f5864915e7ff9c9c30cc37549258204f41e52c9cf8c196ac7a6b0e22
vcm_train_004897.wav,fil50_11985_ref_tagalog7_NEXT.wav,a8ef838c8b2066aba2630a63b1c91ac965240974b4f14c72a62fae4118df48a6
vcm_train_004898.wav,fil50_02828_ref_tagalog11_VOLUME_DOWN.wav,a2aaa53266c95c22b8141ac18d2e81aa1937dc9df7dabb459aad3865ca60db59
vcm_train_004899.wav,fil50_13619_ref_tagalog9_BRIGHTNESS.wav,cc7419066fa14e305339cb2d0ba23f67435cd9493bf2de025f1140a3a095b4e5
vcm_train_004900.wav,fil50_08627_ref_tagalog3_TIMER.wav,f295ee0c70827225cefa60be67ea360d4ab7c46c9319719789a40f4f2c34345e
vcm_train_004902.wav,fil50_07693_ref_tagalog2_VOLUME_DOWN.wav,28a6bfb2119405aa942e6dd34de2c1e6c64bdf9f7f7568aef46c2a03015ba432
vcm_train_004903.wav,fil50_04503_ref_tagalog13_TIME.wav,4e89847b23eac568c9770992263f2a1f00b1dad1a54eb3d1584bb00de2176ea1
vcm_train_004904.wav,,f51f0a24597d5df204c727601c7c309ee8cc520ba58abbb4e1b5bc3e23d65de0
vcm_train_004905.wav,fil50_12836_ref_tagalog8_VOLUME_DOWN.wav,5a356d1e1b438f3ed458524a1302d0100bb4873b7d58a3d7ea21dd21ead4a9e3
vcm_train_004909.wav,fil50_03632_ref_tagalog12_LIST_REMINDERS.wav,f60b3c72dec591fc5969a75c592d06a6ace1305f38a1a84638ba53a5b22025af
vcm_train_004910.wav,fil50_00308_ref_ilonggo1_ALARM.wav,bb8f39d2ae8a85009cf1407c5a6e0c2368a512bad50129483814cd29aba0b8fd
vcm_train_004911.wav,fil50_11155_ref_tagalog6_BRIGHTNESS.wav,1027639a0805800ced770f3dad8b032b19040d9148f2cbd194638536d0c8e419
vcm_train_004912.wav,fil50_10308_ref_tagalog5_TIMER.wav,3fe227649bbd7f804382d9fa6b6fc670478c213bd37d90ee9ccb912d5981ebd1
vcm_train_004916.wav,fil50_13621_ref_tagalog9_BRIGHTNESS.wav,bff7693a39537c852caf3b7caad5c0f6a4162c4700d074155efa9d982fb5d673
vcm_train_004917.wav,fil50_08629_ref_tagalog3_CALL.wav,b6f816b6917b3121ff738f71fe3efddd18b1c8e96203f5aa7aacba85c797ddbd
vcm_train_004918.wav,fil50_01158_ref_tagalog1_WEATHER.wav,c3dccfc18e8cac033e04a0da17a3f0413833f618342eca83eca51e88132092a2
vcm_train_004925.wav,fil50_06965_ref_tagalog16_STOP.wav,f67065df65dc0d706b7d475682794aabc8ea668660aebd5f00fff313f499f7fd
vcm_train_004926.wav,fil50_03633_ref_tagalog12_CREATE_REMINDER.wav,3410c8b4a4922f2f9642a25c57147be9bff186d6d5afcbd46b87dcbf5f5a6530
vcm_train_004928.wav,,f890ce8862059e0d6747dd3e8048516641b3435e22c274830d6e8808192a09d2
vcm_train_004929.wav,fil50_10310_ref_tagalog5_STOP.wav,dbd4fb92c84ec373e22035affd55119e7b7020730bdb2d5fb6edcd63b19b6dae
vcm_train_004931.wav,fil50_11986_ref_tagalog7_BRIGHTNESS.wav,ccf444d1e8769375b54dd47aeaa1cda9ecdd23116eaf1b23404169cf7589eee4
vcm_train_004932.wav,fil50_02830_ref_tagalog11_NEXT.wav,572b0d83507c6f1c987a09cbb0d215bfea87cd34af072ba6fdac916ef403ecb7
vcm_train_004937.wav,fil50_04504_ref_tagalog13_LIST_REMINDERS.wav,b50f314dc133c059fc174e80fc21e822ede9791ee9994627926f15aee245d882
vcm_train_004944.wav,fil50_00310_ref_ilonggo1_NEXT.wav,42aa4ff46df01d1830a32621f856669c624363dc8b380a2bdd928f771454c8f3
vcm_train_004946.wav,fil50_10311_ref_tagalog5_BRIGHTNESS.wav,f8ed5d71c7c3126e88f5c20d51e1987748bf3e5ed5e900bfef890db3739b28eb
vcm_train_004947.wav,fil50_02003_ref_tagalog10_NEXT.wav,9162f639b08d562463ccc390385a0fc8c0032def3c8f88f9f8ae7b667f9dae2f
vcm_train_004948.wav,fil50_11988_ref_tagalog7_ALARM.wav,78816660b8003746a61032a36ee9c52422a6379e3b74fae1a416243a42eee87e
vcm_train_004949.wav,fil50_02831_ref_tagalog11_TEMPERATURE.wav,9df6eff6fd2bf4b39413aa1cf76eb2e5673f4470a397ac033911b82a52c26d33
vcm_train_004950.wav,fil50_13623_ref_tagalog9_VOLUME_UP.wav,d1bbc8758606cafc5af53d2cf3c91658dc0127b19413b1426d77b2d8a62def7d
vcm_train_004951.wav,fil50_08630_ref_tagalog3_ALARM.wav,099c8ce587dc720554004a92d54b6331ba51c7bbf8a91a938e8fde64b106e256
vcm_train_004952.wav,fil50_01159_ref_tagalog1_BRIGHTNESS.wav,5236e543748c7b34cf33c35113531e3b18194afdaf6daf02039af49d4da4d7fa
vcm_train_004953.wav,fil50_07694_ref_tagalog2_VOLUME_DOWN.wav,f73dc4e86b0c04ff9e471445445487a3a14fe9391171c1cee4b0389c785a9ae3
vcm_train_004954.wav,fil50_04506_ref_tagalog13_TIMER.wav,6bb3484001293f02a76ad10acb0487856113dbcac23a08d78e25d02c7dfe59fc
vcm_train_004955.wav,fil50_09451_ref_tagalog4_TIME.wav,9a58686f09a3b55e85db7463806d2b3a9df8d56ac6acc42b031c1b488870b785
vcm_train_004956.wav,fil50_12837_ref_tagalog8_ALARM.wav,1ca82818f275214fb56130a5d3bad1a48a5a21d2899d44b6c17e3641022a61fa
vcm_train_004958.wav,fil50_06211_ref_tagalog15_MESSAGE.wav,ed9c14a92e76c8f9f80797500b264c23039bd1da8bc85d8310762088cd1f7c2d
vcm_train_004959.wav,fil50_06967_ref_tagalog16_STOP.wav,62a96bc04be95ac406c29e112d49a399e73410d942929b6171e28057f62ca97b
vcm_train_004960.wav,fil50_03634_ref_tagalog12_LIST_REMINDERS.wav,2968c2d2c6b5d366757809ace9df883ad140306d1ec7f11b5450c32e617e2e81
vcm_train_004964.wav,fil50_02004_ref_tagalog10_TIMER.wav,9b53732545d3906635718b2c2c0be6c3304a1a2e1647d67c27345da03e930146
vcm_train_004965.wav,fil50_11990_ref_tagalog7_COLOR.wav,8de9843ef36dfe789459626f6f19acbcf2b4d4f42af87d4c2297b8e4c48b2700
vcm_train_004967.wav,fil50_13624_ref_tagalog9_COLOR.wav,69c4773d326b6332c0b7e93cddf5f8efa3c0c39212f1288334b49c1a1e24f3f8
vcm_train_004968.wav,fil50_08631_ref_tagalog3_COLOR.wav,665eb0d677f280a57d69886fdd4891d0f1c89351250820f7a1284d6d0f7610e8
vcm_train_004969.wav,fil50_01161_ref_tagalog1_NEXT.wav,580883951964ccabf1b1ee9c62460324c1cc41c7b87dd6749f526a93eb30385a
vcm_train_004970.wav,fil50_07696_ref_tagalog2_ALARM.wav,3268a8aa753aef66ef825b2bcd9e2589b849d3ed083b09dd75d2785f2e8a330e
vcm_train_004973.wav,fil50_12838_ref_tagalog8_TEMPERATURE.wav,6f1da568a5293d63d9c65009c0616d4d267a1d79405ec9d3a4139ec714cdf1b3
vcm_train_004975.wav,fil50_06212_ref_tagalog15_NEXT.wav,67319baa79f06e7ed5cae48eb77067d21a437a8796c7b0f1e144d0e07f972935
vcm_train_004978.wav,fil50_00312_ref_ilonggo1_TIMER.wav,953b96c01ccddcd17801d56b68e5674f8ac575a6025d569759a8b619cf3020f3
vcm_train_004983.wav,fil50_02832_ref_tagalog11_PLAY_MUSIC.wav,c13c4c046298b089df57047f9b4b99eaaa4819be276be4f786a9513b99b3c6dd
vcm_train_004984.wav,fil50_13625_ref_tagalog9_CREATE_REMINDER.wav,37fd18f35aefc038028b4753bf37114b91d829e37185ea70b75da4107bfe1ec2
vcm_train_004985.wav,fil50_08632_ref_tagalog3_LIST_REMINDERS.wav,47c2e994b03aec66c14c6d6feab2c4277c0832a99a019e29dcec4c878d62e9da
vcm_train_004987.wav,fil50_07697_ref_tagalog2_PLAY_MUSIC.wav,aef2af8d91c3650a48bf6977a51bb4afb4ee680df0403e2123495a1f9e1b17f7
vcm_train_004990.wav,fil50_12839_ref_tagalog8_LIGHT_OFF.wav,224b120eb1712ececf3e7915d3e612141b6510be83cec61b5401c025832cf3b2
vcm_train_004992.wav,fil50_06213_ref_tagalog15_WEATHER.wav,aa008473ec9ec19a56e05050877aa932078fad71d1e5a43cfddf107f4fdc54e7
vcm_train_004994.wav,fil50_03635_ref_tagalog12_CREATE_REMINDER.wav,3b3d478a4ec7fe481a151a0116ff4db28a9c5438c84d343140e302b0968267f9
vcm_train_004995.wav,fil50_00313_ref_ilonggo1_ALARM.wav,38785d585bafadd74c509ba93160cd52d68e91407b8915dff7408058b2197a48
vcm_train_004996.wav,fil50_11157_ref_tagalog6_TEMPERATURE.wav,b3a046c0fa90c1cea9509370b49bf693f658c2471b34413fda09df02a630d5cf
vcm_train_004999.wav,fil50_11991_ref_tagalog7_VOLUME_UP.wav,ecf622e369f62cce76046a4e3a5b392122b2f009efe108d9b207cc45fe3ec18d
vcm_train_005001.wav,fil50_13626_ref_tagalog9_CREATE_REMINDER.wav,42642496b079f21581459b7c2d78d8ce44b851a7c9fd73d64e8ae9f9381c627b
vcm_train_005002.wav,fil50_08633_ref_tagalog3_WEATHER.wav,185cb33e88becebccb4119e80f3d5ab2128f6d96c3ddeac22eabd654e31d2a21
vcm_train_005004.wav,fil50_07698_ref_tagalog2_CALL.wav,a4f55ef94d66d25f5ded3d0f2678e098489eca58f57140008c76a5d9954e5b96
vcm_train_005005.wav,fil50_04507_ref_tagalog13_CREATE_REMINDER.wav,7ebaeb0bd352ae8d3d729cba15be92ea7f64d232ee6304c9bb49677f13e4b405
vcm_train_005006.wav,fil50_09452_ref_tagalog4_ALARM.wav,e478de22309ef45adf74050ee8fe9aed6486d83d45d2388686b02cee2ec6828c
vcm_train_005007.wav,fil50_12841_ref_tagalog8_NEXT.wav,ba73295ad2feb3a6e715a2ed20b52b720139a21f4299112048a7877cd631894e
vcm_train_005009.wav,,456fff28e13377bc55ae21d4262a8c4f1db3beb24d9bad0158e6a92e8c271f2f
vcm_train_005011.wav,fil50_03636_ref_tagalog12_LIGHT_ON.wav,5a4ea6ea663b2b08cac0a45bdc93c16ed548e160358305766e952477362f7a85
vcm_train_005013.wav,fil50_11159_ref_tagalog6_ALARM.wav,7d5a7e01740c0087d13dc4e4a3c2dfb7c7e2fe33a744b5d640985654f554f0bd
vcm_train_005014.wav,fil50_10312_ref_tagalog5_TIME.wav,c046b30a1f8b9e862e9a02bb716d5a6eb8bb1f811b5856a30448a4bd12637616
vcm_train_005016.wav,fil50_11992_ref_tagalog7_PLAY_MUSIC.wav,6fb39825d6a64f3c42ebfc1048de2e6f20de7ca3eadd39f9c6ac2a302c950656
vcm_train_005017.wav,fil50_02834_ref_tagalog11_NEXT.wav,239dab43eb68d9f77c0fadcefef0a5f78d1492fedf0ba20c1fe4440a627a30d4
vcm_train_005019.wav,fil50_08634_ref_tagalog3_VOLUME_DOWN.wav,3bbcf1a8d2e4cc4d8ce49cdae7036e9d59164f8ea339619cb56c79f9ccd8271d
vcm_train_005020.wav,fil50_01162_ref_tagalog1_PAUSE.wav,ce20d12a6efea7731cef149967465b6ed738e69f22d769e1b5fd6e47086a09be
vcm_train_005021.wav,fil50_07699_ref_tagalog2_WEATHER.wav,b2a4da284941c87c6b968ae808bd631ae90426298276c88a3da7d8d9fe4e922d
vcm_train_005024.wav,fil50_12843_ref_tagalog8_TIMER.wav,66cd62c673109229ce5b9714b9ecce21679b1f5d0aef4a70550e6d975da3a97b
vcm_train_005025.wav,fil50_05350_ref_tagalog14_COLOR.wav,4bcc197c4acdd1113156e02e4f8e35f8bcffc44df90124ee77898c896a92b248
vcm_train_005026.wav,fil50_06215_ref_tagalog15_ALARM.wav,e4628c45d18da917a3016fdb8aa017bb9af801192f384694f5e274a3915e4f31
vcm_train_005027.wav,fil50_06968_ref_tagalog16_NEXT.wav,d70378c645fbdde8f7e0a3021701152d43fd8720a4154b8a3c933d34d25e2214
vcm_train_005028.wav,fil50_03637_ref_tagalog12_CREATE_REMINDER.wav,abd1719554ada00336ab26f0f6d790f016c755178384bdbe06ec6ea7178ed6bd
vcm_train_005029.wav,fil50_00314_ref_ilonggo1_NEXT.wav,247f9050cf01813ba76d477f36c3656a18e1425bc95af19175f36b407ead1bf6
vcm_train_005030.wav,fil50_11160_ref_tagalog6_BRIGHTNESS.wav,a299c68413ba5d450c1e48371b200c07f85ecd07338344255cf19d44632e3ad6
vcm_train_005031.wav,fil50_10314_ref_tagalog5_WEATHER.wav,4eb68ab079de5f469ab942163d8f78d074751488ca8c6749a0327c7e61c64b1c
vcm_train_005032.wav,fil50_02006_ref_tagalog10_ALARM.wav,6b74dd4768f46a18f3b0ef95d434bebeb06520ca08ffce9d635d004425dfd314
vcm_train_005033.wav,fil50_11994_ref_tagalog7_WEATHER.wav,3444d62d24756d587ca77e782191d233f5b5099f9282cf99a06fe6bdfb94d209
vcm_train_005035.wav,fil50_13627_ref_tagalog9_LIGHT_OFF.wav,01199d8d31c9d5902b9fcc480a612becf6e80d7ed4933689e3dd50b2b1440d7e
vcm_train_005036.wav,fil50_08635_ref_tagalog3_STOP.wav,1e7c579876b65d74e44e0c42de6caae7454d52b92669ede5a45d1709b051295a
vcm_train_005037.wav,fil50_01164_ref_tagalog1_ALARM.wav,354a51a6a609c1050cc47090e40d909b6673ee7debe518e96e62cafd4c532a7d
vcm_train_005038.wav,fil50_07700_ref_tagalog2_ALARM.wav,c63074e3367f4f42bb3f2269c8287cdd3b4a253264e5cbdfed82e52a43414a96
vcm_train_005039.wav,fil50_04509_ref_tagalog13_CREATE_REMINDER.wav,446f090e2feda968b84f6c06cbfc5b1060a5cdca3a7474612799a7371511017a
vcm_train_005040.wav,fil50_09454_ref_tagalog4_TIME.wav,43f869566ac4bded0d30b7680bc00162d3917031d8ef616c021769dbcdbe68fe
vcm_train_005043.wav,fil50_06216_ref_tagalog15_TIMER.wav,669f9a502932fced92f37de6789dce4caf4354dcb34dd6c2c40322dff931a0e0
vcm_train_005044.wav,fil50_06970_ref_tagalog16_TIME.wav,36e2a34eff48204968fc06ae39596025509c90da5ed973fc1f6e7d2ab98dfb8b
vcm_train_005045.wav,fil50_03638_ref_tagalog12_MESSAGE.wav,937203a06d7f58b031a83223102f7fbeeaf095b8095074484c9e6e431006a6a9
vcm_train_005047.wav,fil50_11162_ref_tagalog6_MESSAGE.wav,9c338eb8d257e508d415cb50d010aaad45e63fca6f83a5d44405c3af3df5a311
vcm_train_005048.wav,fil50_10315_ref_tagalog5_LIST_REMINDERS.wav,acd76464777699080d30a2eb91f2045ceeddbff99687f866b93b462e42c60c7f
vcm_train_005049.wav,fil50_02007_ref_tagalog10_TIME.wav,d8c73e7824b553a5feeb2af244c201d62f090db4606a5adc6f0b432dd7160222
vcm_train_005052.wav,fil50_13628_ref_tagalog9_LIGHT_OFF.wav,237ab457137746e954debbc98a65f24266e4d6f46b2ac08e2be5ed9e381f36e8
vcm_train_005055.wav,fil50_07702_ref_tagalog2_COLOR.wav,8bc31e4f484a80965554c339c3149d40afc2edb1eb5a797ce682df45ea974bf7
vcm_train_005058.wav,fil50_12844_ref_tagalog8_LIGHT_ON.wav,dcc97a7085d72e2dc1c102f58c261897fb7f7accab8d28955c8843b3bceb25ae
vcm_train_005059.wav,fil50_05352_ref_tagalog14_ALARM.wav,83f4d67abb1a126c547a2377bcdf434310bdadea029db39a8c2d134c6447c8b9
vcm_train_005062.wav,fil50_03639_ref_tagalog12_STOP.wav,44ce618dfeb4dbb851af5f32a3c392285045823a91a428c68c15020c80106c5f
vcm_train_005063.wav,fil50_00316_ref_ilonggo1_TEMPERATURE.wav,0a740a43d001086015708800e2d82d394d7cc4321b68418da1adbf6a60ee9400
vcm_train_005065.wav,fil50_10316_ref_tagalog5_LIGHT_OFF.wav,c6b0c5aaf3697bc21163795a128acb6094695ab023523b6d2ac2c941ef4fe868
vcm_train_005067.wav,fil50_11995_ref_tagalog7_STOP.wav,7917dabbc6b84347c6219362dd446c69ab4b874eba51010f1109c77585e64037
vcm_train_005068.wav,fil50_02835_ref_tagalog11_LIST_REMINDERS.wav,f8c291037a631bd02efb77f8690943e5cd9ab2a1b565c7410d84e732dda49e50
vcm_train_005069.wav,fil50_13630_ref_tagalog9_CREATE_REMINDER.wav,e3fae32fdf830a39edec2d11599dee8aa46579423356da0b3577df9641dcda6c
vcm_train_005071.wav,fil50_01165_ref_tagalog1_COLOR.wav,5ca85d18d0215c2ff127bbe27802c43bfe8507352cea718030e18792a93cc02b
vcm_train_005072.wav,fil50_07704_ref_tagalog2_COLOR.wav,d69a17ec61200c1e23e2f7409dfe4b0b0cd9ec53f78c7fe9aae50b8e1624e2c8
vcm_train_005073.wav,fil50_04511_ref_tagalog13_WEATHER.wav,a61e1983a8f9b5b075ed19d46082d65c8a2e0f43e347ab046e47cdc7c08aa064
vcm_train_005076.wav,fil50_05353_ref_tagalog14_ALARM.wav,05baacc5e6c4aea2c9d889b0348ec478b03ccbb925661e7ccac2dfd1a066b01c
vcm_train_005077.wav,fil50_06218_ref_tagalog15_ALARM.wav,d68c8842eb012fbb3d4e5d659a8343c41217939b275b94c3b4055e145100c7a7
vcm_train_005080.wav,fil50_00317_ref_ilonggo1_NEXT.wav,51db9821754e3d8d4906ce6fb9155b67e8a77e23813da3f10ffeeb3d7917fe20
vcm_train_005082.wav,fil50_10317_ref_tagalog5_CALL.wav,8d462b96c34a08bc686d8776ac4cbba7bd549bf547e56412c08bba89d4f7fad2
vcm_train_005083.wav,fil50_02008_ref_tagalog10_NEXT.wav,273d6614a5883f63ed1215d2b5dc99f3cc5aa91cbce9771f72c1d93ceb9100a3
vcm_train_005085.wav,fil50_02836_ref_tagalog11_VOLUME_UP.wav,3da9f3d89ef40eaf2fb71b69bb697a9f95a12094399c0e840d55ae20f1c78b2c
vcm_train_005087.wav,fil50_08636_ref_tagalog3_ALARM.wav,be9f1fb48d02ce89b5a6dade73fa7af9e4adf84bf467197f7bb2515b3827f362
vcm_train_005088.wav,fil50_01166_ref_tagalog1_PLAY_MUSIC.wav,241e52b9e58c4401b16de4a37727222f840ea9f99bb30ab207ae25e425fe2639
vcm_train_005089.wav,fil50_07705_ref_tagalog2_ALARM.wav,5d9e0e1d7f4ab34ddecb1e145d2946ed9014ce6fd0e4e7ff7f7c1f2a85c78da1
vcm_train_005092.wav,fil50_12845_ref_tagalog8_VOLUME_DOWN.wav,ec4ad37794a657816df050150fbd3fe7e5f543c6b9f64096420b076f674206d1
vcm_train_005093.wav,fil50_05354_ref_tagalog14_BRIGHTNESS.wav,75ef1f052b4a096c1906e7899ca8f82f8181f1641708a9323b47db37e3b0aea8
vcm_train_005094.wav,,0399b6c4ae69dedcf7389a751f2b02a5d0f4ec4a56683e985084bf21db5e5747
vcm_train_005099.wav,fil50_10318_ref_tagalog5_NEXT.wav,4500cf9a0f1e3eeb372fc21032964c9a12c4e0839e219949ca439a911da102c9
vcm_train_005100.wav,fil50_02009_ref_tagalog10_BRIGHTNESS.wav,29cb18733cf64d12e2fc51296abef4e1fc85f32704aa436d43a0e2e38a731e8b
vcm_train_005103.wav,fil50_13631_ref_tagalog9_STOP.wav,7c8dd86bce9bed4bb954315f345cf1930ea561c57b5210ca2c1bbf389f4254ad
vcm_train_005104.wav,fil50_08637_ref_tagalog3_BRIGHTNESS.wav,8c0eea4e83db0683ed3b91d06c5f929ec2537b4c5dc659a8b4af1bb0ef16fa4b
vcm_train_005105.wav,fil50_01167_ref_tagalog1_ALARM.wav,78885f92cd6dc1207e784317b9674577ba172db817386b1cb93545462930c395
vcm_train_005107.wav,fil50_04512_ref_tagalog13_WEATHER.wav,9be2cfa12358fc422a030b02d8ac8b2dd0264dad9e70ef1b73856a2d98dfcc6d
vcm_train_005108.wav,fil50_09456_ref_tagalog4_MESSAGE.wav,fb75a05f4acfac159a4e38f327cdafb85282f3d842e732af3178f29408df0b66
vcm_train_005109.wav,fil50_12846_ref_tagalog8_TEMPERATURE.wav,96c746bc7c86ac63e4b2c449629ffd2865fe5c7d8ab30c0fb08072649099d00f
vcm_train_005110.wav,fil50_05356_ref_tagalog14_VOLUME_UP.wav,a22128f3c51780fdb9c1000aa700cbb7455d3744789e47e45307002d6308f456
vcm_train_005113.wav,fil50_03640_ref_tagalog12_ALARM.wav,775240cad37c25917f342100a9e00ed422c04bfce5a35f55de458ef7aa8dec63
vcm_train_005114.wav,fil50_00318_ref_ilonggo1_TIMER.wav,f844874c74ca4f4b15f35a81b52d853ba77f68bc6b7065cf2acee50cc8470f9f
vcm_train_005118.wav,fil50_11996_ref_tagalog7_ALARM.wav,7f5f877d514ab8c08e6d2e3845dd1203cf1f2abde886b85f194129939a4b61c8
vcm_train_005120.wav,fil50_13633_ref_tagalog9_TIME.wav,aa5d4e1987025e5ce69b147ae1df328a581d40bfe8e17d79cf6defc6afc36e46
vcm_train_005122.wav,fil50_01168_ref_tagalog1_LIGHT_OFF.wav,88c351572b96335011d5cadbde298cfa8992457c2accba25f69bb051105648bd
vcm_train_005124.wav,fil50_04513_ref_tagalog13_STOP.wav,b3a75c02cb2bd522e02c0d22fca45742984e4554787acd387b3469da9145026f
vcm_train_005127.wav,fil50_05358_ref_tagalog14_VOLUME_DOWN.wav,2e99e0809d3f1d63b10917e84f3bcf9482df834c796e31d2632360f9fc901ad7
vcm_train_005128.wav,fil50_06219_ref_tagalog15_LIGHT_OFF.wav,82e96ddba82b813ce302419717017feb2412f5400f4aa91769a484df1a9fcfcf
vcm_train_005131.wav,fil50_00320_ref_ilonggo1_TIMER.wav,109124f369d8a2b0484a9c1eea06af990b69947e313b7a635720a073d837c69b
vcm_train_005132.wav,fil50_11164_ref_tagalog6_TIMER.wav,12ee6f9fa1a9d493d00adbcc71bab5c1fdef3ba8e847fa78b9c0b442a16bb290
vcm_train_005133.wav,fil50_10319_ref_tagalog5_NEXT.wav,f67b35f2b8c6954a603c3d232212740800e6e0d9ce488ca8fdd960645cfb6b3d
vcm_train_005136.wav,fil50_02837_ref_tagalog11_ALARM.wav,104d4babee60ab718eef10e42cb21950861962f6cee8feac62f93a8e3ad1a186
vcm_train_005142.wav,fil50_09458_ref_tagalog4_COLOR.wav,4dcb4926418dd26df05dfd3b757fe439735e2e66c8ef89e0c49073604fbec697
vcm_train_005143.wav,fil50_12847_ref_tagalog8_TIMER.wav,b3f6f0f449ee3f7c1bf620c8d918ede2843d80197d25854507f60d01d75eae31
vcm_train_005144.wav,fil50_05360_ref_tagalog14_BRIGHTNESS.wav,8ea18a6e5db97c2dd063650e8ff64df288d28f0c4b9a94315473b5f01ecdc9f5
vcm_train_005148.wav,fil50_00322_ref_ilonggo1_PLAY_MUSIC.wav,f631a658e639322d820ee85ddfbf42750057d2175e03fbb7e95aa122e3ceff62
vcm_train_005151.wav,fil50_02011_ref_tagalog10_TIME.wav,b82f9b9055f2dbd456697cd6c596fd779c8025fc91efb0b348f75d428e748ad1
vcm_train_005154.wav,fil50_13635_ref_tagalog9_STOP.wav,4184c1aa0d035f3fdd71cf6c819a865c5e81f209a83bdfca10e6b2ccd9cc247f
vcm_train_005155.wav,fil50_08638_ref_tagalog3_LIGHT_ON.wav,c2bc24870e45a2cf4c35a6730ecd2f2919e6df7cdead4b02b88e706a53f8d5a4
vcm_train_005156.wav,fil50_01169_ref_tagalog1_MESSAGE.wav,c3755de210fc12942861129b03798a4ec19cee0560390d89470f7aa6d4079ef1
vcm_train_005157.wav,fil50_07706_ref_tagalog2_CREATE_REMINDER.wav,8a7e229a377687460cdf04a08eb6e7fed10fd3f36e2457515c0f3e0741846559
vcm_train_005159.wav,fil50_09460_ref_tagalog4_ALARM.wav,8ff36b3f75fddcd521369b7e8debba4a178b4065e066fbc7ebed0000ff79de83
vcm_train_005160.wav,fil50_12848_ref_tagalog8_CREATE_REMINDER.wav,cfeba2ecfbff7a30b6b291c876f633321c9efa927f450b3c4c7393932ba0fc81
vcm_train_005162.wav,fil50_06221_ref_tagalog15_BRIGHTNESS.wav,ba62763ea342ab871ca54ec519d308811d1f5c964679c2537c4d82528d273930
vcm_train_005163.wav,fil50_06972_ref_tagalog16_TIMER.wav,211f689682dc73653cf250db357d8ac7579a0dd79954ed5bc4540995c509ec4e
vcm_train_005164.wav,fil50_03641_ref_tagalog12_MESSAGE.wav,eeed8290c387b94d6eddd903bf4ebf0341b962f7038f752baedd262c5ecb0f2f
vcm_train_005166.wav,fil50_11165_ref_tagalog6_BRIGHTNESS.wav,3e0b1d2fca57ba1dbade76d39062d5c5d3e470596a39765c0951215415f87d04
vcm_train_005167.wav,fil50_10321_ref_tagalog5_NEXT.wav,91bd5aac1f1bc9a1a9c360bc9d96dd5e49e868f4c5e44e1e5271764604690175
vcm_train_005168.wav,fil50_02012_ref_tagalog10_NEXT.wav,e03a727e5bb2d0cb85f11798b448179d884206624e32290516d8e435d3189620
vcm_train_005169.wav,fil50_11997_ref_tagalog7_COLOR.wav,236e62336bb403a7178f581769e3fc59cdd74c829dc937cd2fc7731af4d879a0
vcm_train_005170.wav,fil50_02838_ref_tagalog11_TEMPERATURE.wav,8b8af3f98477fbdd2679647436ed283f36d2ffd7fc9fb4ecd15e369042c07246
vcm_train_005172.wav,fil50_08640_ref_tagalog3_TIME.wav,189ea4284245f2475bde8bc1db4bce3d5898f2d0c02f91785fd84011a29f6bf3
vcm_train_005173.wav,fil50_01170_ref_tagalog1_CALL.wav,1a4fe966ce0b963717e8c4c50fe3f0d058e9a865f0e5b931faacd68ae75cf5c6
vcm_train_005176.wav,fil50_09461_ref_tagalog4_COLOR.wav,43f65f61397e41d22a1117fc83bf27fc1ed888d07d42e56f2ba092b13ba1eab1
vcm_train_005177.wav,fil50_12850_ref_tagalog8_ALARM.wav,844b303f0bd24d4febe3d56f34846a1d2955adb59133b02cf0d9e7d866f9afc6
vcm_train_005179.wav,fil50_06222_ref_tagalog15_NEXT.wav,64c1fd7a6e203fd68c0505fa90622e47fd63b3f058f6da1ff2a25f01339baa14
vcm_train_005180.wav,fil50_06973_ref_tagalog16_LIST_REMINDERS.wav,5b39f16bb6d77c12db54feeb6a8021a71d51c4f5acecef4888b3633e7515abf7
vcm_train_005182.wav,fil50_00324_ref_ilonggo1_TIMER.wav,fdf7e900e7b588d193ca7c5a98e4f53c59d9c109dc2ea2cb3d7bf1b00c0dcc44
vcm_train_005183.wav,fil50_11166_ref_tagalog6_ALARM.wav,cbb0952b51a1edbd629e2c85596ef88469640989936ca42a275cd647f7f0275e
vcm_train_005184.wav,fil50_10323_ref_tagalog5_COLOR.wav,c7cdcd61069dd00665c13d2302854b16254020bc8ab4287c4243127e13685610
vcm_train_005186.wav,fil50_11999_ref_tagalog7_TIMER.wav,5dd980b04034fb9252002f87fa61302f76c324c6bb6c3b4866df184e25a87db5
vcm_train_005187.wav,fil50_02840_ref_tagalog11_CREATE_REMINDER.wav,4f8e11178c5dfaa0a8ac521fd969ba1f0553febe6f7fdbf860ce2db438a4553f
vcm_train_005188.wav,fil50_13637_ref_tagalog9_NEXT.wav,06f80bfd87631fa9578026ceb39094e1e5687e667cec3dcd9de076b04fb33894
vcm_train_005191.wav,fil50_07708_ref_tagalog2_COLOR.wav,69c0b0ea0a55cfe86c3d2444716df57f3e60d4635811a3b3dca95f7431afebe3
vcm_train_005197.wav,fil50_06974_ref_tagalog16_COLOR.wav,4a73197a19ef278e71ed6ed710b28b9cd1eb5de7018f64bc6983e10991c121fe
vcm_train_005201.wav,fil50_10324_ref_tagalog5_PAUSE.wav,e3ddf4e336dc6b148b079074126d5276a6bfd11ac962079f3a17ede7d354fdd1
vcm_train_005203.wav,fil50_12001_ref_tagalog7_VOLUME_DOWN.wav,6f3698328cc7973a864f380538d0e000d03c4923eb258e17bab580e7fdaac4ad
vcm_train_005204.wav,fil50_02841_ref_tagalog11_TIMER.wav,6e240c25dd59589a81fe9b5ba7d7cc213de1c77656b11e198597353823d6cd69
vcm_train_005205.wav,fil50_13639_ref_tagalog9_TIME.wav,49a1f6cc0a87d8fbcb7638b845ff0d8c471e710ceb8ab1dd2554e48fbc208b63
vcm_train_005207.wav,fil50_01172_ref_tagalog1_TIMER.wav,1e5ca8f3a47980e8966417f6f7ff216d4fe207e57a044b2d1093732e9915581d
vcm_train_005209.wav,fil50_04514_ref_tagalog13_BRIGHTNESS.wav,28eded99d067b392a2455b0586ee283e60d75076ab18377f1a5f092a1661673a
vcm_train_005210.wav,fil50_09462_ref_tagalog4_PLAY_MUSIC.wav,1773eca15a4f5752376af5892c5553c5fcf2aff1dfbd9cb9cbf62560f8ab4365
vcm_train_005212.wav,fil50_05362_ref_tagalog14_COLOR.wav,61b41f453a32e5e70ee90a8fb7ad7120185a0a6837cedd1a7d2041bc1dd9c1bc
vcm_train_005213.wav,fil50_06223_ref_tagalog15_CREATE_REMINDER.wav,020773b96d8e343ef3f44542f6f9570c5b3f287fddba97e5219a48875d887057
vcm_train_005216.wav,fil50_00325_ref_ilonggo1_VOLUME_UP.wav,c9e27da2ef0028b175cb92f92c7d7be8bb2821bdb4a6934290a454d63acd8241
vcm_train_005220.wav,fil50_12002_ref_tagalog7_MESSAGE.wav,a9ddb7e5e7de84bf26430b96d6a505de5c4324d31e56dfeb0db445968520597d
vcm_train_005222.wav,fil50_13640_ref_tagalog9_TEMPERATURE.wav,a2b337fa0f34faeb615b306b1302e62b8936714823b5a626a09802417f18185e
vcm_train_005224.wav,fil50_01173_ref_tagalog1_VOLUME_UP.wav,37b721b3485fb5b30829f97d0d77d63d97da6fe6facbde21fe3e290bdffebe2f
vcm_train_005226.wav,fil50_04515_ref_tagalog13_CREATE_REMINDER.wav,a77ceeba707148006efaff304a460d866fdaf1647b592256679ab9813808a358
vcm_train_005229.wav,fil50_05363_ref_tagalog14_BRIGHTNESS.wav,322cd73f898bf12470fa04bf90210e7d3cf7c0b79febe72029aba1ab55f5e704
vcm_train_005232.wav,fil50_03643_ref_tagalog12_ALARM.wav,868fca3464518260952bb9f0d21b3e97a12908cf0c8910372822536cd5ad7335
vcm_train_005233.wav,fil50_00327_ref_ilonggo1_STOP.wav,654a139b60056d456d653b5026744f3af537bd907aa66b1429ca5236decc3a52
vcm_train_005238.wav,fil50_02843_ref_tagalog11_MESSAGE.wav,c55d98eb8324aa0983aade2f5c708b9b819804026ca290e6c0d438b536057e14
vcm_train_005240.wav,fil50_08642_ref_tagalog3_TEMPERATURE.wav,33dd6979ca19c9d7559475131ee293828e5088dfa8dc41bcc1aa8866edc9406e
vcm_train_005243.wav,fil50_04516_ref_tagalog13_COLOR.wav,2f7f79eb5c07277b64df82f85713b04303a714939f75ce4dd86aa8172bb9cd05
vcm_train_005245.wav,fil50_12851_ref_tagalog8_NEXT.wav,c5691fd9754c4c69bd68aa47da4b71023f71cc9331675a40eae902ee9f816121
vcm_train_005246.wav,fil50_05365_ref_tagalog14_COLOR.wav,02005c4b6f6af5dc262bc3b187a9f607b51920fd0daa51185587af1be3a94a1e
vcm_train_005250.wav,fil50_00328_ref_ilonggo1_MESSAGE.wav,900765a84089ed381665fc0eaf3c213ef89fb2bdab90de51767442e00e762105
vcm_train_005253.wav,fil50_02013_ref_tagalog10_ALARM.wav,e517447425a5d76a6e12f34758edf49d285febffb8fc66358e847d820cb8eae5
vcm_train_005254.wav,fil50_12004_ref_tagalog7_TEMPERATURE.wav,8f46b3528e0401e608d2324bbec431644ff7bf9bb3181f26a2ab25ba896d52fb
vcm_train_005257.wav,fil50_08644_ref_tagalog3_TIMER.wav,26a7bfcabe69193c812142514be8ce38c33bc6d81af62306c525db1b0409d149
vcm_train_005259.wav,fil50_07710_ref_tagalog2_NEXT.wav,c2a0a0b468a8ef16f0e93b7af309eff645374f7f7331e4b5432df34bdbd81705
vcm_train_005260.wav,fil50_04517_ref_tagalog13_COLOR.wav,37e13daf475c3690f2aa337d5721e550ca71e8e1428ff92d19c4d8d2c9437bce
vcm_train_005261.wav,fil50_09463_ref_tagalog4_COLOR.wav,6675ae5c551a757abaa0e5773d2274a9f4682a0bd26d5cfbc8787c0ab2ea245b
vcm_train_005262.wav,fil50_12852_ref_tagalog8_COLOR.wav,082705628d0e2f8b4674f046ce140f5b13ce169955f11d20a65cee1a61195f02
vcm_train_005263.wav,fil50_05367_ref_tagalog14_CREATE_REMINDER.wav,6545980b53a964fc80a13af61fe73833997ef560b01a875bf9bd581d176a31f9
vcm_train_005264.wav,fil50_06225_ref_tagalog15_LIGHT_ON.wav,9d44c4b3c5a754bd182798d1d7f7b34a4c31ff6eb746ad477a3d433574cee468
vcm_train_005265.wav,fil50_06975_ref_tagalog16_TEMPERATURE.wav,27ea22177cf973a10fb83a13b09fcc365408e655febfa3da5d3cc3687431b63a
vcm_train_005266.wav,fil50_03644_ref_tagalog12_TIMER.wav,2a4da5140a3b7ad87098ee74f408f21396eeb9a508274dba10f63215c59c3059
vcm_train_005267.wav,fil50_00329_ref_ilonggo1_TIMER.wav,dde725e5ed013d0a8bd46b51b0a7e0cd12dbd7c883525988c3f0116d0f0f2b21
vcm_train_005268.wav,fil50_11167_ref_tagalog6_VOLUME_DOWN.wav,9231574dca7f758553b5f6304db270c0cb5690c477d7dbaedfff6e1305a1cccb
vcm_train_005269.wav,fil50_10325_ref_tagalog5_ALARM.wav,3e19c5e2d7848abd638f6921c7b57546de6a44d5563de82e7a3d5ba3084d6b99
vcm_train_005270.wav,fil50_02014_ref_tagalog10_BRIGHTNESS.wav,28ad2fb37c44744dcbe413197bb894152e22292173ccd87b310e5bd488005ce6
vcm_train_005272.wav,fil50_02845_ref_tagalog11_MESSAGE.wav,d80e81c90290c697b2db28394928257b0993e7649b397f9845a674444d26f72f
vcm_train_005275.wav,fil50_01175_ref_tagalog1_TIMER.wav,5d0e687cabeff1884762b8cd902745a3e586d057c2dd662f8c34edae1ff9bcae
vcm_train_005276.wav,fil50_07711_ref_tagalog2_VOLUME_UP.wav,48686e3c595fdec40c408a69b48ba363c5916268ab727cdd7aaef4d261e166f2
vcm_train_005277.wav,fil50_04519_ref_tagalog13_STOP.wav,72383fd41eba89b1ec7ff83c732b28a9f9c37f874e8459d0c975f223f3ebd3a0
vcm_train_005278.wav,fil50_09464_ref_tagalog4_MESSAGE.wav,19691298f3720b9523899f875cc135b0d29a3bebf96993a926352d2229948a7f
vcm_train_005279.wav,fil50_12854_ref_tagalog8_TIMER.wav,365dae1406bba2ebe9fd8ebec701861a21099ec6ee34432d2dcbc6c1da0585a1
vcm_train_005283.wav,fil50_03645_ref_tagalog12_VOLUME_UP.wav,dfbf9f825d2b11227b6e77e94bbfd0059bc3761f6a64ca5b67b5136d132c624e
vcm_train_005284.wav,fil50_00330_ref_ilonggo1_WEATHER.wav,2abfef34cb3f8a8ab8d4309969d0351ec5537586460440ec95247985372c072c
vcm_train_005285.wav,fil50_11168_ref_tagalog6_TEMPERATURE.wav,e05252285c0203556738a7b1e6abbffb907689844111952b1d7e82b59a642a9e
vcm_train_005287.wav,fil50_02015_ref_tagalog10_NEXT.wav,88abe59d92082f880b05ef606c359b5a6d499f4e6b6a4708cd2abfd2b46bfb40
vcm_train_005288.wav,fil50_12005_ref_tagalog7_CREATE_REMINDER.wav,a64a90dca85ef9fecac08d94d0f55290aca6b1bb1db36e552abebb5c274df9e2
vcm_train_005289.wav,fil50_02847_ref_tagalog11_BRIGHTNESS.wav,462714909c93142bb68ac78f944c4c41fa295c9fbe2d0bcc1874c4a65cdd55b5
vcm_train_005291.wav,fil50_08646_ref_tagalog3_TIMER.wav,d7932118d09fbf503ce1af5e4a68ed496d500187fafce9a2410fd41c7eacd07d
vcm_train_005294.wav,fil50_04521_ref_tagalog13_TEMPERATURE.wav,fa2c8c8288fd9d046cd548b5395b136453873f1cf1ec7804f4bec4bc80c41f4a
vcm_train_005295.wav,fil50_09466_ref_tagalog4_TIMER.wav,be1f377849e19b190526cad1935a30c362c136b0f29372122bda24048ea7538d
vcm_train_005298.wav,fil50_06227_ref_tagalog15_ALARM.wav,140ac6d0713e558352f70fc91ccde8ad3ee479e7064ceca6afc8d8eeb576ddd3
vcm_train_005301.wav,fil50_00331_ref_ilonggo1_TIME.wav,481cf672526c37932dedd953f85f8046f985f163e9d3964f57fe25a11634baa2
vcm_train_005303.wav,fil50_10326_ref_tagalog5_LIGHT_ON.wav,cf37cc92e1fc16d0c3b6f432b6b402beb6da004e2759000e553b435a0686b7e3
vcm_train_005305.wav,fil50_12006_ref_tagalog7_ALARM.wav,2c6863cdea8fc94cf6a62daaa618195b2b5a2caf975266758c858aaeb7b8fb24
vcm_train_005306.wav,fil50_02849_ref_tagalog11_TEMPERATURE.wav,c8bc86b58b3c68ae77bd1bd0677adcef8b382239d1315a5095d049cecba76ad6
vcm_train_005307.wav,fil50_13641_ref_tagalog9_TIME.wav,de1fedb56dc3527f429024a26910f7d0e94e63f7c501f9ed8367f25caf585149
vcm_train_005308.wav,fil50_08648_ref_tagalog3_TEMPERATURE.wav,32b7a3b083da4bbc8fd7eb92238829bb600a3c3ee7909f44878eefa2d79f0966
vcm_train_005310.wav,fil50_07712_ref_tagalog2_LIGHT_ON.wav,eb11bd1fe9377b466407a260dac2aa18dfde83c5cbbabeb25af41ebcb246b25f
vcm_train_005312.wav,fil50_09468_ref_tagalog4_WEATHER.wav,b41c4974b23b6d6de8d3e6c784f06c029909d5ba3df497e8a44199c1cee2dfd7
vcm_train_005315.wav,fil50_06228_ref_tagalog15_BRIGHTNESS.wav,cc0844ea23f0203bb29aed11980e140f94383c898382d97303d03b1f023f0eb4
vcm_train_005316.wav,fil50_06976_ref_tagalog16_LIST_REMINDERS.wav,ef0cd2fafea06ed61a8c7d8b7dcf24c9f824816f6c714e030067e51a88e47180
vcm_train_005318.wav,fil50_00333_ref_ilonggo1_VOLUME_DOWN.wav,49a24f4ea3aad4e25967301647c70fa09b040fd171b23238b22a64e35044401d
vcm_train_005319.wav,,6881abdeafd4fda0cc80f09da118ffeafac607cd0bbc757d160eea0649bfd122
vcm_train_005320.wav,fil50_10327_ref_tagalog5_CREATE_REMINDER.wav,59241b927defc05e92e35b3b538fb0a89b02c05d865dff761618ea67e178234e
vcm_train_005322.wav,fil50_12008_ref_tagalog7_TIME.wav,e5516ba3ae20e25830bbcd6a5b1599177310cf73449f1f44080a139d248d418b
vcm_train_005323.wav,fil50_02851_ref_tagalog11_ALARM.wav,8cfcbaa1d8c420ab80c74696d67ea19dfdf51be8fbfb91ad8214d969d35122e3
vcm_train_005324.wav,fil50_13643_ref_tagalog9_COLOR.wav,d0e8c3eb9b9289d24dde3a908c5201599de110d37a269d2d50673bff69a7c96a
vcm_train_005326.wav,fil50_01176_ref_tagalog1_COLOR.wav,a15436317b6678a411c1dd66a5c11cc00932e86e41eed84952cc822045d1d4a4
vcm_train_005327.wav,fil50_07714_ref_tagalog2_TEMPERATURE.wav,5bf1c6810d4df77b5aee1088b101ecdf1519a20819221aa6e7ddc3ba834918b7
vcm_train_005328.wav,fil50_04522_ref_tagalog13_TEMPERATURE.wav,d122c84c56de66e9f4af4539c5a40e3ced86995aa4834c96bb76ed4355ad3c58
vcm_train_005330.wav,fil50_12856_ref_tagalog8_LIST_REMINDERS.wav,7bb81af0f3e1df5242b46c299191b73e27acd22d2bb129cda19f1e94265ce275
vcm_train_005332.wav,fil50_06230_ref_tagalog15_ALARM.wav,90161c87b727ee8424372e29b07dbee495e671be43a6c426c53f491add4b1efb
vcm_train_005339.wav,fil50_12010_ref_tagalog7_VOLUME_UP.wav,9a54e5994fe3f3949f2bcdbfc9db2505e870c6fccd89c984f635b785fdb1dd51
vcm_train_005340.wav,fil50_02852_ref_tagalog11_TEMPERATURE.wav,c40809542014a33021154e73e33e5849f925b6a3bfa4954d5d11b2aaca142a95
vcm_train_005342.wav,fil50_08650_ref_tagalog3_NEXT.wav,1f71827e1f684f6892c58200eef1a9c47090c5031cace606a4ba2d12047162e9
vcm_train_005345.wav,fil50_04524_ref_tagalog13_ALARM.wav,40b9ecb5e8a09799ae025547cb3993c046a023e52c78322c2f9b1741bb7ebace
vcm_train_005347.wav,fil50_12857_ref_tagalog8_CREATE_REMINDER.wav,a25f34f45d5d9927602f0166ada27381a9b65269bbb1b60346bbd210ec6ff8d0
vcm_train_005351.wav,fil50_03647_ref_tagalog12_VOLUME_UP.wav,c219ea28646585fb6c9fa3d705c2517cde347296b74b3571bd7e3f2fc59ff98a
vcm_train_005353.wav,fil50_11169_ref_tagalog6_TEMPERATURE.wav,ab56485a5c880e4598da30c18f123b25ffca3106e22f8a23bd1e3cf694060033
vcm_train_005355.wav,fil50_02016_ref_tagalog10_ALARM.wav,cbbea6c793b9695337269466e5fcd247736aaadb6549e3d675d2fe6012a61182
vcm_train_005356.wav,fil50_12012_ref_tagalog7_VOLUME_DOWN.wav,a065a947466d7af79a548e0c96fa8c92b8e69a86fe6023f7e7a44f88e78e7975
vcm_train_005357.wav,fil50_02853_ref_tagalog11_LIST_REMINDERS.wav,cbc7c55bd21957a28e7aa4232569379d855bbf03d4c9b62d0fa82bbaf93a2da1
vcm_train_005360.wav,fil50_01178_ref_tagalog1_TIMER.wav,0b7d0d90515f18538deb6a228958594a73782d4fc2deb5947207663ede6bd40e
vcm_train_005361.wav,fil50_07716_ref_tagalog2_TEMPERATURE.wav,2410da7039897614692c9f2c84c75dcd1df210973634084df3541c49512ae419
vcm_train_005362.wav,fil50_04526_ref_tagalog13_LIGHT_ON.wav,8275605120ba7d0101cd2605ea1f8e98dad4600ea781c99fb8393901d8ad3422
vcm_train_005363.wav,fil50_09470_ref_tagalog4_TIMER.wav,9747d59ea0d53c8317672992ab2e2020bb75dc3692eec5d7b11b62226b3fc73c
vcm_train_005364.wav,fil50_12858_ref_tagalog8_NEXT.wav,fb6de5b75f3067c7518343d37da56d8cb535ab72b4a3c052872211205fca8f48
vcm_train_005367.wav,fil50_06977_ref_tagalog16_TIMER.wav,eb8f4af0bd5c8e89af4ad3bf9103d992fbdd81ba820b856c1dd0d971e0ff12d9
vcm_train_005369.wav,fil50_00335_ref_ilonggo1_TIME.wav,22b638de509b16625eb941b73c246b00700b0e067427c0d1968504911f9a2040
vcm_train_005371.wav,fil50_10328_ref_tagalog5_COLOR.wav,e3f78a4b8ff8d913f3b343727f9eee23d0b89306d387020d19dfdcb96744308e
vcm_train_005373.wav,fil50_12013_ref_tagalog7_LIGHT_ON.wav,21bf033d3daa92e69faf450b539779fb05cc778b94f5b5ae019265c9c89b5050
vcm_train_005375.wav,fil50_13645_ref_tagalog9_TEMPERATURE.wav,4d41e0832a07d8c3ca3268337d86ad338395cbc329fa961436ccb4aad7e39961
vcm_train_005377.wav,fil50_01180_ref_tagalog1_COLOR.wav,86a296c7f69e1f694e7652956be79d2f664c5ffa3b8a153ca6f5a9af472de0e9
vcm_train_005378.wav,fil50_07717_ref_tagalog2_COLOR.wav,c74cc48f03516a54a16159356f42f9ab455256024a7d0624222e3945e125a82f
vcm_train_005380.wav,fil50_09471_ref_tagalog4_NEXT.wav,1cf488fbcb8de49624521387ca94672db457fff8b1e8b19e4f930b85bc486686
vcm_train_005382.wav,fil50_05368_ref_tagalog14_CREATE_REMINDER.wav,34af7b486f525190f799d73fa8726f79704ccd42cdfc02ca18defa952d97626b
vcm_train_005383.wav,fil50_06231_ref_tagalog15_TEMPERATURE.wav,7d102895f091b3a09535ad2d35e3a592fcc9a2995f730308a4903f2fa8ade02e
vcm_train_005384.wav,fil50_06978_ref_tagalog16_MESSAGE.wav,91cf416417f765e291e40ad311d1ce0ab2bf3c8f14a171472cd3bba9cbfc9541
vcm_train_005385.wav,fil50_03648_ref_tagalog12_LIGHT_ON.wav,87d615252c8b7d8a07d25cfdea55c29651d901c2e1215620f3a09b1939943745
vcm_train_005388.wav,fil50_10330_ref_tagalog5_VOLUME_UP.wav,94875a76e4713e7c60a46e9644af1be06eaf3836a8f0a0339e4a5970fdfa9ce5
vcm_train_005389.wav,fil50_02017_ref_tagalog10_CREATE_REMINDER.wav,dcfb677efe3d06a62bd92bb64f8e2175572b1b380451fd3f74182dff956623c9
vcm_train_005390.wav,fil50_12014_ref_tagalog7_TIME.wav,964048a3116d0cece6b926207243985918e46453c8b8f79acf497ff2a8b822ca
vcm_train_005395.wav,fil50_07718_ref_tagalog2_PLAY_MUSIC.wav,2ec0e5349532b55833c054dfd93d1296d1a32803dc2d8a8ee7e428c496260988
vcm_train_005396.wav,fil50_04528_ref_tagalog13_ALARM.wav,79bbff9cef93f82254a4d3030b403360b3e4c1c612c84e3caa12fbef464de94f
vcm_train_005398.wav,fil50_12859_ref_tagalog8_PLAY_MUSIC.wav,90b33761f62f8622bca82056802305fd677ea720b00fa7987b2597edae82d309
vcm_train_005403.wav,fil50_00336_ref_ilonggo1_ALARM.wav,167dbc5c754cb0b435353bcca344300a385b0bb4a198bf0d3a8115d2dda468a6
vcm_train_005405.wav,fil50_10332_ref_tagalog5_LIGHT_OFF.wav,c32006bd8c45f7e1a9c669d2e05b3bef80ad135f1870f2366d1a4a60d1b8ae19
vcm_train_005406.wav,fil50_02018_ref_tagalog10_BRIGHTNESS.wav,9fd9f8d403a01e10002f71aeddda8060a5b7d0c4539f6d3bb2d3a38fe9177d3b
vcm_train_005407.wav,fil50_12015_ref_tagalog7_BRIGHTNESS.wav,e845a2796ffb9fc68e12b5ac611665f8a2df2307cfc58dfe240cf85cf8feae30
vcm_train_005409.wav,fil50_13646_ref_tagalog9_TIME.wav,8ea10eeee7e7121356f5e864e44924ac934145e690f341ae094d17d0da2ab811
vcm_train_005410.wav,fil50_08652_ref_tagalog3_COLOR.wav,da574c1d926db27bd442f92e3c321ecab373477ff8f8d2157a4fa88146a13875
vcm_train_005411.wav,fil50_01182_ref_tagalog1_LIGHT_OFF.wav,fa6943af81dfc8b583d50bc9b0dc1b3319cc73b2532a94bad1979ecc45349e64
vcm_train_005412.wav,fil50_07720_ref_tagalog2_NEXT.wav,e3fad2f1597dee59238384b9d12b7c669f33a70f48bd79655f5f63c4d2b151fa
vcm_train_005415.wav,fil50_12861_ref_tagalog8_CREATE_REMINDER.wav,1f50d79cfb79080df41ce448b955c359517ab04116a6b7f1e024f7f32de0ddb7
vcm_train_005416.wav,fil50_05369_ref_tagalog14_COLOR.wav,ebd411d50513c505c964190f24b457ddf23197b523c7d8719295288fca8a7dfc
vcm_train_005418.wav,fil50_06979_ref_tagalog16_CREATE_REMINDER.wav,5fc5eb38cd5269a5715690e2b560d656faafd32627de6cb2c4269ef939def89a
vcm_train_005420.wav,fil50_00338_ref_ilonggo1_CREATE_REMINDER.wav,443a439ce59f7a6128088791edfeabcc9db6ba92a36addb6085c9ec10c153d35
vcm_train_005423.wav,fil50_02019_ref_tagalog10_WEATHER.wav,050f47775aa9550139bacc1528024e7e167540d246c03729298c967c145ab367
vcm_train_005424.wav,fil50_12016_ref_tagalog7_TEMPERATURE.wav,2aa6f5e9e1a2a4a0cd207c06605fe3d1688f9bfc1639caf1ac8055a71abc7b88
vcm_train_005426.wav,fil50_13648_ref_tagalog9_STOP.wav,8dbd1310634d8857724df42bec8d6d569dd23fe632c62e99723c7cd613f4ff20
vcm_train_005429.wav,fil50_07721_ref_tagalog2_NEXT.wav,9b3aab0d406f5c80829a9ed3ae0707ef03a12dc2c0f1d2d49e4b76795f58c944
vcm_train_005433.wav,fil50_05371_ref_tagalog14_VOLUME_UP.wav,3321e2e54313fb2ba4d062de7f262859af571d62b5f3c7b1bad24215910c032c
vcm_train_005436.wav,fil50_03650_ref_tagalog12_TIME.wav,ca191f56a6f6f5d2ce84f1ada79bb1fba50ef13795e9c7ba8c2b3a35a0601f8b
vcm_train_005438.wav,fil50_11171_ref_tagalog6_COLOR.wav,edddd7510986b1401a6586491c014f75836880e4ed6d052b5e92a52341632a31
vcm_train_005439.wav,fil50_10333_ref_tagalog5_ALARM.wav,f7b5a9e794e157c12200e4bc7e9aea5eb2a78c6d5385a2a858cb59cac5bc5faa
vcm_train_005440.wav,fil50_02021_ref_tagalog10_BRIGHTNESS.wav,d88461de7e879076223c6caaaf24eab8941bdbcb43343adf23de579d7ed6f888
vcm_train_005442.wav,fil50_02855_ref_tagalog11_VOLUME_DOWN.wav,d26ba96c30d3502e71b8cae6c3271a890fcbf355b236902c31a301540ecd9619
vcm_train_005443.wav,fil50_13649_ref_tagalog9_PLAY_MUSIC.wav,c23af723c9579d2ea853daec4b20a3a0649d029ab8b0e00b98bda9ab375d2748
vcm_train_005445.wav,fil50_01184_ref_tagalog1_LIGHT_ON.wav,907f840b5d698b86d730d8a53120749a8512c3c7f9593dcec60bbdd273b02530
vcm_train_005446.wav,fil50_07723_ref_tagalog2_TIME.wav,cbc2f4de02c35276cd781d6a910607a038356d9efbd26765bc3c1f07b6b1a996
vcm_train_005448.wav,fil50_09473_ref_tagalog4_LIGHT_OFF.wav,6eb7a2be4e0364e8d539267c419887d6d035681d726c43d2135119a3ae49a00c
vcm_train_005449.wav,fil50_12863_ref_tagalog8_COLOR.wav,8f744cdad9a5732e0d04f4a6e8e1af4ec7eff61c09b1886ac7307b04801c1c24
vcm_train_005450.wav,fil50_05372_ref_tagalog14_LIGHT_ON.wav,0c3399a18506ce7f20278d830f25ce96a0717fd19b3d18eb4eb3d4c5319c9cee
vcm_train_005453.wav,fil50_03652_ref_tagalog12_BRIGHTNESS.wav,cb78689e4f6631703a378f36ffe2b46a24dbedc598a290f8d866fc302a403180
vcm_train_005454.wav,,7a22495e5e57353e8a985b5607cafbfd1bbdbb48be9e7238ca3b6629cdae3eae
vcm_train_005455.wav,fil50_11172_ref_tagalog6_NEXT.wav,d731ff7eb835eb0a1e8d16878daa02123b570242cf701cc8d3759b29cfa27b2d
vcm_train_005456.wav,fil50_10334_ref_tagalog5_TIMER.wav,8e52dc9e07e498be8e7fd58816e151ee8891ad24064f9998cd8524ef939f94bd
vcm_train_005458.wav,fil50_12018_ref_tagalog7_NEXT.wav,14f2f29edf65381978c58b3dd7ead875e91f6a12129cabedd218ae739e4bd767
vcm_train_005459.wav,fil50_02857_ref_tagalog11_ALARM.wav,af7303132a793c21e3fd16bac3b3b45635b189476ab4fe5ee18a481512ed98b4
vcm_train_005460.wav,fil50_13650_ref_tagalog9_LIGHT_OFF.wav,14c4e2c2aaac37647ce66096edf8b6fbb7689b45a4f75fa57db99495dd6df56d
vcm_train_005463.wav,fil50_07724_ref_tagalog2_TEMPERATURE.wav,9ef29a714131ce6ca0c5f9b9796935d1a140054aa563b016f9a2f0fb8916c28b
vcm_train_005464.wav,fil50_04530_ref_tagalog13_NEXT.wav,69ce58064e0c1eb163edaca54e54e4d261f3bfd27e4b51b9bb1148a2ec3144d7
vcm_train_005465.wav,fil50_09474_ref_tagalog4_TEMPERATURE.wav,18815cf1c3e75250479d626a0a94cdb8c57a53afaf6519801f9523d4752ea7bd
vcm_train_005468.wav,fil50_06233_ref_tagalog15_CREATE_REMINDER.wav,f85b0284058f307183fd515d9663e10d2ec230bce0664f1c992949141f8ed448
vcm_train_005473.wav,fil50_10336_ref_tagalog5_COLOR.wav,15bbafb38ed1ac0375cc2e54b4db7b5408d365bb9151a2dafec04c0bf5c1aebd
vcm_train_005477.wav,fil50_13651_ref_tagalog9_STOP.wav,758ea6984044d18c85efc03005bc73d3770489bd90be502a6819fa397bdf7bd2
vcm_train_005478.wav,fil50_08653_ref_tagalog3_TEMPERATURE.wav,dfff82295da8231ab575c61d4b1351cedea733411367ede72c6d1d7518c3b50f
vcm_train_005479.wav,fil50_01185_ref_tagalog1_TEMPERATURE.wav,53deb547aa2f74e9a75fee0a15497f6fcaeeeab04fcc42906fa1b3a47b58ec3f
vcm_train_005480.wav,fil50_07725_ref_tagalog2_TIMER.wav,c1b9e02f8ff9d134564ce153c8e4eda97c886baceac9623065515f297f8c7e3b
vcm_train_005481.wav,fil50_04532_ref_tagalog13_VOLUME_UP.wav,5605536bd7e23c272b329b65b4bcf76a07699ebee6c879b93d43554f26050955
vcm_train_005482.wav,fil50_09475_ref_tagalog4_WEATHER.wav,287a40b08d7e13ea4f110aafdaae48fc276e5ce84a2a43238f08344ce12a6305
vcm_train_005483.wav,fil50_12864_ref_tagalog8_TIMER.wav,94d5f51aa6c2d8f802077a939fdee863d3cd80f839bf1439b4f0e7f89318477b
vcm_train_005485.wav,fil50_06234_ref_tagalog15_COLOR.wav,345e8efbf81917ec9b348ee2f6cd35d4a3620ac99eb207dea5224868a437a597
vcm_train_005490.wav,fil50_10338_ref_tagalog5_ALARM.wav,137708a94919eb01414930ad8b3c7bef44608b2d74be21a05aff950cad3c666a
vcm_train_005491.wav,fil50_02022_ref_tagalog10_TEMPERATURE.wav,30e0037db13564350eee0903bf71c0220304df448de0c0a312105ea7293f4254
vcm_train_005492.wav,fil50_12020_ref_tagalog7_ALARM.wav,d5a462408c1e9a1ea8ab6595a0aa1d54718ef8b50326c485a5b19bbe856c4823
vcm_train_005495.wav,fil50_08654_ref_tagalog3_COLOR.wav,24a06325aaf13f1f16572d610e44151b5c4fe0f7c030d8d0a3c582f03fc33693
vcm_train_005496.wav,fil50_01186_ref_tagalog1_BRIGHTNESS.wav,387a0ed0abacca0175654c9e2fc379030a31c3307d7d2a68db57bcc670c0629e
vcm_train_005498.wav,fil50_04533_ref_tagalog13_NEXT.wav,babe6c535eabbb1d413cd9ebe9b9cd9ae4c69082289765708570e6907507df91
vcm_train_005501.wav,fil50_05373_ref_tagalog14_WEATHER.wav,0de09ea5d3abadc99514afc1ff88807f566e2af9ef33c58de09235fe720ec14a
vcm_train_005503.wav,fil50_06981_ref_tagalog16_PLAY_MUSIC.wav,d88369bf725993c548fdccf72c37d86201cb5c3de01724662d5910c669745cfc
vcm_train_005504.wav,fil50_03653_ref_tagalog12_LIST_REMINDERS.wav,2d799d83ef17e6b28dc2b9f260a59c388d98ddc330aba7ef6a85dcab1f1282e5
vcm_train_005508.wav,fil50_02024_ref_tagalog10_TEMPERATURE.wav,d22bddc6f583933039db551f5c23f041fd28b9399f18dddf0610ebbd70dbe498
vcm_train_005509.wav,fil50_12021_ref_tagalog7_STOP.wav,60bc85ab83f926ee112cc0d43c98d2859aff2237db4c4ff3a808cc702828edd3
vcm_train_005512.wav,fil50_08656_ref_tagalog3_COLOR.wav,e9df98048f1bd616cae058ca6bac840afbc726a69966e53452c0db207230fe08
vcm_train_005513.wav,fil50_01188_ref_tagalog1_VOLUME_UP.wav,cfae430df1289f2b0355de276129ed32f6e2f0a49d9e8c1f5d2dbe062d85a963
vcm_train_005514.wav,fil50_07726_ref_tagalog2_VOLUME_UP.wav,b8f4f3783ce8f922d89119f638c4f9da7f64f49b6cc9df1ecacf91410e28835c
vcm_train_005515.wav,fil50_04535_ref_tagalog13_CREATE_REMINDER.wav,a505c752771cad6fcc9eef7349e32f70767bcd34c8ffa276b04dc5e4a77e0a8c
vcm_train_005516.wav,fil50_09476_ref_tagalog4_COLOR.wav,f4ab057bfbd20b1ce3523b3fcc893643f8c230047e5ed381d71e2ccfd9703402
vcm_train_005518.wav,fil50_05374_ref_tagalog14_VOLUME_DOWN.wav,a4f97ca972a563412d0159f5838db221f747976c93fcb87d70a94a405663f83c
vcm_train_005519.wav,fil50_06235_ref_tagalog15_TIME.wav,95183d429859851000930f7d8f38508ee6431bd888f23b948df59448ace76870
vcm_train_005522.wav,fil50_00339_ref_ilonggo1_TIMER.wav,9ad5bbd5fe5503047fe3370f6e3029549fd3c5dca1ec48ec59b3f3a2101e1e02
vcm_train_005523.wav,fil50_11173_ref_tagalog6_NEXT.wav,2ae4bd98a6cb93217955063ea67cb0e07860e39b128fa68199db6375d36cf8e1
vcm_train_005524.wav,fil50_10340_ref_tagalog5_BRIGHTNESS.wav,fe1a1fe1a0b0a4464c4d2e3a81be48e656ad41626e71d84ee15ddd45b312e791
vcm_train_005525.wav,fil50_02025_ref_tagalog10_PLAY_MUSIC.wav,deb071f6e45e0ab7464bb110f36697947376c5277528df5bd45e4e68af969118
vcm_train_005526.wav,fil50_12023_ref_tagalog7_TEMPERATURE.wav,fdca072f069392bdd71ba867c99a2c5bb9ac1bc705ea2a42df57624baa51ba6c
vcm_train_005528.wav,fil50_13653_ref_tagalog9_VOLUME_UP.wav,443fd2d3b8fbafa254d84adbd5dbe3ea2488da7460fd50c3bec95a86b9fc1666
vcm_train_005530.wav,fil50_01190_ref_tagalog1_TIME.wav,545d4b94ad0949c5a30242a31a5fc0929d1308117c38353d11b17813246d4893
vcm_train_005531.wav,fil50_07727_ref_tagalog2_LIGHT_ON.wav,3c58c783cb2f45aba8aef64615f8718fbc86fd565f4935dd3e0bb93a815e7c87
vcm_train_005533.wav,fil50_09478_ref_tagalog4_PLAY_MUSIC.wav,56caa957a53b7a434e140e53fcd0ab8f8db93c1776d99114cd23d38846ad7aa7
vcm_train_005534.wav,fil50_12865_ref_tagalog8_TIMER.wav,e3121aadd020a6585dcde54b4781621855cd3ee8387fad65b2d615321b03d85f
vcm_train_005535.wav,fil50_05376_ref_tagalog14_MESSAGE.wav,4338eafdf8baf787469fe92a9859f80933ddbaeb81175afb0a32deb4560a5088
vcm_train_005537.wav,fil50_06983_ref_tagalog16_COLOR.wav,97fff5433a8e932852f621b5b454d38cbdd350348d9079289b80d6fedf1a809f
vcm_train_005540.wav,fil50_11174_ref_tagalog6_PLAY_MUSIC.wav,c4a9322f20225a3daa68122b48b3289a56b4f6b04a9aa29a3282bbce6be844af
vcm_train_005541.wav,fil50_10342_ref_tagalog5_LIGHT_ON.wav,7c0901ab41d997b24e4bf03a5f64b71010b1a902d4245fe83e2a6fb0c2954806
vcm_train_005543.wav,fil50_12025_ref_tagalog7_COLOR.wav,8eb05e2f8815dbe7f78a8f2aa4b775646a56fb33ea788b0ef149614b73d9c44a
vcm_train_005545.wav,fil50_13654_ref_tagalog9_CREATE_REMINDER.wav,56f07483b3b08e022df69e2f3bc50bccc50ae0c1a68af1fd9540d5a909db4c5a
vcm_train_005546.wav,fil50_08657_ref_tagalog3_TEMPERATURE.wav,9e8527492c9d2ffa9efef9deada6d30736b275928b10ee9801c9d55f9f555292
vcm_train_005548.wav,fil50_07729_ref_tagalog2_ALARM.wav,4eb65b3cad8a9d656eb63c43c8056dd22eb0c87840f7cb40e2ee222a1d5123fd
vcm_train_005549.wav,fil50_04537_ref_tagalog13_MESSAGE.wav,bd75fc45023c44600a14c90131db67c653de45a9e26be4903a24b755cb35d156
vcm_train_005551.wav,fil50_12867_ref_tagalog8_PLAY_MUSIC.wav,9bd35fbda7c6cf2cbf19ebc683a6bbaa71a0ef768aad40bee7a8d1c5238edd8b
vcm_train_005552.wav,fil50_05378_ref_tagalog14_ALARM.wav,23800ce994eac35abdf2e7cf5cd479cf313ace24a014b4f54fa01bf8a8a95240
vcm_train_005553.wav,fil50_06236_ref_tagalog15_TEMPERATURE.wav,53374594e20d57e6ff363c03f1e0dcfb0446786a34444a1fc4c92c522f9b8894
vcm_train_005555.wav,fil50_03655_ref_tagalog12_TIME.wav,1832073eb64508ecf3a84a805342e9e8d1079d8a4b198cf966e2659d67736371
vcm_train_005556.wav,fil50_00341_ref_ilonggo1_COLOR.wav,9f955bbbd5c2087cff143addef4be036d73bc7a8909c7e92e6b48c746c9e8e41
vcm_train_005557.wav,fil50_11176_ref_tagalog6_ALARM.wav,a55eba3b4f0e2f46b9162be1cc832b5b75f7d4e7e47f19373305c9467c78bf2b
vcm_train_005559.wav,fil50_02027_ref_tagalog10_ALARM.wav,8dd3231a77a94f9e587fee09aa6ca128cd636856a230ffccb394b49e67cc9561
vcm_train_005560.wav,fil50_12027_ref_tagalog7_TIME.wav,1b68cf431d47435befcdb6c6b72f200a6975c16fdf4cc0c3bba32753ccaa7fa9
vcm_train_005565.wav,fil50_07731_ref_tagalog2_COLOR.wav,a35ecc96085519b84c8f4cf052accdc45e9589bc288b746d2031cb2ecfa8eb00
vcm_train_005566.wav,fil50_04538_ref_tagalog13_ALARM.wav,3d708de942b8ea71405dcc5e7a9a4dcea61327badac668a4f214dc11e14f93dc
vcm_train_005567.wav,fil50_09479_ref_tagalog4_TIMER.wav,58682612b3a7bb4947a13ccb72731f45432b2ce676a7108d71131cb339948c39
vcm_train_005568.wav,fil50_12868_ref_tagalog8_CREATE_REMINDER.wav,142edcdd7ec56754a8403b38310fcaeb29fd7f9f5190de6b3fb1493f0cae5fd5
vcm_train_005572.wav,fil50_03656_ref_tagalog12_TEMPERATURE.wav,c0327127b79f42720dd1eb3f30096068b47e1235eb7791a63ea057c3b9c50c60
vcm_train_005575.wav,fil50_10343_ref_tagalog5_ALARM.wav,5923a103bf1ba286ea9c5cce174b1575dc4932966e24d0b18df749a3611b22c9
vcm_train_005576.wav,fil50_02029_ref_tagalog10_LIST_REMINDERS.wav,dbd88a4acd7e5653c05af319aab191319eed8ab1801e4e978810c152dc8df872
vcm_train_005577.wav,fil50_12028_ref_tagalog7_COLOR.wav,40ecc34c2e372602a0157c1c325aca5facafe810ca031fbff5b8bc656ae7adb4
vcm_train_005578.wav,fil50_02858_ref_tagalog11_TEMPERATURE.wav,91583bea1673eae8073bc17d2009d4f2a60462f047640a43417d47fa87abb462
vcm_train_005579.wav,fil50_13655_ref_tagalog9_TIMER.wav,fe1e05f980b03811a46e8706785f5c223cc4fe16ecf90758704f28de4e26fe28
vcm_train_005581.wav,fil50_01192_ref_tagalog1_NEXT.wav,33d078f67f26dd48e7cfb14f2edd4436433b6c23bbad82b8de9b279faf48585a
vcm_train_005582.wav,fil50_07732_ref_tagalog2_LIGHT_OFF.wav,0a1d72d2f6d8daf1ce9aef76c01e4f49e06861448dd6b2665f66262e97f29b28
vcm_train_005583.wav,fil50_04539_ref_tagalog13_STOP.wav,6dec5fcf8444cb5eb651ed6918f7fe9601ce48be930e867de078cfbff96a9c0d
vcm_train_005585.wav,fil50_12869_ref_tagalog8_TIME.wav,eaad51c4029428d25f74deacb7c76c6d39f59e422498c01ad954458acc364b79
vcm_train_005588.wav,fil50_06985_ref_tagalog16_STOP.wav,8dbfb796dd5626da9d65080775a1513f0573d4831f724fd3af1ff69354be9fce
vcm_train_005590.wav,fil50_00343_ref_ilonggo1_COLOR.wav,fbcd5e92475d2e41ad8fecbedcd9f3fbd49ddc7826ff59e96d845a484012a872
vcm_train_005591.wav,fil50_11177_ref_tagalog6_TEMPERATURE.wav,9d8b51e4ab8d030fab4a5e4dd7b4c264ab0d953e416450915c2733bdf8b1b9fc
vcm_train_005592.wav,fil50_10344_ref_tagalog5_MESSAGE.wav,ca5ee8299e0f7f89625fd794673fa3f2bfca07cb4ebd0aee9b3a4477485db9f4
vcm_train_005593.wav,fil50_02030_ref_tagalog10_TIME.wav,ec184201cf59a7070af80093e45a46d0090c379ec61270f8800250336d99ebaf
vcm_train_005594.wav,fil50_12030_ref_tagalog7_TEMPERATURE.wav,9fdf06709dd50715ff2574aef1bbdb02dde38eb4efd8c69c01c1a767cf912915
vcm_train_005596.wav,fil50_13656_ref_tagalog9_STOP.wav,3069fe8d4038d97b7655463ebf9d2bfb32b8811b8ce589fee0f293c099d451ad
vcm_train_005597.wav,fil50_08658_ref_tagalog3_TIME.wav,8c2a08487153880bd81f9a15d106210b7686c09f5f6cf94952cdb777980bdd2d
vcm_train_005599.wav,fil50_07734_ref_tagalog2_ALARM.wav,b864cbf9eac2d15866e27c14d52f3bba8a33e35c9297c68b66d92ba8431af29a
vcm_train_005600.wav,fil50_04541_ref_tagalog13_STOP.wav,7ff0e06e2301761ff64310ac525926b32f7a5bf6b10a634578ec17360ae769a6
vcm_train_005601.wav,fil50_09481_ref_tagalog4_TEMPERATURE.wav,f307f668da82b4593e9636dabc2f8597c69fa21495191b1ad383662b2410722e
vcm_train_005602.wav,,a32f2c3a926fb61ad329eb08cc0aadde5489cdfbaff3e64b8b3dc8897269de40
vcm_train_005603.wav,fil50_05379_ref_tagalog14_VOLUME_UP.wav,d9159d2156ca79d24e0845099e0e7e411b050ae4727c9bb6419910c8c21926cb
vcm_train_005604.wav,fil50_06237_ref_tagalog15_LIGHT_OFF.wav,af34d099050141165a15d452fdd4b47abc79dd4dfb236b830c7c6f4d07c796e7
vcm_train_005607.wav,fil50_00344_ref_ilonggo1_VOLUME_DOWN.wav,2fe9794b23b41c82e5a73205d8937f8de294aeb7a62ac55b06656f2e25e5ed7b
vcm_train_005608.wav,fil50_11179_ref_tagalog6_LIST_REMINDERS.wav,9db3708261f57d198cbc7ba71c56b820b1174a3a0eac5ce53d32c8b2d6934262
vcm_train_005610.wav,fil50_02032_ref_tagalog10_VOLUME_DOWN.wav,6d8278ed802eaa99d1b0e4f31300007c1451267ff13b3eec147347459774430b
vcm_train_005612.wav,fil50_02860_ref_tagalog11_NEXT.wav,0a97c10efcda9e966fde33eed75ab9fd924980289b8ac1b1a059def48f171fe9
vcm_train_005613.wav,fil50_13658_ref_tagalog9_TIMER.wav,3bc712ea1d0bc98b0b71fe28f41bc45d883e8b42d60f181d261818ede7f4eaa1
vcm_train_005614.wav,fil50_08660_ref_tagalog3_VOLUME_UP.wav,e5ec4e9bf2c44a6b352d602b919b4b52e5b47fa457b806cae66d9435d2ef8f5c
vcm_train_005615.wav,fil50_01194_ref_tagalog1_NEXT.wav,eb74eb7d977749d47153f4cfbccc3303aac928a038b06e6914b367eeddac0c6b
vcm_train_005617.wav,fil50_04542_ref_tagalog13_TEMPERATURE.wav,57fa1634253fa16680ad8473d0390f0dd65ae512079834ef29ec3c340aac7d20
vcm_train_005619.wav,fil50_12871_ref_tagalog8_TEMPERATURE.wav,d5c39f650147f5b7923ee2c0efcc77d64de79cebe68a851cdb40fef6ce3107be
vcm_train_005620.wav,fil50_05380_ref_tagalog14_COLOR.wav,2f4700451b3fa407532239958475359c110c17d410f128c7e7f74b388aeca4bd
vcm_train_005621.wav,fil50_06238_ref_tagalog15_COLOR.wav,e7c1a98c53dd439786040c4bd25478c90cec82fcead33049bf49cc1c99ddbc57
vcm_train_005628.wav,fil50_12031_ref_tagalog7_ALARM.wav,e84901f465de60be625b73c2dd70d77ceb5d1c3dfdd843b7a8ad51bf35a7546d
vcm_train_005629.wav,fil50_02862_ref_tagalog11_COLOR.wav,3da5c8c8c94af781657300a292658061347d814b7700dccbd451dbfb28ad9e63
vcm_train_005632.wav,fil50_01195_ref_tagalog1_TEMPERATURE.wav,167bbe84ff401f92d8cdc1c277b44307b2f8a97cbafdcc1e77135b0089e95d84
vcm_train_005635.wav,,8a5e7f794ec6824bbc079e36041c3b998da17a6c1b4ad75b94c50fbfb468c183
vcm_train_005638.wav,fil50_06239_ref_tagalog15_COLOR.wav,77e7acdc662e977de8762c76f32cd01fd8b79db89acee188f8493c30459f9d2b
vcm_train_005641.wav,fil50_00346_ref_ilonggo1_LIGHT_OFF.wav,94ba7835094a5d06a22f8abdbb485b73923d32b8ccb5f448d96b35ff4eec846c
vcm_train_005644.wav,fil50_02034_ref_tagalog10_PAUSE.wav,faa56d3802510649fda6a6d7f1654fae6220fbf3907a31eb8f35e28f69b0f9e1
vcm_train_005645.wav,fil50_12032_ref_tagalog7_TEMPERATURE.wav,7988ea4be216bf92111d2f0d81a8324cfd39f444bb2159f4a8b00a97de8dd9f7
vcm_train_005650.wav,fil50_07736_ref_tagalog2_CREATE_REMINDER.wav,63d404e06a6f3cbdee50bc6219e9728851138cd3186454e8ab165829e291395a
vcm_train_005651.wav,,866ca4541e2db89ba4d0a85e3eedfb73de360eae3c33f76fb05b56add1a3899b
vcm_train_005652.wav,fil50_09482_ref_tagalog4_TIMER.wav,0a0a84e9c35304a150c4662ae76312e933101acae247296674f79595c822216a
vcm_train_005653.wav,,0800108b5395de328179d15d294a391f11289eeae4a2b01b7352896b836803bd
vcm_train_005654.wav,fil50_05381_ref_tagalog14_ALARM.wav,4821ab29fb4c96ff8d6d8ac44e3631e414b0bf3c829978e042be6e3d5d7c7670
vcm_train_005655.wav,fil50_06240_ref_tagalog15_WEATHER.wav,42b229606a7ce2a4b81732d4e3c834097720a5cb7c5be7457b06cec9b1eca7aa
vcm_train_005656.wav,fil50_06987_ref_tagalog16_ALARM.wav,0b8a01672ddd53ff72c1363f7577824939685f64b5e8b29e36ecef38f01f5482
vcm_train_005657.wav,fil50_03657_ref_tagalog12_TEMPERATURE.wav,e0c7fccdb9c6c83152f6cace75c6daa9fec6aeb5bbc0173ebe2f23e470eed61c
vcm_train_005658.wav,fil50_00348_ref_ilonggo1_TIME.wav,8d200242b0d4a6ae53b7e00cc047a5d667a81e24ec4cba9717739e7ddee18fcd
vcm_train_005659.wav,fil50_11181_ref_tagalog6_LIGHT_ON.wav,e28a4c83b6e16630f1207d2ab52ee45ecf4feb89079b9afb0605f71c61fb9235
vcm_train_005660.wav,fil50_10346_ref_tagalog5_COLOR.wav,28307e4f1910a24fd8d4eba3f2e82dbd39a880d5b9d347597e4e9a92f3858e21
vcm_train_005662.wav,fil50_12034_ref_tagalog7_VOLUME_DOWN.wav,db5a3c8f34ce9538fd341a0507e53e7c10c6db9ef708996c5ecfe95f0f11d66b
vcm_train_005663.wav,fil50_02863_ref_tagalog11_TIMER.wav,9f2e97ff905c3d8d1150daea940a3ce2acf977e24e32c5756f84d23370933ce3
vcm_train_005665.wav,fil50_08661_ref_tagalog3_VOLUME_UP.wav,dfbfdd4951d03e692a8a94ff350a2ebebd5f2e6a724dc04dfb4bc304c684275a
vcm_train_005667.wav,fil50_07737_ref_tagalog2_TEMPERATURE.wav,4f5d6a5c9f3e40abc7cccf1f5c405a41da25e88b7fcdda4d51407a3b6f6ac2fd
vcm_train_005668.wav,fil50_04543_ref_tagalog13_CREATE_REMINDER.wav,9746e47e0f04d0c9b882844fcb146360f7766d3337a1e254d6c490edac8fa1fa
vcm_train_005669.wav,fil50_09484_ref_tagalog4_TIMER.wav,955e8d939591fb55890db05d659327e0e95ea26358987b917cbf07a91e152be7
vcm_train_005670.wav,fil50_12873_ref_tagalog8_TIMER.wav,41aee205cd9f244ea166b6217ea2f673ddea3bc2ccd4084408d09a97b264b318
vcm_train_005671.wav,fil50_05382_ref_tagalog14_WEATHER.wav,f36a8f185374c16bfc94a5647190bb2c1667c344e3846dad5275099e45f944d1
vcm_train_005672.wav,fil50_06241_ref_tagalog15_LIGHT_OFF.wav,2e636c85a92677b5aaba8e45decff95ce7dd24c8aee2f9c2b6523561765a9353
vcm_train_005673.wav,fil50_06989_ref_tagalog16_TIME.wav,65458fe3fa25df644159d6d71b3747404918d33227d9be3655b77386dc6e584b
vcm_train_005674.wav,fil50_03658_ref_tagalog12_PLAY_MUSIC.wav,a5a0cc1551e17b663b1ae5382a7f859bdc135044077e4177fc0f99b1195fadf7
vcm_train_005676.wav,fil50_11183_ref_tagalog6_ALARM.wav,de83af708038b913fde99a28ee66abd7294874a2a90b9d157ca4724242bd3043
vcm_train_005682.wav,fil50_08662_ref_tagalog3_COLOR.wav,a42c9f2f4478c5eb3d58d9b9a782d2a7d091706840e52976f4e60a5aaa3459ee
vcm_train_005683.wav,fil50_01197_ref_tagalog1_ALARM.wav,ddae4d0114c7e2f9a65b092b748de10827683e8f37441e3776b7a3cc8e0ba392
vcm_train_005685.wav,fil50_04544_ref_tagalog13_VOLUME_UP.wav,ab6b2fccb6ddf7f6f52d4db38f85490cb6071f3dbc73117678800d05f97b57f7
vcm_train_005686.wav,,d57fe7a64cfd531cc99916cebda37787bd9587b1a022e1e38388e6e6fdab5abc
vcm_train_005688.wav,fil50_05384_ref_tagalog14_COLOR.wav,4009a0496889f2e6a9c381e5e396dff6a1a0d152aec858274f6089e234afbde7
vcm_train_005689.wav,fil50_06242_ref_tagalog15_COLOR.wav,6a2e57ce39c85835560f38fd5a53ba0d86f7dd5bb3b6df980a6633ce2805fb2c
vcm_train_005692.wav,fil50_00349_ref_ilonggo1_PLAY_MUSIC.wav,c53e3f0c4da723d61cb9517fdb0fff4122b302c9ad69ae33578536f3067117b9
vcm_train_005693.wav,fil50_11185_ref_tagalog6_WEATHER.wav,5868d09cf2c47912e5bef5f75d93d3d7a53e1fe5e5ff809abb45816f3de9c50c
vcm_train_005695.wav,,763f5fcdd98c8dfd2a6addcec0f43f1c6f8fa27ee771ef6f03d14f6bde9b8830
vcm_train_005696.wav,,e76eee9a10a39231912e0d67f397c9341a5811948d1400e0fc0c0cdff73a4358
vcm_train_005699.wav,fil50_08664_ref_tagalog3_COLOR.wav,9dbc88c72d5cf8512f958760cc27f718d01947fa5ad0aaaa6d767aec99cad127
vcm_train_005700.wav,fil50_01198_ref_tagalog1_COLOR.wav,af63eda28b24dd8be5d61dcc5b5279a27e8fbb5285788d50c650309d8071bb4b
vcm_train_005703.wav,fil50_09486_ref_tagalog4_BRIGHTNESS.wav,d1e1901c96e5fd188f03a7730684b99fb6f8a9990ccae6b2e573ebc075f2ab49
vcm_train_005704.wav,fil50_12874_ref_tagalog8_LIST_REMINDERS.wav,b27638aa5bd33b504c18be433226d7881270eca095a4bbbe1ff63e835d75a6ed
vcm_train_005705.wav,fil50_05385_ref_tagalog14_BRIGHTNESS.wav,2f4730a06e787e93b63481323f46f77f0df5e2ac9c36d7a64eead9816da21be9
vcm_train_005706.wav,,85798a060e52a9a039b89f979f9de0eebed3d67ee5675f8f8c52deb065456174
vcm_train_005708.wav,fil50_03660_ref_tagalog12_TEMPERATURE.wav,590ab7fdfbf4d606976426cf04e6d1275d5a5fcfa569bb5627f17ce7768d7491
vcm_train_005710.wav,fil50_11186_ref_tagalog6_MESSAGE.wav,adc7dab81866cacbfe199468273c6d75c01bfee16f6a748f93c4587d483cf108
vcm_train_005712.wav,fil50_02035_ref_tagalog10_COLOR.wav,262fefd54abb51b07d08f2d44fe3b16252e9e1736558446b0dcc95c59eab9ed0
vcm_train_005714.wav,,d8854cd43cb93c817544a73c7267d187d57ed27c0e22b051b97360b2150af0e7
vcm_train_005715.wav,fil50_13659_ref_tagalog9_TIMER.wav,bd2b986d1bcea2be29405d23f02a8493777a4ca0e4b5aee27235f88dc8076c4c
vcm_train_005720.wav,fil50_09488_ref_tagalog4_WEATHER.wav,e8f0368a659a8f6f61e55344d799e3c68f7888f16d3536a79df81c179551ea19
vcm_train_005723.wav,fil50_06243_ref_tagalog15_TEMPERATURE.wav,dbc322a03f8a3b824799d3221e0f4da5f447314c4c63e78bf3dfd3b514e235fb
vcm_train_005725.wav,fil50_03661_ref_tagalog12_VOLUME_UP.wav,85fc718c0351240efdb90dbb4968e733966cdf25e3280af899a248d3b5fbf2eb
vcm_train_005728.wav,fil50_10348_ref_tagalog5_WEATHER.wav,d44b7456f066c9d1cb38fbd506df2891119a450560dc826b225deabcd5a74b21
vcm_train_005729.wav,fil50_02036_ref_tagalog10_NEXT.wav,7f2ffe744c0f4fd831df15e11fb3142f7f4e351ef3ba8481487d251046c61771
vcm_train_005730.wav,fil50_12035_ref_tagalog7_PLAY_MUSIC.wav,1780ba9b14ad72953430aacb0ce4de56defe8348222d445b4f6c9218361c18e9
vcm_train_005731.wav,fil50_02864_ref_tagalog11_MESSAGE.wav,374411e30caa6f83081829715ee689e646a5368ff5ff30c28ba0cd6f89229865
vcm_train_005732.wav,fil50_13660_ref_tagalog9_TIMER.wav,07466c49575783c206225adbc1fcac46c200d8f4b5422b45aa84eccd583ebb9e
vcm_train_005733.wav,fil50_08665_ref_tagalog3_TEMPERATURE.wav,65626571837da82747a0a56eacb4540b196f6b015f1c06d24203dacf869de59c
vcm_train_005734.wav,fil50_01200_ref_tagalog1_STOP.wav,25cb43340959135e47a9fb77a70195c88907010d17a0e6b584ffe6f94ac47f1f
vcm_train_005735.wav,fil50_07739_ref_tagalog2_TIMER.wav,bb89f9352f003ac6da43687f30d05d8ebf35f9b0c694a2d25ac729f4d2510232
vcm_train_005736.wav,fil50_04546_ref_tagalog13_PLAY_MUSIC.wav,da217c5bde0d68539c6c61b77d97e850eeba3723e31883de7aa9ecb37d3c2587
vcm_train_005737.wav,,baac4ecfb1f40d1d1fa4da6b346796a08834c1ce5ccb9d0ef0377c2f530b0537
vcm_train_005738.wav,fil50_12876_ref_tagalog8_LIGHT_ON.wav,12eb321669e70e5a8d6e387c4531f7bf11c355b18f1a3b39f61702c3b37c9473
vcm_train_005740.wav,fil50_06244_ref_tagalog15_TEMPERATURE.wav,00df801f8a2f547d4f30c2695570f4036852d83199308ba9fb574f80651d6ba3
vcm_train_005743.wav,fil50_00351_ref_ilonggo1_COLOR.wav,60533f83a68b16fecf76c352ba9551799ddf416f680512f990a31b47eb859668
vcm_train_005744.wav,fil50_11188_ref_tagalog6_LIGHT_OFF.wav,cc560303e51104949ce6d7e96a3535f1250bbe9c78e15ac77fe2bd55b6c27fc6
vcm_train_005745.wav,fil50_10350_ref_tagalog5_TIMER.wav,a9a0c74c2375428c5f64fa401732f2419a4fc147f2d1258950ee8191734a4028
vcm_train_005746.wav,fil50_02038_ref_tagalog10_NEXT.wav,3c4317c1f378980b7fa4370c1888c35a62427f85fdfb4256e32e42eff34ba9df
vcm_train_005749.wav,fil50_13662_ref_tagalog9_COLOR.wav,cbe87b73b93c241dfbfc44d4008c5606b1497265dfbb6780f3c520f6145334f3
vcm_train_005750.wav,fil50_08667_ref_tagalog3_TEMPERATURE.wav,0ed7b0f8c238ae183dc84eb287ebb8ea01b6c44c6f3ea07f6ecf82e3b7d8277c
vcm_train_005751.wav,fil50_01202_ref_tagalog1_TIMER.wav,41516977bc10ef5e2c42f36c605a7c8745a57d5ce6c826babd8116aa18673d92
vcm_train_005752.wav,fil50_07741_ref_tagalog2_TIMER.wav,db69e9f4642fa1f746ba0b3705a35f434a13bae42fba4b0ecf08e353dcb3e226
vcm_train_005754.wav,fil50_09489_ref_tagalog4_VOLUME_DOWN.wav,3fb0170e6cca7f60cc2b839d2195a191bd06ae8193be38596a4cb9a7dfb69566
vcm_train_005755.wav,fil50_12878_ref_tagalog8_ALARM.wav,b25ad97353d264b90c6b2bcc987d49e6266fcd26d5067829dfa90d452f8ad0d1
vcm_train_005757.wav,fil50_06245_ref_tagalog15_VOLUME_UP.wav,2e3bf771bb0e8a462b4eca6765b53ef538e307bce5bb0cb9ff31683e622dc84e
vcm_train_005759.wav,fil50_03663_ref_tagalog12_COLOR.wav,12791d50d565290297f96c1ccd2342aaf29c9976bf023220d37b609ad4428622
vcm_train_005760.wav,fil50_00352_ref_ilonggo1_TIMER.wav,55c4a03cdc03042d4f1f464c17c73b4bce48065080691143f0b17f377602382e
vcm_train_005763.wav,fil50_02040_ref_tagalog10_LIST_REMINDERS.wav,358f443419aaf03eb956772a4f2b611db7ddde79e2eafb78b9da3df72be93907
vcm_train_005764.wav,fil50_12037_ref_tagalog7_VOLUME_UP.wav,6b6f4fd9dae2f51ea1d9b355fe07b432d125b22d535a815afde3ae67346d595d
vcm_train_005766.wav,fil50_13663_ref_tagalog9_COLOR.wav,04f65b46184299a4408e97afb103370dcd4afcb83bec0173a99315715c7c7a4f
vcm_train_005769.wav,fil50_07742_ref_tagalog2_COLOR.wav,b9d668a878552e9c29a994fb7ce1f813553895f3e39c518ae3f0bf35a20a9a42
vcm_train_005770.wav,fil50_04547_ref_tagalog13_LIST_REMINDERS.wav,3cce44bba2701c81a0151f41c1c4ca53150ebdfaf98ce61940adccee1635f046
vcm_train_005771.wav,fil50_09490_ref_tagalog4_BRIGHTNESS.wav,bbc0c43d896185b1eef9f6d5472dd68fde70d7b762a8cbdc31c6f8db676314aa
vcm_train_005772.wav,fil50_12879_ref_tagalog8_STOP.wav,39b0977445bc14b2d486c14051cb1a8abe3862e6d21fb1c328c185c4705391d6
vcm_train_005773.wav,fil50_05387_ref_tagalog14_COLOR.wav,da7fffbf5e33b8fbc8c0256eaddf470801a03854cd108c3447cfc77a8f11b71f
vcm_train_005775.wav,fil50_06991_ref_tagalog16_TEMPERATURE.wav,59f91c5cf3f4a208aef86302a59e6dd6129e7874287b633a5632aab7969e102d
vcm_train_005776.wav,fil50_03665_ref_tagalog12_TIMER.wav,7fcbdf055f0e895bd80da56c2d4a09b188b96be5668f5e23833bff70055b4703
vcm_train_005779.wav,fil50_10351_ref_tagalog5_VOLUME_UP.wav,1229a964bad97a44dedbba41a11e6de8d86efc7084283d38106b39fdd43831a2
vcm_train_005781.wav,fil50_12039_ref_tagalog7_COLOR.wav,815c81efed838396fad8cd671b1d76d3cc426e7235b415f232bfb2240dd761f7
vcm_train_005786.wav,fil50_07743_ref_tagalog2_ALARM.wav,fe9f438cba7ded013bee62800561bd074421938d84526a98d9f44d0acd38ecd3
vcm_train_005787.wav,fil50_04549_ref_tagalog13_TEMPERATURE.wav,fb0dad09dc85a2e94a6e5556b727815f8185b240d8a581afa4253eb48d139b31
vcm_train_005788.wav,fil50_09491_ref_tagalog4_NEXT.wav,9e5d3111a91247acdf2c4aa169db83cb0ae8de2fd339269feb5fc9a5221b14a2
vcm_train_005789.wav,fil50_12880_ref_tagalog8_TEMPERATURE.wav,577a3be3468083e050b88d5e523fe353428e11e686eefa1d09249aa352b24378
vcm_train_005792.wav,fil50_06993_ref_tagalog16_PLAY_MUSIC.wav,d7312b0397a2cc5ef3dc7ac63c6b6b102ee7347fd0b27a014b3110d8e485b4d4
vcm_train_005793.wav,fil50_03667_ref_tagalog12_PAUSE.wav,ddb5c7f67ab160e1123663f1d20e1f6c176c6745a1f3de18c59978ddd83c0c73
vcm_train_005794.wav,fil50_00354_ref_ilonggo1_TIMER.wav,c481b2f3aa7d1699d31d2f542c7afa384ce1e9429684306cd7e98291ee82570b
vcm_train_005795.wav,fil50_11190_ref_tagalog6_COLOR.wav,806057cf45ed80f6ba74481e9f88ba9d3536aeab84f928bd629f4bc4f016a3be
vcm_train_005798.wav,fil50_12041_ref_tagalog7_VOLUME_UP.wav,5b59aefd2b3496ef3f109a8879cb2e1c7acfae39a6c77701477b854534e7f5f7
vcm_train_005799.wav,fil50_02866_ref_tagalog11_CREATE_REMINDER.wav,11f3a337327c808b12de23f9bd84cd7c63988f4e9b591e6f3cab71e54ee703ea
vcm_train_005801.wav,fil50_08669_ref_tagalog3_NEXT.wav,9c950c4c6807fe4ffbbbcf52f44e4528908b8583d6285aaa107847d5c659989e
vcm_train_005802.wav,fil50_01203_ref_tagalog1_CALL.wav,dafa36c96dcbf9f2378287af82604438336b7e65d4d2b0affbaa1ad355a2f430
vcm_train_005803.wav,fil50_07745_ref_tagalog2_TIMER.wav,4aa25c803b3f1fc47209362211b364b98c15df8c9a73d1ee3c5b23066da0f28a
vcm_train_005804.wav,fil50_04550_ref_tagalog13_TEMPERATURE.wav,150c6d25835fe6717ef87a115338d30c1ac9b0ca931a355056335c714250cf97
vcm_train_005807.wav,fil50_05389_ref_tagalog14_LIGHT_ON.wav,d3e6c64ff587223fb70afc8cf04f89f97bbfc2d410d246c228667845f8604c50
vcm_train_005808.wav,,f0d4e16d7dc5674089514ecc10bd5cf0898243869924f1404ee544dd9e47e3cb
vcm_train_005810.wav,fil50_03669_ref_tagalog12_COLOR.wav,6472a92182fc7364ddfd70d1c26e0f7969dde85986c1f6b7b3d73ec0bd26377a
vcm_train_005812.wav,fil50_11191_ref_tagalog6_COLOR.wav,ba11e35d594c27604e8170fbc6b3772fc2cf08ee7da616525e16902c660a7535
vcm_train_005814.wav,fil50_02042_ref_tagalog10_TEMPERATURE.wav,7e980a4cb42abbae0ddc55c699a75e2fa70d5fd0c175dfc52ce437e3c940ef49
vcm_train_005815.wav,fil50_12042_ref_tagalog7_VOLUME_UP.wav,ddc176e9d920d3d16a06123c0f67c72a421afcf5801e9f9efc89eb8cd180bbc0
vcm_train_005816.wav,fil50_02868_ref_tagalog11_ALARM.wav,03f3d4da053887cf0c8fd0a5586c1788d89adeb8f4a006e24bb1015ad4ad2cb1
vcm_train_005817.wav,fil50_13664_ref_tagalog9_COLOR.wav,9e194152a790352784cfb9a5b26d88411cb3adccdc6fc8b3d14b3726c8bab797
vcm_train_005818.wav,fil50_08671_ref_tagalog3_VOLUME_UP.wav,0ae4a285a4c85520d82cb0038a48248f40c309c7dc0d7b1c66ec32c1bb536dce
vcm_train_005820.wav,fil50_07747_ref_tagalog2_STOP.wav,1353d11b80cce9691512aa2f09b142524e80afc69fe87d2abb4f164c8ea0d8b7
vcm_train_005824.wav,fil50_05390_ref_tagalog14_NEXT.wav,9199a36970b38925a31e65e898b35c0062b8e0ab1b60433470409cb5391af414
vcm_train_005825.wav,fil50_06246_ref_tagalog15_VOLUME_UP.wav,91466d5dd6ef3e26ae47defb66999e1897563be0fd0fca510f071d65b0b3715a
vcm_train_005826.wav,fil50_06994_ref_tagalog16_CREATE_REMINDER.wav,25df63129a815ef7c54b830a802853f863d1a25ebd6088d7d79270d85ffbea4c
vcm_train_005827.wav,fil50_03670_ref_tagalog12_VOLUME_UP.wav,300e81d4008065e7da07297ab20cfd34a32a2a9e271625b7ef1b6345fd546207
vcm_train_005828.wav,fil50_00356_ref_ilonggo1_TEMPERATURE.wav,db0b195cfd4cdd6417353a349cdee93937f8ab60d8a8020901e984f8e691a919
vcm_train_005830.wav,fil50_10352_ref_tagalog5_COLOR.wav,00db62a98f05b7be30bb2e90582237854a490abac23530db918ec95a841cb8a6
vcm_train_005833.wav,fil50_02870_ref_tagalog11_LIGHT_OFF.wav,c7d52dd3ab6ed2a8e8d37614b20e116bb33c72f3977174790ae2e040e236b725
vcm_train_005836.wav,fil50_01205_ref_tagalog1_VOLUME_UP.wav,4feda64dcb80ef685357a9b74ddd0c748b2c4f7a66c97e159e5770f7fe389f93
vcm_train_005837.wav,fil50_07749_ref_tagalog2_PAUSE.wav,02774b36f7c83a0e5b377b3cdce07245c32075e6341be7a37936a31498130920
vcm_train_005838.wav,fil50_04551_ref_tagalog13_LIGHT_OFF.wav,d52125801933f6c72c4c695315096397b28065ec31aede2c0db80829fb55670f
vcm_train_005839.wav,fil50_09492_ref_tagalog4_CALL.wav,2672d8bd112606665b2d93a57949c44c2630218241090d4b0221e71ffd45b468
vcm_train_005840.wav,fil50_12881_ref_tagalog8_LIGHT_ON.wav,4c8803289c8d44f36dc59648f8f170a870ed1790e730e5933acb45b79f952a65
vcm_train_005842.wav,fil50_06247_ref_tagalog15_MESSAGE.wav,1ecb61d2b6fe92cc868878b39b37f42b697bded8c727a910db4ff555ce789e58
vcm_train_005843.wav,fil50_06996_ref_tagalog16_COLOR.wav,c5fb8ea5c4cffc822e64547a6056e4585586366c1343f2484fff55f97133045d
vcm_train_005844.wav,fil50_03672_ref_tagalog12_ALARM.wav,9725202caf587a24cece8d4801fa8662c7a53232c1aff5d2687dfcdad2de1e79
vcm_train_005845.wav,fil50_00357_ref_ilonggo1_ALARM.wav,3ce97785db96a775bb665bad2a3ba79a78ee862a08f6048f3a6ce266e1304047
vcm_train_005846.wav,fil50_11192_ref_tagalog6_TEMPERATURE.wav,9e0d68e7994678184f9a6087b5d7a7998fcd3915a5e7df6eaa5070780e64e1dd
vcm_train_005847.wav,fil50_10354_ref_tagalog5_ALARM.wav,2cc977286a5231ccb38136e6af4bfbe6da6d6bc326dcc276cb363508bc29e7b4
vcm_train_005848.wav,fil50_02043_ref_tagalog10_VOLUME_DOWN.wav,eb9cba079cdf2a653188efdfb3c869672bfb8362830533dd3c5ec1526e2720cd
vcm_train_005851.wav,fil50_13666_ref_tagalog9_VOLUME_UP.wav,69a090efb76f6aadef7b18b2cbe80cb78168a49a8a09ac2b5acfedb37c030d65
vcm_train_005852.wav,,33f7b4f57259f573008c18a0e9a5768b64dfd39b39b29203d495e7260c917908
vcm_train_005853.wav,fil50_01207_ref_tagalog1_COLOR.wav,dbb96d9ba6041d199db74e94adedb3dc3572a158440e2e7b37f5f1b674999360
vcm_train_005854.wav,fil50_07751_ref_tagalog2_MESSAGE.wav,8c3a1f3e9b538c32f208d30b7845307f37e541127568618f4de981dedd3d4377
vcm_train_005855.wav,fil50_04552_ref_tagalog13_TEMPERATURE.wav,11e2d05067a959fc208b72e5c7146573fb7528dadd811142d4aa1d821cd0d49b
vcm_train_005857.wav,fil50_12882_ref_tagalog8_NEXT.wav,a3a36f8b0867a3e54acdf02d93e20c0cd15f2d3c7f33bba74a83aa8fbf0fe11d
vcm_train_005859.wav,fil50_06248_ref_tagalog15_TEMPERATURE.wav,8e2df469294695780fc00551d389bd2ce2c6d7aa742e81e8ccc610a93169e1be
vcm_train_005861.wav,fil50_03674_ref_tagalog12_WEATHER.wav,fb0253a2475ac87006566573f6b47267eaa640298939d2d1e497a2556915d905
vcm_train_005862.wav,fil50_00359_ref_ilonggo1_CREATE_REMINDER.wav,dba01eda47a22d30197e3370fa905042a80ba988ffaa49fb27173410a470ff6c
vcm_train_005863.wav,fil50_11193_ref_tagalog6_TEMPERATURE.wav,71ba871c8ba822ea0fe8f4ee1a38a1fcc67d198246a2ea89bdf2b27e101d5073
vcm_train_005865.wav,fil50_02045_ref_tagalog10_ALARM.wav,93b46c758b0834e99a781642707196d21bf67c42f925f5817beabb543629148c
vcm_train_005867.wav,fil50_02872_ref_tagalog11_LIST_REMINDERS.wav,08c7013520391bd993b5d5b428a3318248acebfc7aaf451c2948def8cd5065fc
vcm_train_005869.wav,fil50_08672_ref_tagalog3_PLAY_MUSIC.wav,58424003a7e955068e22998497c0e254d19ae4a1e54fd9e360946d14d3815a92
vcm_train_005871.wav,fil50_07752_ref_tagalog2_TEMPERATURE.wav,cafa4463fb379ff3ef2e52a56df0e730904ebaf65418a6fc5b3969f34e5714e2
vcm_train_005872.wav,fil50_04553_ref_tagalog13_TEMPERATURE.wav,9a734bf52c6ba58dd885463f930fe05d4d86215c98e61d643ec4127cd8f3050c
vcm_train_005875.wav,fil50_05391_ref_tagalog14_LIST_REMINDERS.wav,a2d85e5e3c1ad7138dd1941a276578ba9fa7ecff5ae99ecb7609ff679deada03
vcm_train_005876.wav,fil50_06249_ref_tagalog15_NEXT.wav,a9eb025e3e44d80dcbd91d386b678b3f8e9722b8e2285711ca2d4ecb3f3dc165
vcm_train_005877.wav,fil50_06997_ref_tagalog16_ALARM.wav,c7873f7f053e0b4d6adf7c550fdbc58a2c51e97101d9e8ab454ec52357a91c73
vcm_train_005880.wav,fil50_11195_ref_tagalog6_ALARM.wav,4353f41e76e636a12b040277c52d2f6b9e3c8538d6e2ce30b93757b42f91fc2e
vcm_train_005882.wav,fil50_02047_ref_tagalog10_COLOR.wav,d675958090c1ff00cf17a4a7f7aa2dd44fc4c2d20521e76285cc5497e8f03e05
vcm_train_005885.wav,fil50_13668_ref_tagalog9_TIMER.wav,127d1997ad2562057d55d4f45886f340142ada2aa94a1ae997d9881d40a21293
vcm_train_005887.wav,fil50_01209_ref_tagalog1_STOP.wav,86be71bea33b3ab86c42dee7672c9a53c2d1be23e7e2824ec43124a4308d29a5
vcm_train_005889.wav,fil50_04554_ref_tagalog13_LIGHT_ON.wav,0c0d58ae475e8c17599734a20f63d567fd8a170cc1cd73e39f6abb97745a3656
vcm_train_005890.wav,fil50_09494_ref_tagalog4_PLAY_MUSIC.wav,71afce031143e923907307fcb36626f1378701183a68b0a7ea56ed392fe74b36
vcm_train_005892.wav,fil50_05393_ref_tagalog14_TIME.wav,e68491691273069319029e48ef15ba584be752d950a41ae84020139d83d97ac1
vcm_train_005893.wav,fil50_06250_ref_tagalog15_TEMPERATURE.wav,2cc44df12faeeb9bd9060ab63c425d3fa89ebd6b961d83e0a7a99055bf8d8149
vcm_train_005895.wav,fil50_03675_ref_tagalog12_CREATE_REMINDER.wav,55fbb4304ad9262f97221cf69b7534a701373423f3246c26c3c07427cbbfb1ed
vcm_train_005896.wav,fil50_00360_ref_ilonggo1_CREATE_REMINDER.wav,1ec8380d27befd29a13c38315d57634c1ad2e905be5035aadb8a391029950d10
vcm_train_005898.wav,fil50_10355_ref_tagalog5_NEXT.wav,53888de301d9fca18092be06ad6c30e67e57482b6c938d898346839718e87944
vcm_train_005900.wav,fil50_12043_ref_tagalog7_PAUSE.wav,b55ec7701701d995345df608dd8b33a5df4e45170cb69ff3235c147e2d7bf83a
vcm_train_005902.wav,fil50_13669_ref_tagalog9_VOLUME_UP.wav,a411ca57ae8db736ee34c5033f8edd126a6549837c3305555aac76cc493367e8
vcm_train_005903.wav,fil50_08674_ref_tagalog3_NEXT.wav,e58c745c6ed4f6cef9f4885d06d331b7c0241d91be31a1355b4b0e7cba28f223
vcm_train_005904.wav,fil50_01210_ref_tagalog1_COLOR.wav,9683eaea54ff31c6a4feb09a2a7a57cb39330389877a135cc2e3e407cb62ea57
vcm_train_005907.wav,fil50_09496_ref_tagalog4_STOP.wav,d58d0bf61ae8749a4f4fc184638fe9b3fa8d0b3e16f9d333c2914eb64324575c
vcm_train_005910.wav,fil50_06251_ref_tagalog15_PLAY_MUSIC.wav,64de733c044a4422494bff0e5a3d71ff6a3d03e8dd9c9aefdc6902645b3a4d42
vcm_train_005912.wav,fil50_03676_ref_tagalog12_MESSAGE.wav,d4650b2463339f1c2703c93d2ef5d23cd8f664ddd942fcb868b4cc99ea20cf5f
vcm_train_005913.wav,fil50_00362_ref_ilonggo1_ALARM.wav,59e42aa75fabe1955850ecf6a746661b213c8755649ac94cff64cb88495f2a69
vcm_train_005914.wav,fil50_11197_ref_tagalog6_TEMPERATURE.wav,c23f4f140b3d0acbc2ca185290e96d393d3f8d107f2ded7ffdb3d11d72873739
vcm_train_005915.wav,fil50_10357_ref_tagalog5_TEMPERATURE.wav,f42734192c1484a2193b41ca86803f93b351b93e389abfe06c8d073742ee0ea6
vcm_train_005916.wav,fil50_02048_ref_tagalog10_CALL.wav,91957060dd4ad06c68bf4842cef44085bbdc786cc6d11a5f2059ee805177e78b
vcm_train_005917.wav,fil50_12044_ref_tagalog7_CREATE_REMINDER.wav,7bc64a0ccda8fdff97f77544b8cf3428d0bab5d4de8afe03eab3ef40ccd9f70c
vcm_train_005919.wav,fil50_13670_ref_tagalog9_BRIGHTNESS.wav,38dcf138535266b561aed3999fa56119e0781dbb5d8373460c5f65eb37c0cfe2
vcm_train_005920.wav,fil50_08676_ref_tagalog3_LIST_REMINDERS.wav,8f7c7f7b3c49139508596cc95e017c59d9f0677933832e1e2001461ed1fb7a40
vcm_train_005922.wav,fil50_07754_ref_tagalog2_WEATHER.wav,771c979ac922b9a3775abb4d4da0be829b69a55b9b7314045a76c13f698f8f0f
vcm_train_005923.wav,fil50_04555_ref_tagalog13_TIME.wav,8020b50dbfe61ad682c161e9a330d0ea59e4ad140e19707ac02e00b48997f129
vcm_train_005924.wav,fil50_09497_ref_tagalog4_VOLUME_UP.wav,4023f6c693399bd3b8b8d490d49db09cded1abf47ec702dcf9d9f3450c768a61
vcm_train_005925.wav,fil50_12883_ref_tagalog8_TEMPERATURE.wav,644d9fbb4ef0382dbacdb585cbd94832210418c363d7ef55a452d7d82f17be4f
vcm_train_005927.wav,fil50_06252_ref_tagalog15_MESSAGE.wav,f22515aa8b998f13ce5b48b230e666efbbeddcf376db4ce185f9a213064ca8c0
vcm_train_005928.wav,fil50_06999_ref_tagalog16_LIGHT_OFF.wav,e2afdfd3f85b3376201815b8ae466f50ade044ec5c5b44aceb988490c487ed5f
vcm_train_005929.wav,fil50_03677_ref_tagalog12_CALL.wav,8691e701248bd2a5aeb059d38e531849ed03f7d0d412ca925266ae2ff5f45458
vcm_train_005931.wav,fil50_11199_ref_tagalog6_COLOR.wav,860720b0982dce229fbb6e96b3a43961c9dbea702a2f0087bbb95dcaeb2d02ff
vcm_train_005932.wav,fil50_10358_ref_tagalog5_STOP.wav,2e482ea651a04bb616dfdb30ed1e88d8173d5b0447bf4ca908b6af92d84c6c38
vcm_train_005936.wav,fil50_13671_ref_tagalog9_STOP.wav,96db27a22765fbd39d3512abdb48b9d1487bdc48bbda94f7a5e10adb930d1979
vcm_train_005937.wav,fil50_08677_ref_tagalog3_PAUSE.wav,086979cafbf90df6f43b2e0e3e7826d0d0489ed82b5cc4039387d4c2bb989a1c
vcm_train_005938.wav,fil50_01212_ref_tagalog1_CREATE_REMINDER.wav,b0339ad9a438203a8e264f64e535e1778a53ee693bfca4bd53e147d1acf0f8a6
vcm_train_005939.wav,,e16d252a7a414ccc7e19bd471e0b04630a7cf91dad48fd6e283200aa1919f35b
vcm_train_005940.wav,fil50_04557_ref_tagalog13_TEMPERATURE.wav,da24e7dbaa011f91b717ea498e5fb3278b23af680ba937fbbf63ec2c5d839a34
vcm_train_005941.wav,fil50_09499_ref_tagalog4_VOLUME_DOWN.wav,b33ef6bdb04ea969e7254aae49da9021c4533c561e459d5b0b4767e15fdf4e49
vcm_train_005942.wav,fil50_12885_ref_tagalog8_COLOR.wav,1d1547422c0078b90cb4c21fe7a3f10c84612974be509097577e33e71df45dc7
vcm_train_005943.wav,fil50_05395_ref_tagalog14_COLOR.wav,2d81ea1adb9fc1d077af91ff05aa147d71063c4f0d0d5f1b4745a602060892eb
vcm_train_005945.wav,fil50_07000_ref_tagalog16_CREATE_REMINDER.wav,71c8a8424fbeabb1e6abf29edcb7ccf607d3a66b831617a3ddf6ac3d6170484f
vcm_train_005946.wav,fil50_03679_ref_tagalog12_MESSAGE.wav,205acd0a62a8542e1d89efc15ef7188d5f786750c7a28f3b53795eef50fe6fe7
vcm_train_005947.wav,,3d58b66cd459c42908ad9cfcedaa6d8afc19ac0d72df8c2907c05d53a2e226f3
vcm_train_005949.wav,fil50_10360_ref_tagalog5_COLOR.wav,615d5703bde254f2d67918b7214cefb9f88127f8f0c60d4fbe47a8bc8454a5d6
vcm_train_005950.wav,fil50_02050_ref_tagalog10_CREATE_REMINDER.wav,5ed8b9f3f98073f8d960d6307f52c25eea207de83b798dddb8556424d30d0edb
vcm_train_005951.wav,fil50_12045_ref_tagalog7_COLOR.wav,1e692379c66527647d47fb770912ab2d9f81f60c606ef35deba283219db634f8
vcm_train_005954.wav,fil50_08678_ref_tagalog3_LIST_REMINDERS.wav,38a3508390f393f37c110828a8873e8e5760c45b90c0fbfa3d614355353db0f2
vcm_train_005956.wav,fil50_07756_ref_tagalog2_LIST_REMINDERS.wav,e45c12f94f31b8890bd1ec318fb09ec03562216cac8bdbe39711c0d9717bac07
vcm_train_005957.wav,fil50_04558_ref_tagalog13_COLOR.wav,33ea3a5541bdc9ad721b66953b523a63f594e21e033703757c14ac382f27eb7b
vcm_train_005958.wav,fil50_09500_ref_tagalog4_MESSAGE.wav,df169a4b3ef592aa9abec403f39c1a9cc7fe1b488841f7beb960a45a8aeaa5ea
vcm_train_005960.wav,fil50_05396_ref_tagalog14_TEMPERATURE.wav,3e641f97077b452a402ea042fc66c10250492e6d89adfac0cce684843add86b7
vcm_train_005961.wav,fil50_06254_ref_tagalog15_VOLUME_DOWN.wav,217211c66143153388f5c29876a543c4c05c01994e61840d2e3726ec1d21ae5c
vcm_train_005964.wav,fil50_00363_ref_ilonggo1_TEMPERATURE.wav,c41e371750c7b626601ba1eddc4507135d96216cd86288ed2019b5d3ed016cff
vcm_train_005965.wav,fil50_11201_ref_tagalog6_CREATE_REMINDER.wav,5b2c8d37ebd93f8d9d5335a1bd93b6e9c050385891be9ac3e2c904d9ca531b1b
vcm_train_005968.wav,fil50_12046_ref_tagalog7_NEXT.wav,be3a80403f705762597435264e05211c6af8b4883166e6ff96d9a53179e879f4
vcm_train_005969.wav,fil50_02873_ref_tagalog11_ALARM.wav,e8b174615bb30b5aa49b9360f9c3a574a9397c2dfd75efc13d502351203d562f
vcm_train_005971.wav,fil50_08679_ref_tagalog3_ALARM.wav,0a11e0cc89b605a55b2c76ee24e9ed885e2e6265ccb53046cdcf95c009576f44
vcm_train_005972.wav,fil50_01213_ref_tagalog1_PLAY_MUSIC.wav,6fdb463695d9848aea3f8c134096c67d544ebe80c419cd0c9da1ad294e7fb07c
vcm_train_005974.wav,fil50_04559_ref_tagalog13_TEMPERATURE.wav,10004ffddc684d651bb04cc8ed47d7842dddc895bb930d65db6a1cf2c3b9210c
vcm_train_005976.wav,fil50_12887_ref_tagalog8_TEMPERATURE.wav,f276f6785f3fbd8e4279ee07a3aa1887af3b1e3c2ca7941d74d67ca6196c2a6c
vcm_train_005977.wav,fil50_05397_ref_tagalog14_COLOR.wav,a177c2c286e8531fe8647f55479ee181baa6b3400855233948d675b7ce4c8bf1
vcm_train_005978.wav,fil50_06256_ref_tagalog15_NEXT.wav,6d4c2bdd5ca49bf4307fbcc2fa34d7738f2dd4fa23bba759964f42122c16bbb1
vcm_train_005979.wav,fil50_07001_ref_tagalog16_CREATE_REMINDER.wav,210143162df364b4415f62dfb6a2fcf48537830ee4b1fea3805aed547a2101cd
vcm_train_005980.wav,fil50_03680_ref_tagalog12_TIMER.wav,a50ac7a336a3eeaf95cf753ab9b21d0c03cff51a5967ba40339d287e1d7cd14f
vcm_train_005981.wav,fil50_00365_ref_ilonggo1_TEMPERATURE.wav,65492fa4a66af9bb25a4e12fb9454308b981b8712fcd7aeb0afa6e31683eaa33
vcm_train_005983.wav,fil50_10362_ref_tagalog5_LIGHT_OFF.wav,119366b32a8ed108b7c8dbf4a6095990d3af6286189f121eb81ac08266b1ba1e
vcm_train_005986.wav,fil50_02874_ref_tagalog11_LIGHT_OFF.wav,2a5aaf878edcb421387f3bca1f16c0746ae73522e327b12889dae0419055874a
vcm_train_005987.wav,fil50_13673_ref_tagalog9_BRIGHTNESS.wav,59ea9fc24d9969a67576a3e319bed8347b332c987934a3876e6a0d7204ab7b08
vcm_train_005988.wav,fil50_08680_ref_tagalog3_ALARM.wav,0b78e379ed1df09173b1c24ff0cedc65e87be8b93e3def66a1c08ab166e80660
vcm_train_005990.wav,fil50_07758_ref_tagalog2_PLAY_MUSIC.wav,af528725681e5a7690fdcff04e5f2befc54d9dfc1dbdac2826b40d3727c1be09
vcm_train_005991.wav,fil50_04561_ref_tagalog13_PAUSE.wav,c6ff5870a0551f3f4171581c21bf25a4a39fd5886419bd3031bbccac2fc78e9b
vcm_train_005992.wav,fil50_09502_ref_tagalog4_ALARM.wav,83d07815e092c98efb8259da490af693119a8b8fd1290477970bb26e8004e9f6
vcm_train_005993.wav,fil50_12889_ref_tagalog8_NEXT.wav,d50fd2c4e25df52077c80cb5c077e5b70f656005d7c39556e10536678940d824
vcm_train_005994.wav,fil50_05399_ref_tagalog14_BRIGHTNESS.wav,d59a5ba26000495e99423450680972a5acf98e21a195b01a7d9573cc5c39b809
vcm_train_005996.wav,fil50_07003_ref_tagalog16_NEXT.wav,0a15bc67f11c95cec83643430902fdac0a2eba9df2889998baf3077fa9733dfc
vcm_train_005999.wav,fil50_11202_ref_tagalog6_WEATHER.wav,66fdb6faf74f0ca8d39402ab7c217cb0b12d3e0cea65af89d986bbb89b5cedf4
vcm_train_006000.wav,fil50_10364_ref_tagalog5_TEMPERATURE.wav,a4a99b4033d1538f444c381b51e35f233abee800ce16d81e7d3f9151f9a35dda
vcm_train_006001.wav,fil50_02052_ref_tagalog10_TEMPERATURE.wav,47de4d2485dce8a7b8cf974345c2cca388d50513b3e6815bbe50027641ed4242
vcm_train_006002.wav,fil50_12047_ref_tagalog7_NEXT.wav,368c7c9b48c4acccc4760ab3951cd6ad070752c655d22fad3a37f4cc3ae91bd2
vcm_train_006005.wav,fil50_08681_ref_tagalog3_LIST_REMINDERS.wav,9bcce8bcd4828373d0137ceee032bc5e5fdfef297d3504281d5048cbb52ae0d0
vcm_train_006008.wav,fil50_04562_ref_tagalog13_TIMER.wav,c8039837b36be4ea60f17aebe31c769cca475f3f7defa149f4a3a3f6467978cb
vcm_train_006012.wav,fil50_06258_ref_tagalog15_NEXT.wav,1de6e5c9191020d535aac40283a42c66bcc89d759b864cf3042f44785482089a
vcm_train_006015.wav,fil50_00367_ref_ilonggo1_NEXT.wav,03b1c3e101cf6dc65485ab6acaa4a6cfcfc374498540e83a19359187f7619daf
vcm_train_006016.wav,fil50_11203_ref_tagalog6_CALL.wav,e5ab02d4a846a921b649fc54d8dff8be9b7a8d555779a1f1c4c2312db9d7805c
vcm_train_006017.wav,fil50_10365_ref_tagalog5_MESSAGE.wav,efb269191a9077a676307778b9d4228c2147a2f36bd67edb8f6f9d3681fcfa1a
vcm_train_006018.wav,fil50_02053_ref_tagalog10_WEATHER.wav,06bc4c8b9f4c497b5afffc77f3caac32572fa4c5da46e06615c4153a5fe97a5a
vcm_train_006019.wav,fil50_12049_ref_tagalog7_TIME.wav,ec32a4f7369be7e18d21690db0111ccf6c56ef5f749233e703cbe7b7a81d21ca
vcm_train_006020.wav,fil50_02875_ref_tagalog11_VOLUME_DOWN.wav,8844ba943e17e0d67c0d0a8e54981d21fc4b2cebbb5628336ff07db79c98b0a9
vcm_train_006026.wav,fil50_09504_ref_tagalog4_COLOR.wav,d3296bcac516c303efdae3122354099fb34e077cacbec90343f76417b25090f7
vcm_train_006028.wav,fil50_05401_ref_tagalog14_VOLUME_UP.wav,c95dc193dcaf263d64844b6bc75ba6cf6273cf91e01de69218cf3917c94a7178
vcm_train_006029.wav,fil50_06260_ref_tagalog15_LIGHT_ON.wav,4a7ce706af9bd1789e37f7a07cfa5205d3d577218b77047e0fec8f55517ebfb1
vcm_train_006031.wav,fil50_03681_ref_tagalog12_NEXT.wav,d085d2501e346852e26fcfba5a653707243f2b2cfbe0441a25184b73270fd395
vcm_train_006034.wav,,ac925263c2e50c73d501e38a86b9e6804faad8605666709739cb63f6d0701132
vcm_train_006037.wav,fil50_02876_ref_tagalog11_TIMER.wav,c80e8de4246c8b22e14b2940828f1107180d7a7056ac42b47dd0799bcf10eb16
vcm_train_006040.wav,fil50_01214_ref_tagalog1_ALARM.wav,a34e4509863a98c58a0ed0332f9c330372d18fd349dbd77c1731ed65499b768c
vcm_train_006042.wav,fil50_04563_ref_tagalog13_VOLUME_DOWN.wav,4446f2dddc88ce704bc7ce9a5d11f7c5ed1184d3ab499b26178bf2b4a7a662e4
vcm_train_006043.wav,fil50_09506_ref_tagalog4_COLOR.wav,0a761ba5451ec29687796f7ca70d6907d7d7487030e44b44194da56d96c42af9
vcm_train_006045.wav,fil50_05402_ref_tagalog14_NEXT.wav,f6d51816178a79d2d196c3891354771048556197760f42d614fc0f19deb0d3cc
vcm_train_006046.wav,fil50_06261_ref_tagalog15_COLOR.wav,de3b6bc256991c525c9c827c4b02b8eea0a83234070b7d88bb08c75779cc4271
vcm_train_006048.wav,fil50_03682_ref_tagalog12_TEMPERATURE.wav,8ce15d476cc4f7e14dbfd4a6c07d476e5453e5dc4062ab1ba1035f3029755291
vcm_train_006049.wav,fil50_00369_ref_ilonggo1_NEXT.wav,c1d24feb92563fb3c765f7fdb676fefbc3c1bde37eed8db1feda50c1fb734770
vcm_train_006050.wav,fil50_11205_ref_tagalog6_NEXT.wav,2e049cbb72a7c9d611f2572bf025c1348f3ce6d4ca4b312a2d784ce789b54810
vcm_train_006051.wav,fil50_10367_ref_tagalog5_NEXT.wav,193549f565a67be6149c590910e21b7c86f456b6d42ac1f6f73f8cdd9a5fb241
vcm_train_006052.wav,,830bc21d23a742f0aa43b0d0df1e77c06cfe5bb166be070d39d68bac1fd64f52
vcm_train_006053.wav,fil50_12050_ref_tagalog7_BRIGHTNESS.wav,fac7ff97ca4c6af1cdb4a80ebc90a3efa967db3e007a6fbdb7240c5bcc97d418
vcm_train_006057.wav,fil50_01215_ref_tagalog1_PAUSE.wav,945c4242429ea09b31ed37362b47e7bd12004c381988d087f03417ccc674195e
vcm_train_006063.wav,fil50_06263_ref_tagalog15_MESSAGE.wav,2f626e7b940e3852c16201c1a17f5e52d0b95e5fb53df842ecfdffdefb493a34
vcm_train_006064.wav,fil50_07004_ref_tagalog16_LIGHT_ON.wav,15acf8a9996c44e3c40dbe1961ea3cd4db37e72127d9b4de06f6fe41e5f2e667
vcm_train_006065.wav,fil50_03683_ref_tagalog12_ALARM.wav,075d550d8c012ffcebff253078091851f97e27687d8f4405c4eaa7808e031b22
vcm_train_006066.wav,fil50_00371_ref_ilonggo1_TIMER.wav,3d0e83b3ba3a73abf1f309f508a61e07fd53fbbcde85744560372e5ca541de7f
vcm_train_006067.wav,fil50_11207_ref_tagalog6_CREATE_REMINDER.wav,ed3a66c7d95accbfdb9587eaf2c09d6674d44f105f4aa7d94929de218eae16eb
vcm_train_006069.wav,fil50_02054_ref_tagalog10_MESSAGE.wav,799d3dd7535fe778265b2b26e3b9e2e7b945a42718769cfa7b1c8767438ea19f
vcm_train_006070.wav,fil50_12052_ref_tagalog7_CREATE_REMINDER.wav,4913576585091351434ab4c8fd336d4e2fb2fdb264d98901b2b1bdbbc546f2c5
vcm_train_006071.wav,fil50_02878_ref_tagalog11_CREATE_REMINDER.wav,535fe90f3ccbda368c09e154051b00562f283e9f89d2f25df7ae6fb3e32eaa2a
vcm_train_006072.wav,fil50_13674_ref_tagalog9_TIMER.wav,329c12dda135500900d59b055166f2e84c3d33f6bdf535adf2e2b5f19abf2bbf
vcm_train_006073.wav,fil50_08682_ref_tagalog3_VOLUME_DOWN.wav,67e3266146dd5e60120e12c1520299479fe77493334e6f7918737026132754cc
vcm_train_006074.wav,fil50_01217_ref_tagalog1_LIGHT_OFF.wav,d4bbac69b68a8a63f03fbc05bb7b12bc5b98233430a444a0fb650e30dab48c5e
vcm_train_006076.wav,fil50_04564_ref_tagalog13_NEXT.wav,9dae8a6937cb0702773e275dcdd4af01a6ea022199db04a5f567c1eac7717587
vcm_train_006078.wav,fil50_12891_ref_tagalog8_CREATE_REMINDER.wav,69f23225b58506136a8fab77461280f13ed3c041ea99ebc55c189ba2f86fdc17
vcm_train_006079.wav,fil50_05404_ref_tagalog14_COLOR.wav,48aab0b69bd7c155fff875865889246e29837dfe7755f21ac39b18252f38b1ec
vcm_train_006081.wav,fil50_07005_ref_tagalog16_COLOR.wav,25a78b7b52a073f86542f6327e6b607f631e13881312de6f3c3f585573afffe4
vcm_train_006088.wav,fil50_02879_ref_tagalog11_LIGHT_OFF.wav,e592760bc92876b3dcaf2ca3eef8441bc33e9de916d8a2154f46629a932e10a6
vcm_train_006089.wav,fil50_13675_ref_tagalog9_TIMER.wav,c4891ce83476d089eeebc77c7f1e01eb383864c56b4219a8f39de1c2bf82c9e7
vcm_train_006090.wav,fil50_08683_ref_tagalog3_TIMER.wav,5ab52f745aa654d2025c7599ad174435034dc3e2df0f88897119e056b0882995
vcm_train_006091.wav,fil50_01219_ref_tagalog1_NEXT.wav,b916efb4615c3908ae2e7a200194c0d88938c372228f83e7de1c958f93c2d9e2
vcm_train_006092.wav,fil50_07759_ref_tagalog2_CALL.wav,d7ab6784a05177286e324fa38639abe128671984339d5fd569154fa73244b42a
vcm_train_006097.wav,fil50_06265_ref_tagalog15_WEATHER.wav,bbb39460717022b86ecf30dc072be37400a98f4aba53584c031f1678061e3d61
vcm_train_006099.wav,fil50_03684_ref_tagalog12_BRIGHTNESS.wav,7543a193f14ebf7a4d8c023bc8c3388dbf3c509053924c1a2d11721aafeb2d1f
vcm_train_006103.wav,fil50_02055_ref_tagalog10_VOLUME_UP.wav,361aa2b213de5a861ce9a53e6f33ad4705645b67d9d302736b6f7e0f6f291b18
vcm_train_006107.wav,fil50_08685_ref_tagalog3_BRIGHTNESS.wav,ce00d281b7789b6b11ce27ba14488d6cc15a76adfde809fd8d951bc58cb3fd33
vcm_train_006108.wav,fil50_01221_ref_tagalog1_VOLUME_DOWN.wav,e1101d8e09191188282f622190bb68f4d8fdf6a72fa340f40f9270ef32e67e22
vcm_train_006110.wav,fil50_04565_ref_tagalog13_BRIGHTNESS.wav,2216ae58ad6666cb151dc383778605efdd073e43c3a08af5750fb74c55cd5ef2
vcm_train_006113.wav,fil50_05406_ref_tagalog14_NEXT.wav,73677298fdc1bb0b6ea37211353920e5f3ba23324341cbd7f45ca8f645faabfb
vcm_train_006114.wav,fil50_06266_ref_tagalog15_NEXT.wav,b9897757f88759ffbb4b4b676f28c7e8c4f9135e230b4af1172c823035a591bc
vcm_train_006115.wav,fil50_07007_ref_tagalog16_CALL.wav,d0c0e6ac5e3ef1b59f0c4f90844d25b10d0a71c157320a1a40b9c8446938ad27
vcm_train_006116.wav,fil50_03686_ref_tagalog12_BRIGHTNESS.wav,9595ea03e21fcfdb3cbfb2678247288a95bff8d9472599aac1c50c7061221e58
vcm_train_006118.wav,fil50_11208_ref_tagalog6_VOLUME_DOWN.wav,bae955a84a0d75c46abdc29f8171ab2bae77f453326b7923bba70233c9823ea3
vcm_train_006120.wav,fil50_02057_ref_tagalog10_LIGHT_OFF.wav,99aa230d0d2ce2fbcbdb299b41e34c5af6e5b59d057cb05108e8298b2318320b
vcm_train_006122.wav,fil50_02881_ref_tagalog11_TEMPERATURE.wav,60d061f3ac9e1cbaa49f6c60af99999b9b3f0558900012b51f4dab1c6b8a24c3
vcm_train_006124.wav,fil50_08686_ref_tagalog3_COLOR.wav,2a5b4603dba2cd978b3b1793cc5c02324fcecda41f1b54d2575c312faca93355
vcm_train_006125.wav,fil50_01223_ref_tagalog1_COLOR.wav,ecf445f5a71b8ab9e8099bc04443f75b771ed4875d7d189f7cbe8034d4077151
vcm_train_006126.wav,fil50_07761_ref_tagalog2_ALARM.wav,49035b63a7fdb1113a5a9f7ca6b48b8b81f648a7c08fdacb97bc2f29c76fffe2
vcm_train_006128.wav,fil50_09507_ref_tagalog4_PLAY_MUSIC.wav,11c1bb5dda22bfbebde7b1c83c8afb1dda38886ab7f32d1e94a4d545e3597a87
vcm_train_006129.wav,fil50_12892_ref_tagalog8_ALARM.wav,f5d422967c786f6d79ca4f306399620325a09e2b6d6e2b4741090d982986d885
vcm_train_006130.wav,,b210d7331c81e8c99b39640f333018f5fcca7d56b37b6d9d661b6c59d135081d
vcm_train_006131.wav,fil50_06267_ref_tagalog15_COLOR.wav,7d5fbffb18584ab6cc9aafac528df916ec1976ef9ebcf1b89c035b4ce2215dcc
vcm_train_006134.wav,fil50_00373_ref_ilonggo1_TIMER.wav,b38c94f6223cbdf9bd40ed722f74870dcb0603015a1fd43eac43fb3c0cbdcbcd
vcm_train_006136.wav,fil50_10368_ref_tagalog5_ALARM.wav,5ade8d2138b1dbd32b166554e702d07190d635b7b62a194e019f6f159455f539
vcm_train_006137.wav,fil50_02058_ref_tagalog10_LIGHT_ON.wav,ef2fa08dae78c6bbdd9d49848c29aaa17a815ea330dfc7f9e7d865ecd68d22fe
vcm_train_006138.wav,fil50_12053_ref_tagalog7_ALARM.wav,415e2977c1ce079a04c69fec46f855adcb330e8520b84733733fb7c8773bbbdb
vcm_train_006140.wav,fil50_13676_ref_tagalog9_PLAY_MUSIC.wav,a8fda55e30b1c711f0c7ce77c0ed2ba5c3117b2a8a180556ee1e07f5c2198809
vcm_train_006142.wav,fil50_01225_ref_tagalog1_TIMER.wav,c6ec0eb8047e9afdb7418039616245d64f84917a938011397becc7d9ed1141c7
vcm_train_006144.wav,fil50_04566_ref_tagalog13_CREATE_REMINDER.wav,2982eb7da68b2a206c1c2b26ad8aa234803f3ffbbdd39483c0536906ab35ee3c
vcm_train_006145.wav,fil50_09509_ref_tagalog4_TEMPERATURE.wav,cfd5aae76c36656657335769c0246160effa049c9f1cf99ceb3bc58082bdd263
vcm_train_006147.wav,fil50_05407_ref_tagalog14_MESSAGE.wav,45599b56107b767051e5d0bddbce0b67c42e123eb4bf24ad3c35f8a3d350b1ec
vcm_train_006150.wav,fil50_03688_ref_tagalog12_COLOR.wav,826715ab19222082c9742fcf5e20ee7c84203480cbb8431875d58cdb691e5524
vcm_train_006153.wav,fil50_10369_ref_tagalog5_ALARM.wav,8be6d50bbb245be2364799db80e68d6e6e8e44a2f864c02626d8dbb3f8e93d2b
vcm_train_006154.wav,fil50_02060_ref_tagalog10_BRIGHTNESS.wav,93f2f96283fc741474014ac7bff4ad3c7fe88dddd480d37dfb0dd34c0435ae47
vcm_train_006156.wav,fil50_02882_ref_tagalog11_VOLUME_DOWN.wav,041457d76fb0ab4010120210f77e9243e27ad39961ccbf8a88af8c7f6830591e
vcm_train_006157.wav,fil50_13678_ref_tagalog9_COLOR.wav,c9db5b67f5693a8e6643f491d8e6adcd650b014e540b1cbaabc9803215a30b78
vcm_train_006158.wav,fil50_08688_ref_tagalog3_COLOR.wav,5a3725a83015c96bb6f5a1e7d17a7663247c38d9d69117bd3b25e7bd56be0b85
vcm_train_006159.wav,fil50_01226_ref_tagalog1_CREATE_REMINDER.wav,a476a108392d3302cad04d9eb97f37519a955916fdf6c9168942818e8b07d13d
vcm_train_006160.wav,fil50_07763_ref_tagalog2_LIGHT_ON.wav,997890b435df0c103015e0959939415c04634d6cc3ef04d9c25937a2eddc5f0f
vcm_train_006162.wav,fil50_09510_ref_tagalog4_VOLUME_DOWN.wav,d544a0617029d1780983e6e8fcb720009508031b967e5337877ffdc67766884f
vcm_train_006165.wav,fil50_06269_ref_tagalog15_ALARM.wav,bfbbcfb998376a55a4c8bd3172e50ce629f0eb230a76176008e82ac0bfbea1de
vcm_train_006168.wav,fil50_00374_ref_ilonggo1_ALARM.wav,1b0f962801e7617d54a70038bcee83f2ef1866d5a29694b9521272468071b874
vcm_train_006174.wav,fil50_13680_ref_tagalog9_COLOR.wav,85f633176821e061bc1cced46fa2f3faca3167bba2566d42766ff5078ab72c10
vcm_train_006176.wav,fil50_01228_ref_tagalog1_VOLUME_DOWN.wav,cec6c12b8e87d04af9f2f401d1d68161ed343d9740ff950f2dc14bfc31dd2c10
vcm_train_006177.wav,fil50_07764_ref_tagalog2_ALARM.wav,269ad3a5accd094d5de142ef570c44468f5d741860be1cf16106c72418a3ee45
vcm_train_006178.wav,fil50_04567_ref_tagalog13_PLAY_MUSIC.wav,4922ed1d5e9896a4372f184538910b2281afbdc30131e27b3a7348baf2954258
vcm_train_006179.wav,fil50_09511_ref_tagalog4_ALARM.wav,975e7cc229723e2fb14970f7cd70c150b58029e31717b7b3388eeba4ec9247b6
vcm_train_006180.wav,fil50_12894_ref_tagalog8_TEMPERATURE.wav,4ac523fe0d9213a864b4d557bdf891ad24d9719ea66de251ba6d98ebc6821350
vcm_train_006182.wav,fil50_06271_ref_tagalog15_TIMER.wav,e64292ac6d56be21fdaeb7c01e04ed8cbed8a13fd1651a9f79c1c62c57b3dc91
vcm_train_006185.wav,fil50_00376_ref_ilonggo1_TEMPERATURE.wav,8efc67e4eed92289b8b38b84983084fe3a6c759b4e1e3ee5d326a1d3eaf38e90
vcm_train_006187.wav,,827b8efd7e34130387cd38c9b0e4335273364aff08696d33f4cf02a17d5b979a
vcm_train_006188.wav,fil50_02062_ref_tagalog10_ALARM.wav,a636d709f55fa05ab8ca321dff9edb50873ec0aa8421c3a74129123fdc3d74de
vcm_train_006189.wav,fil50_12055_ref_tagalog7_CALL.wav,c1b042382e0b60cf68be41d192b48f390109603ca6f16cacaf124eecba3e5d95
vcm_train_006193.wav,fil50_01229_ref_tagalog1_CALL.wav,a6cff05d481f61ee31596bad97f0d88483d0d7c2394f6f2953faa197a373e6c8
vcm_train_006194.wav,fil50_07766_ref_tagalog2_MESSAGE.wav,24feaf6d1d495acabb3c2e364e739fe5cc0ffeb7f463f4097b4509894c8dd3f3
vcm_train_006195.wav,fil50_04569_ref_tagalog13_TEMPERATURE.wav,04310f9cf9e9a9a7f0d405b2739e482c8de73c218ae87203b64e5731ab74fc48
vcm_train_006196.wav,fil50_09512_ref_tagalog4_STOP.wav,67ca2250dea79be390546a00ba0f06e6f308dfa507ae62050a99bf30b16b0577
vcm_train_006200.wav,fil50_07008_ref_tagalog16_TEMPERATURE.wav,4f6ac3b464b02148675c2781cf54e34e58eef1ef122dec28badad257308ca2ab
vcm_train_006201.wav,fil50_03689_ref_tagalog12_VOLUME_DOWN.wav,a7a646242784e0eebf393a363dd4971bb3f3c43b88018c51cc682970a10ef411
vcm_train_006204.wav,fil50_10370_ref_tagalog5_NEXT.wav,8c7782779fc7c53cf804ee03f0e76f3fdb2cbaf572acdff427d2bec08fdd9cd6
vcm_train_006208.wav,fil50_13681_ref_tagalog9_LIGHT_OFF.wav,a668c91ae00faec66ff6050c80fc7c1a3336fc99a9a8f4651b92e904733c11c3
vcm_train_006209.wav,fil50_08689_ref_tagalog3_TIME.wav,d7831008abb521215ea99bf80352c462858380904b24abfe50e0185b8f930844
vcm_train_006210.wav,fil50_01230_ref_tagalog1_TIMER.wav,9cacd1d20464e9061242479bd1494c66600daece891996dd378c66db9392e154
vcm_train_006211.wav,fil50_07767_ref_tagalog2_LIST_REMINDERS.wav,51b2b8cdba9c7d4f03a342b104ac79542513c3f54500c18940dbb6d7db43a68f
vcm_train_006213.wav,fil50_09514_ref_tagalog4_PAUSE.wav,c4ff7ed2791bffaf82582778d1b2ee03e7adb34fa587b178c9073292d77494cb
vcm_train_006218.wav,fil50_03690_ref_tagalog12_TIME.wav,be7bbde63876f1fbc0353bb10ab66709c2993e7d70b21355a74804c0d2744e26
vcm_train_006219.wav,fil50_00377_ref_ilonggo1_VOLUME_UP.wav,480c94417d02bcf1df6e0f5672824777516e861f9f3cc5ec312e2cb52066096a
vcm_train_006221.wav,fil50_10371_ref_tagalog5_NEXT.wav,4bc7f727a1a10342349606c17eafbaf922697c1497da469d96e3ca021c15b0d2
vcm_train_006222.wav,fil50_02063_ref_tagalog10_COLOR.wav,c809029025ac6aa8d2b9057ca44a6b058f0fea390f1e1ccdfe38b6fb4d2eb46f
vcm_train_006225.wav,fil50_13683_ref_tagalog9_NEXT.wav,73c938a861243292078c89fd76551a97414f7f3c851b15029b24c8760365f489
vcm_train_006228.wav,fil50_07768_ref_tagalog2_PAUSE.wav,bed68689d41bffb293940aeee6605cb5cd79059e3c126457ddc1fe69fe9d95f6
vcm_train_006229.wav,fil50_04570_ref_tagalog13_BRIGHTNESS.wav,5a62e9374f5a61542f587b148d0857c0d9f0467eabaf720861bbdd45a32a1bfc
vcm_train_006231.wav,fil50_12896_ref_tagalog8_NEXT.wav,0a6263bb0019f9dbe0522561f976de35965c7ffc5244cffb13fe8ddadfcf291c
vcm_train_006233.wav,fil50_06273_ref_tagalog15_LIGHT_ON.wav,ea566029b5a894420fbbeec17a88d9a79b8802ff24134b6b93b2f432a2899e4e
vcm_train_006234.wav,fil50_07010_ref_tagalog16_TEMPERATURE.wav,705523079615dd334249d9f54e98735352afa128838e099e150ae10eb962da3a
vcm_train_006235.wav,fil50_03691_ref_tagalog12_TEMPERATURE.wav,dd269c92181e6e58fa569d4d2cecae592ed3d41b68c1c986d65e1d3e9eb269e9
vcm_train_006236.wav,,c8941f30e645bee7915170b5c97c6de349ea90234e789c4635a239f391a384a5
vcm_train_006238.wav,fil50_10372_ref_tagalog5_BRIGHTNESS.wav,ef2016dd6889a53c9f6b55cd860be5a236ce62fec84f2020d290f076fff943af
vcm_train_006241.wav,fil50_02883_ref_tagalog11_CREATE_REMINDER.wav,e0c67cd4f11c1060d25ddc61bd87a7ef5613afaf637c2d1a993c019bec50e170
vcm_train_006242.wav,fil50_13685_ref_tagalog9_STOP.wav,611821d92d04d9b893157b4d9e0419232aa09286b5b6e9cd6f6c43b660ba6187
vcm_train_006243.wav,fil50_08690_ref_tagalog3_CREATE_REMINDER.wav,6d5f33a0a4819953e7560bbb1d22d080d58d2945bdd494d9310821b2db2e8e0d
vcm_train_006245.wav,fil50_07770_ref_tagalog2_MESSAGE.wav,d1491a184002584500182e802c546002551512f84455136271db3f04e60e3069
vcm_train_006246.wav,fil50_04571_ref_tagalog13_BRIGHTNESS.wav,49282a82dbbaebfa2a159e1f87e1f9898aa0d5fae3fbaf77ec936eb359ad9186
vcm_train_006248.wav,fil50_12898_ref_tagalog8_TIMER.wav,34756016c870703a067051c5c035a63aca9ee2d52abc4bbf55cab34dafa6960e
vcm_train_006249.wav,fil50_05409_ref_tagalog14_COLOR.wav,80feca9e1229d82c5c7d338ade86deb52261814778224de754d70b31d9a47b07
vcm_train_006250.wav,fil50_06274_ref_tagalog15_LIGHT_ON.wav,da944f030ae8af1459decb5d938c6b4bb84ef976f83f13dce82622e3b52ccf90
vcm_train_006252.wav,fil50_03692_ref_tagalog12_TIMER.wav,1f83751c9c041e9a203094b13e610a8d7571b5d984df6c2062f17bb62a7d8340
vcm_train_006253.wav,fil50_00378_ref_ilonggo1_BRIGHTNESS.wav,20a9d381780976d9d7d98e8dda029b65a3c90d4b7363eb9d400166bbd4ed4532
vcm_train_006254.wav,fil50_11209_ref_tagalog6_VOLUME_DOWN.wav,31ebc70d040efbb6bba8d74d1474dbc007572872ff910c4070f6b1598222565c
vcm_train_006255.wav,fil50_10373_ref_tagalog5_WEATHER.wav,e12a029334c9a56f877d55a7f77605dde22b7f7420e1e5aae5384625c2bb3547
vcm_train_006256.wav,fil50_02065_ref_tagalog10_CREATE_REMINDER.wav,160a66b6d06065f61e683ed5967b5efc58543a22ad845299ee3912560ba9e436
vcm_train_006258.wav,fil50_02884_ref_tagalog11_TIMER.wav,9b5fdf7044c89b5f171f2d28fd98cb91649164e73509d76881ffa1d5c1a4213c
vcm_train_006260.wav,fil50_08691_ref_tagalog3_TEMPERATURE.wav,95d398811ad85668140343147254b8a58bc554df4d361dfab7e61d35d34b7a83
vcm_train_006262.wav,fil50_07772_ref_tagalog2_CALL.wav,0cb324961f163e0a02454b994fadd4e584babc31ec2a8783ff4df07bb7c0dc5d
vcm_train_006263.wav,fil50_04572_ref_tagalog13_NEXT.wav,ef3ad738f313dfc606aaabdd3e86dce49c415709b8b9f3a4c2054b069610b96f
vcm_train_006264.wav,fil50_09516_ref_tagalog4_NEXT.wav,3f35ec3f27fa2c1d7943f6907498da58e07f64638bb392dbe7438e27960e7dbb
vcm_train_006265.wav,fil50_12900_ref_tagalog8_TIMER.wav,cc0fb342facf752d35f8d3ee376e04cc6aa45f76359557949e95ff884534b993
vcm_train_006266.wav,fil50_05410_ref_tagalog14_COLOR.wav,6f1115712aafa3bb016a7d9c608cd540feb14fd0fe77c50d47f6650358f19151
vcm_train_006267.wav,fil50_06276_ref_tagalog15_COLOR.wav,c84bc103ead1a541711a367e3fccd3e4bd3b23ce8c01f9c33c8405efa3c5e094
vcm_train_006270.wav,fil50_00380_ref_ilonggo1_NEXT.wav,25a534c36d95647c4014c70c029d2a091bf2b704577cc33837484a520f2db071
vcm_train_006272.wav,fil50_10374_ref_tagalog5_ALARM.wav,592ececb368ebdf23585158d1648a4d01cc2e9528337ed410ba21aa7173257c5
vcm_train_006274.wav,fil50_12057_ref_tagalog7_BRIGHTNESS.wav,2e3b0255f8459edbe6beb8af56f657c5a5740103df00b20386ebdd4138c08585
vcm_train_006275.wav,fil50_02885_ref_tagalog11_VOLUME_DOWN.wav,569b5d4e97dbe3e8855bc29ecb0005f438bf6bdadc048c04163ec183e3f6e1da
vcm_train_006277.wav,fil50_08693_ref_tagalog3_STOP.wav,25b8ee094af783de53d8f62dc27ba68b41664c0bd5763357edd890e2b454a974
vcm_train_006279.wav,fil50_07773_ref_tagalog2_TIME.wav,0e4dfd39ff941a13db44bbcf2ef9858bf6b8ca6422ef4434390b0e4531f4b1de
vcm_train_006280.wav,fil50_04574_ref_tagalog13_COLOR.wav,c8d93ffad0e91aa4e68cc99014ae161ea0f8a6aad403077f0d02078209c36e40
vcm_train_006281.wav,fil50_09517_ref_tagalog4_VOLUME_DOWN.wav,1a71982d1a64c6bd66fa34c3c16f4099e4ff5eeafb2ed946a71e3caed2c5ab17
vcm_train_006282.wav,fil50_12901_ref_tagalog8_PLAY_MUSIC.wav,049ed39b0158c20ba9c6d566bc550e269df260cb3031a6e91c0b7a291e2bea5f
vcm_train_006283.wav,fil50_05411_ref_tagalog14_LIGHT_OFF.wav,e56f7f5240c0dcfea2cbd285e7325e5362309bc13b049fc66e6598ba60dbe69c
vcm_train_006285.wav,fil50_07011_ref_tagalog16_TEMPERATURE.wav,e763614b197b3a9d70ac6134baf4b9a45adf3e2b20702e33c48b0aba67295eaf
vcm_train_006286.wav,fil50_03694_ref_tagalog12_LIGHT_ON.wav,032a3df7936d6ee8c516f69238cc3cd360496f9fa7248dbf1e615a1dece80f0b
vcm_train_006288.wav,fil50_11210_ref_tagalog6_VOLUME_UP.wav,4774402927ea35a66a16639fb9f59541e1032cf1542e97f654a7d94f91ca54f8
vcm_train_006289.wav,fil50_10375_ref_tagalog5_TEMPERATURE.wav,fbfa15758144f7ac085c9f1d673e310486999f71694ec7603caa59fb94513a3b
vcm_train_006291.wav,fil50_12058_ref_tagalog7_TEMPERATURE.wav,d02f369d0e3c73b76af6328c8135d88ee7c15f628372d0c672a0c036eefe47d8
vcm_train_006293.wav,fil50_13686_ref_tagalog9_PLAY_MUSIC.wav,aa34628531b606e15b74f2e0305d3cc922312c74b6a87817d44946106276c544
vcm_train_006294.wav,fil50_08694_ref_tagalog3_STOP.wav,087b719bbc7e78dff9541a65263a719a4316ee2b8270883cec2d6cb165b250b6
vcm_train_006295.wav,fil50_01232_ref_tagalog1_ALARM.wav,73397815cd51014452f090d51c55ffe90c3a250105def2014571220a87fc92e5
vcm_train_006298.wav,fil50_09519_ref_tagalog4_LIGHT_OFF.wav,be062610b02946b82f451cd83cba9d03db14ca7b6edd6e3ed689288c09e91751
vcm_train_006299.wav,fil50_12902_ref_tagalog8_BRIGHTNESS.wav,a9012c30fafd65d8bae86ff7d837f9514be438c3c4791db6eccf54a1b81b0c59
vcm_train_006300.wav,fil50_05412_ref_tagalog14_TEMPERATURE.wav,8706f1f2ec54bb2386d8b3d36df8699967ce57ad6cb8123b7a7162fd8f8dbf05
vcm_train_006301.wav,fil50_06277_ref_tagalog15_NEXT.wav,79ef57450b75166c013736dc9b9b08fd6791260dd74ac33fe4cf4e3abed5b127
vcm_train_006302.wav,fil50_07012_ref_tagalog16_TIME.wav,55d14f441385b6af0fe51cdf921cec246427197b87cbd52c1698fdcff83c0fc9
vcm_train_006305.wav,fil50_11212_ref_tagalog6_BRIGHTNESS.wav,83f53788ca1dedb8b98039148601d8d698aeed0d0ee79ff16677d300aa9b1f7a
vcm_train_006306.wav,fil50_10376_ref_tagalog5_TIMER.wav,7a63860b883a43d4262e47c6fc041c0dfe0efa288aa9f692610a62514d727a17
vcm_train_006308.wav,fil50_12059_ref_tagalog7_VOLUME_DOWN.wav,79ac90ca3d49c3c1dc7a4d6ec6405b5eebc6d9b5f65038d1ac7ed6ecfcc1c310
vcm_train_006309.wav,fil50_02887_ref_tagalog11_NEXT.wav,591b6ee6bf2adf25e4a08b84d20c1ddd1b3461c03f9cb3acfeca08c472e90010
vcm_train_006310.wav,fil50_13687_ref_tagalog9_COLOR.wav,91b2305af08a5620f50fb1a04447dbc707dbe1d9bae95279cd55d0f56e79067b
vcm_train_006313.wav,fil50_07775_ref_tagalog2_TEMPERATURE.wav,cf9def6afd223aabbaca72616de9fe0a8dbcf76afd9f3109f1014aec1cab69ae
vcm_train_006314.wav,fil50_04576_ref_tagalog13_TEMPERATURE.wav,f79cdfb861ccd0503a69cf7716b6626d5ce14615c49e2236bcf6d53cc5ef535f
vcm_train_006315.wav,,a61a9bfc6cbc637c1ee2e1b4961ffa279444a74de9f0819b37347942aeb328ac
vcm_train_006317.wav,fil50_05413_ref_tagalog14_NEXT.wav,6dff992a757d46fe74eb813fa9564b1ac1cecc6094cd8a0626a0fd85b8c9aa75
vcm_train_006318.wav,fil50_06278_ref_tagalog15_TIMER.wav,331fcf2e1f71c7d9bba82375fb3fce81527c04cba01ae4fd08115a597da3016d
vcm_train_006319.wav,fil50_07014_ref_tagalog16_LIGHT_OFF.wav,bad0804a9ce44718c8e29a92d2357bda092ca73a231b3927900b6395039e259b
vcm_train_006321.wav,fil50_00381_ref_ilonggo1_PLAY_MUSIC.wav,17d2129a49915250dd1a51405ade686e0e378d44de799953cd4082a7258c83e3
vcm_train_006322.wav,fil50_11213_ref_tagalog6_NEXT.wav,c99109eff6f398217e169cc1b9253c75e9bdc68e7379b8e0f829fb24ea0961be
vcm_train_006325.wav,fil50_12060_ref_tagalog7_ALARM.wav,d3135d57e45e86a549c64009ef71351b431c67da6b80fd178804dee33cf1c62d
vcm_train_006327.wav,fil50_13688_ref_tagalog9_CALL.wav,3c8037ccb9293f17ac7ef6132e2018cca610e5b02b91571af3e6a8cecd376fd3
vcm_train_006328.wav,fil50_08696_ref_tagalog3_NEXT.wav,a4aed634944563a9e8607c4fe29ba4500e324e4f6cee4b4a2a03989d73f0a700
vcm_train_006329.wav,fil50_01233_ref_tagalog1_TIMER.wav,09a872e936587b1528c96ddc4b53b48243d086e9895dd846a2940265e4c4d63b
vcm_train_006332.wav,fil50_09520_ref_tagalog4_TEMPERATURE.wav,74449b3762304dcc47043b7382a6a8e1e83c47276071609f5296c91cd22f4775
vcm_train_006334.wav,fil50_05414_ref_tagalog14_ALARM.wav,2a812f5b99ed99a8b26f4f5ac2abfba49a7607d2da936bfdc0931e0dd9de6c13
vcm_train_006338.wav,fil50_00383_ref_ilonggo1_VOLUME_DOWN.wav,24a2d4501153a42f7a428369cb3aa0be75007e2ac89428114ffd8c16c379869a
vcm_train_006339.wav,fil50_11215_ref_tagalog6_VOLUME_DOWN.wav,569d4d3e3ae2c76eb73f333b2e90c73221fd243d4a95ede19630fa8dd0327ad0
vcm_train_006340.wav,fil50_10377_ref_tagalog5_VOLUME_UP.wav,d32e0148247e8a958b73e1c8e6d26b6d6e1be1c1b397d49d417fe094d3958978
vcm_train_006341.wav,fil50_02066_ref_tagalog10_WEATHER.wav,4a91288e176f7355bc1e25bd3edda046cf301b1f516b297098f1f955ada596ea
vcm_train_006342.wav,,ab28857859a82341cb24da7f9443b85bf5d35ebb1218ddc0ab04484a6b74f714
vcm_train_006344.wav,fil50_13689_ref_tagalog9_COLOR.wav,ebb4e5f4a66f12c3e2424017febeb83330b3b227eb7faceb0829135d94bc6782
vcm_train_006345.wav,fil50_08697_ref_tagalog3_CALL.wav,6210170b36ab0f4b8e570ec5509ffd11bb26f342d969c8334941a657d5164c14
vcm_train_006346.wav,fil50_01235_ref_tagalog1_TIMER.wav,4e7146c047de5d37c973bd658066d3a58bf8a22838bef0ff1ae18a2ac182df7f
vcm_train_006348.wav,fil50_04578_ref_tagalog13_BRIGHTNESS.wav,2a5ed457b12ff2214a6352782d6793eaf338fbff2b923b37cc447a7ceb1b3037
vcm_train_006349.wav,fil50_09522_ref_tagalog4_ALARM.wav,dcb45cc52ed3c1a2307d5dd4d67f62d38656a554788f3ddf5fba33d87e706852
vcm_train_006350.wav,fil50_12904_ref_tagalog8_TEMPERATURE.wav,f85aa8dd909ad0e35253fe5eba929db973f7be4abd021273c42f01c8de917eae
vcm_train_006354.wav,fil50_03696_ref_tagalog12_NEXT.wav,cd1e9cdab12041bbfb17c3cf5c085e977ceb92aad56e2773bce37b4214f47b9c
vcm_train_006355.wav,fil50_00384_ref_ilonggo1_BRIGHTNESS.wav,11e6358b90bd5ac27558aaeaf74531fd3a2f5df1419733c121f141d3356a76dc
vcm_train_006356.wav,fil50_11217_ref_tagalog6_TIMER.wav,e9dade146efd35045efefe1c521bd2f2a8d2202446a63ce04f6400ef95ec70ac
vcm_train_006357.wav,fil50_10378_ref_tagalog5_COLOR.wav,1706611c657a52553171ec42ac4d1c53ee9bcb4fae880e7b0995732f8f96f182
vcm_train_006358.wav,fil50_02067_ref_tagalog10_STOP.wav,0912acbe1ae13a93850c992d77307feebb5135aa3008ec3348b1caf207985610
vcm_train_006359.wav,fil50_12061_ref_tagalog7_STOP.wav,cb16da678a5c4e91e813b912ee23a5e860e2ec04618a666b3c08d7fa1a596d3f
vcm_train_006361.wav,fil50_13690_ref_tagalog9_TIME.wav,e24b03a99505084925ce56c414fb3647c01ecedf603c6e23bda312f62d96d222
vcm_train_006362.wav,fil50_08698_ref_tagalog3_LIST_REMINDERS.wav,e7422ea4df00158c4ecdb7eddadb05148b14959196597c055cfb893159e7ddb2
vcm_train_006363.wav,fil50_01237_ref_tagalog1_TEMPERATURE.wav,f7700113264a15773bd74a143b1753415485e02b4f49df0813ee2026820679f7
vcm_train_006365.wav,fil50_04580_ref_tagalog13_TEMPERATURE.wav,0e9b2d2e92ce83b24e85e5484b25ebacbcb9bb55a9e2ee50b4611d5c22b5f454
vcm_train_006366.wav,fil50_09523_ref_tagalog4_COLOR.wav,6e8d0684a56c7fa4dccbf1c735dca95777640b19d776645749b73cf746fe3631
vcm_train_006369.wav,fil50_06279_ref_tagalog15_TEMPERATURE.wav,b5ed38974fa763e61bc591350765d62197e74372407fb9426483aea5b2b80d53
vcm_train_006370.wav,fil50_07016_ref_tagalog16_TIMER.wav,5397f2d412a7e7a90f4cf5d48d6b2e1a197a134c7b1b434f1a6c5a4d03230c9f
vcm_train_006372.wav,fil50_00386_ref_ilonggo1_LIST_REMINDERS.wav,f1f53b8d60b006ee34698f8f25489efcae633e8f2dd358001bf0f50a3c8aeae9
vcm_train_006375.wav,fil50_02068_ref_tagalog10_ALARM.wav,8f985b53075f396b600361a4ad426fd59267ca2668fe27aeef2a11c47412a155
vcm_train_006376.wav,fil50_12063_ref_tagalog7_LIGHT_ON.wav,c15ae242216729118e6ee2df543318eed931506e30b95b961e2c53b592c8d2bc
vcm_train_006377.wav,fil50_02888_ref_tagalog11_ALARM.wav,96803c78b0c85d53be000a0d1f65ae1b2688cb58349d69609dc1bb283a6d3ee2
vcm_train_006381.wav,fil50_07776_ref_tagalog2_LIGHT_OFF.wav,02461bc614ba0fa60aa278138c49c205ea73d53c0774791f43dabfebc18ffaac
vcm_train_006382.wav,fil50_04581_ref_tagalog13_ALARM.wav,c5133a15b5cba3a36825012b225261b244ea555ecd955f2bbd74e37495f80306
vcm_train_006387.wav,fil50_07018_ref_tagalog16_ALARM.wav,b4a13c9e4e1029e9cea29bdeb1d128001ce919b27e81b67056ea985a13f67f74
vcm_train_006391.wav,fil50_10380_ref_tagalog5_LIGHT_OFF.wav,a4298d37d94a7eceb476dccd4af871fc4e6c37a967208cbc18f1789f7033ef2c
vcm_train_006393.wav,fil50_12064_ref_tagalog7_CREATE_REMINDER.wav,601f112c9c683af06560a6cec9fc5751efa67cfeaa80e200c8b54a63e53e3f87
vcm_train_006394.wav,fil50_02890_ref_tagalog11_VOLUME_UP.wav,4cb8f145e8039415642d4389342dce009cdcd0c3ac55eecefa8dc34b2d100055
vcm_train_006396.wav,fil50_08699_ref_tagalog3_TEMPERATURE.wav,b388af4e737ec3978be84300e562e85d39bf3a81be6911da0358a0e4e1d9c6dd
vcm_train_006397.wav,fil50_01238_ref_tagalog1_COLOR.wav,351627b95a31994cbb4c6f244d95e178ded66988dc6b5fb093a20274b1a33d24
vcm_train_006400.wav,fil50_09524_ref_tagalog4_NEXT.wav,ce414fd9d47ec45ee9eef4d261b56ad33a88cb73cdb6e3d46a77a2830913d121
vcm_train_006402.wav,fil50_05415_ref_tagalog14_WEATHER.wav,2fb181eef40218517c9dae7befb7dfe5351689348da351d4e8d919b90a277631
vcm_train_006403.wav,fil50_06280_ref_tagalog15_CREATE_REMINDER.wav,dbae7970459ee2a27ae5c0bd47f7dc2ed4b9b56aa3d3072742b07a9f34deef75
vcm_train_006404.wav,fil50_07020_ref_tagalog16_CALL.wav,ebc6eec7e2b4c559936e530352725f435c006dcb5e735d9a64760b3b44f52842
vcm_train_006405.wav,fil50_03697_ref_tagalog12_STOP.wav,1c49294cc05148013d49a9c7eaf1ae58e238dc0c5446353b14455bd3509ddf9a
vcm_train_006409.wav,fil50_02069_ref_tagalog10_WEATHER.wav,515d1add07d0045171912992b08c5b6f9044f38d58f97a1f14c902a780b65bc5
vcm_train_006410.wav,fil50_12065_ref_tagalog7_WEATHER.wav,c87eabc9a7576efef1a3ce48389cd767fa793456c24d8aec19e240183de08f38
vcm_train_006411.wav,fil50_02891_ref_tagalog11_COLOR.wav,fd654b9cd62a290f98a98746e71f62069d3da186332ddd0e121a8b7f431c0bbc
vcm_train_006412.wav,fil50_13692_ref_tagalog9_LIGHT_OFF.wav,fc0a00c2315ecb8ddcd9d253d026584ee3b99f3f3a4f02d2da4f9fc6eca5f07c
vcm_train_006415.wav,fil50_07777_ref_tagalog2_TEMPERATURE.wav,d7c852878c83a92ee15e3b1c925241ee99bbf1aaf1045636fa483deb4197fdec
vcm_train_006419.wav,fil50_05416_ref_tagalog14_VOLUME_DOWN.wav,4f19beb9fa391cb55ef01eaf51e9db19be5fbed5258329c8ebbe90db7d7a2c8b
vcm_train_006422.wav,fil50_03698_ref_tagalog12_NEXT.wav,bd90d42517fa63bb2bac0dd32ef0868ee406bd3082ba18136ded9df15c2db400
vcm_train_006425.wav,fil50_10381_ref_tagalog5_BRIGHTNESS.wav,6015c1d8a38e294f1d74e881d13e860e5f873c3969a4d481f7a77a1d73e06e89
vcm_train_006428.wav,fil50_02892_ref_tagalog11_VOLUME_UP.wav,b275379b9c2a1b2665b350091941dd8ae101644176deb03d83ce63ed976a08b1
vcm_train_006429.wav,fil50_13693_ref_tagalog9_VOLUME_DOWN.wav,f2e0dc02e9d824c98e3f7513816340b160465899d2ccfbdc9c34bd57f00f398f
vcm_train_006430.wav,fil50_08700_ref_tagalog3_NEXT.wav,d6227cfea974128a778df118de579998a5ae9da83aaf1135bb3668725f2e1dd1
vcm_train_006431.wav,fil50_01240_ref_tagalog1_NEXT.wav,00fd7c83bac6bdb481092ccca0db3ee62b122e2ae829efabe409aa4fcb981cba
vcm_train_006435.wav,fil50_12905_ref_tagalog8_NEXT.wav,040bd6a9d5a4dbe6787d0d18b7cc25808c15cb2e6fa712adc05aafeaf11580ba
vcm_train_006436.wav,fil50_05418_ref_tagalog14_TIME.wav,78a059b3baad53582a4a037ac71462b358ead5ea7db06f03e757b2c72a7a771a
vcm_train_006440.wav,fil50_00387_ref_ilonggo1_ALARM.wav,ef21d7d0fb18a6105e7968e61f9cf695de6c01dad49c030385f7e6e5f756adee
vcm_train_006441.wav,,c8a2db90d9e272d61624afa42f012b9e30b9a004e84a0c137664e407cb39b541
vcm_train_006443.wav,fil50_02070_ref_tagalog10_COLOR.wav,909fcd7bef495eb77587828501af723a5152f9404c8edc24fc5cc3f0ca241a40
vcm_train_006445.wav,fil50_02893_ref_tagalog11_TEMPERATURE.wav,943c2bd810dbf5709b403fe0b5e29fd8eb243a72517f6d9602c710a105fe2ea3
vcm_train_006449.wav,fil50_07779_ref_tagalog2_LIST_REMINDERS.wav,ab4b2361773cd5bee591025ae085a99827c2471f0afba5566357f6a45ea2ccfb
vcm_train_006450.wav,fil50_04582_ref_tagalog13_WEATHER.wav,3ddaafa46618d4d2a2059f124f35d5cd1c6fced73ddf39b0a0162d24e3af9044
vcm_train_006452.wav,fil50_12907_ref_tagalog8_TEMPERATURE.wav,b6ee1a6924f068ee9c98ef1aa34c743741fd9c18d9d68e1c2a1e9661bd9106d5
vcm_train_006454.wav,fil50_06282_ref_tagalog15_NEXT.wav,45149056622a1de29dca6b9c169af81e48ffd38ad4b8f1bf978b6c700ac312c3
vcm_train_006456.wav,fil50_03699_ref_tagalog12_TIMER.wav,721cafe7c7d6f83444184cefe6604a0b87a0e88587ca4fa296154beee125c54d
vcm_train_006457.wav,fil50_00389_ref_ilonggo1_NEXT.wav,0e70f7f5f4d9ed503510b235e4ac65f7acaddcde018551e069299669e1c25007
vcm_train_006459.wav,fil50_10382_ref_tagalog5_CALL.wav,ddf6c58ff747210845c0934cdf4961e5bdd40c6b2d44eb187a3f838426991014
vcm_train_006460.wav,fil50_02072_ref_tagalog10_BRIGHTNESS.wav,860be921d29e297a2a7533277f7c111516ba3130fb42a9f949538d70e47b0745
vcm_train_006461.wav,fil50_12066_ref_tagalog7_LIGHT_ON.wav,4d648a1f806cffa1975e6553ef3e7d0382ac9a0af5c4aa543116eb83090a1ce6
vcm_train_006462.wav,fil50_02895_ref_tagalog11_WEATHER.wav,57a9bfc05dc834fd364944836fdee2b65ae1d0308e5582f0e824ab5403965bb9
vcm_train_006464.wav,fil50_08702_ref_tagalog3_CREATE_REMINDER.wav,4cc924d03e095502416b6b4de8e72e03ef99d48455d9f11d5da50a685e7908a6
vcm_train_006466.wav,fil50_07780_ref_tagalog2_WEATHER.wav,85305d9de6516cf63578defe8b934514c49dbebb5caacfa7e0fa6a1c6eea2dbd
vcm_train_006468.wav,fil50_09526_ref_tagalog4_NEXT.wav,bdd59321c8ffda7b2341d901802710bedc52d26dca43e11b564c79117c6f68d9
vcm_train_006469.wav,fil50_12909_ref_tagalog8_WEATHER.wav,0595761fe6bec385b5c4e8a2b6f6515f0577eb3a0594ff92b07ff08c96c5db03
vcm_train_006472.wav,fil50_07021_ref_tagalog16_TEMPERATURE.wav,fd69fbde42f57906d71bdb7f3b8ed1ac3acbcd72fa30bf275c9ffdab174a9df5
vcm_train_006473.wav,fil50_03700_ref_tagalog12_LIST_REMINDERS.wav,1df4e0ef48764128f253d830a8ddc28d481b25849ea7b573a285662c883a9c9e
vcm_train_006475.wav,fil50_11219_ref_tagalog6_VOLUME_UP.wav,2457bac62899cbc459d8f960c9368816bbc96d167748b0fc0c1861b13b015368
vcm_train_006476.wav,fil50_10383_ref_tagalog5_VOLUME_DOWN.wav,98aa392d8f1e9f1a01e1e8404596a72874dccdf1b941dc6320efb63bbdb292de
vcm_train_006477.wav,fil50_02073_ref_tagalog10_LIGHT_ON.wav,4b907fe2981db23073eab275fa11a8817ff02ae0843f801503f5912e7643b024
vcm_train_006478.wav,fil50_12067_ref_tagalog7_TIME.wav,a549caa6f07c026abc39c84a3af4f532d8c6939c2bf10b860e2e4806dcdbf14c
vcm_train_006479.wav,fil50_02896_ref_tagalog11_CALL.wav,6fe6bbafdfa675cbef7249e50f5614bc4b1698f89ce43a0c9aa5820eea340dc0
vcm_train_006480.wav,fil50_13695_ref_tagalog9_TEMPERATURE.wav,902c7d6f4687edf9ca46c70f271572d31bdc42046736605df0f0e6e81718669a
vcm_train_006483.wav,fil50_07781_ref_tagalog2_STOP.wav,969f934825a2d400993c3c310b1806ea7f44cbcdc266796b5608d68cf72d0702
vcm_train_006484.wav,fil50_04584_ref_tagalog13_NEXT.wav,e513c5fc438e616feb8ff6b2877464557ee932e13a65d5f16fd8588565da8f9e
vcm_train_006485.wav,fil50_09527_ref_tagalog4_NEXT.wav,c71df18f3a8050c6ed5952e0e49943c62a5bcab4204886a71bae04f67143d4f9
vcm_train_006486.wav,fil50_12911_ref_tagalog8_ALARM.wav,1c5382b1d2158a0172c3daa0be7d9e4253544106be1803c97d2899550fee2287
vcm_train_006487.wav,fil50_05420_ref_tagalog14_COLOR.wav,2d2334a497212192ec6d18cfdac8bebb4ec17059ad8e17c818dcc150c3287dc8
vcm_train_006491.wav,fil50_00391_ref_ilonggo1_TEMPERATURE.wav,1b9280bbac7e1d0a691ebfeb506ff78f849e9ee19af53ea8eb8ec1b4de14ba76
vcm_train_006492.wav,fil50_11220_ref_tagalog6_MESSAGE.wav,d24a95316da565c90070e908653dfcaa6f44197c1b98eb00edf078b0e69a7300
vcm_train_006493.wav,fil50_10384_ref_tagalog5_VOLUME_UP.wav,de7076a510cbdeeda2c1119f683013dd0277bfc2b2283de140e52a467dfda5c9
vcm_train_006494.wav,fil50_02074_ref_tagalog10_ALARM.wav,2775fda7be85e0609753407fbc0f1038d43520f9c3c6cbadeb2d5812083e3ddc
vcm_train_006495.wav,fil50_12069_ref_tagalog7_TEMPERATURE.wav,558e71803301c59751c83fc78cfa82a5f7c826b1fb2ab7cb567687b824472285
vcm_train_006496.wav,fil50_02897_ref_tagalog11_LIGHT_OFF.wav,5b9f05fd79e7f01e4ea02baaa95662bb6eb18ae8abb2896185cc13628c8498d7
vcm_train_006497.wav,fil50_13697_ref_tagalog9_ALARM.wav,9ae9ba1436ee913f972cd2c8498700bb1715cf239aa4144b1281dc6a87c79831
vcm_train_006498.wav,fil50_08704_ref_tagalog3_TIMER.wav,34b586b5ad55b2bf5f5da2ae10bbbe5fe83c49c22479a822971c625ed1ba9cd6
vcm_train_006499.wav,fil50_01241_ref_tagalog1_ALARM.wav,8be429a207ceea83d0a63f9d2269eefeb7b719800a3bf6e041abb638ba1f218c
vcm_train_006500.wav,fil50_07782_ref_tagalog2_CREATE_REMINDER.wav,edcd32a0824291361319eb12c83905cf4b9ac4755dad62c775371ee5594905ea
vcm_train_006501.wav,fil50_04585_ref_tagalog13_TEMPERATURE.wav,f866defdd08376e168dba5402709c075369dc0f4090c3d174d6302b7838f2abb
vcm_train_006503.wav,fil50_12912_ref_tagalog8_NEXT.wav,8b2c8b139292aa8c65a9e04ad76a82fc6bcd3eb0238ed28730a6b6ee18dfa064
vcm_train_006505.wav,fil50_06284_ref_tagalog15_MESSAGE.wav,950657e8a99ef294fff7a85640a9ac6bc9a50ed58cf5467f55f7e6542c351ca0
vcm_train_006507.wav,fil50_03702_ref_tagalog12_TEMPERATURE.wav,7dc393dfdaf001f09e67b2e25137dd2e0b6cec3040df0f583b203e0c57a46e79
vcm_train_006509.wav,fil50_11222_ref_tagalog6_TIMER.wav,a75d3fa7de81a2012ea87ee917d09d0f5806e29d56696b7bd0f6f861e12450fe
vcm_train_006512.wav,fil50_12071_ref_tagalog7_TEMPERATURE.wav,f26fb4bea35b8bedbda8189d918e2b975cf93fd501d1fdc33c1ca5e9d4cac2c1
vcm_train_006513.wav,fil50_02898_ref_tagalog11_TEMPERATURE.wav,aeca1d65a5f99155d067886eede4ceb00e33c7c1b3dae0e5f5545029a4356a9e
vcm_train_006514.wav,fil50_13698_ref_tagalog9_ALARM.wav,57323c7ec7170d9f7a6ce1d002551529d5829144477323292e27c965fd96dace
vcm_train_006515.wav,fil50_08706_ref_tagalog3_ALARM.wav,04f5a3821a693808e334f306c5ea25a96491dc0c5e1016b43d10d5fe00fa36b1
vcm_train_006516.wav,fil50_01242_ref_tagalog1_TEMPERATURE.wav,0d3f041eb542cc0c47469718c743f025f4c722b779be3ba6ddaf9db9bd3bff70
vcm_train_006518.wav,fil50_04587_ref_tagalog13_BRIGHTNESS.wav,cd0d6bb3d3c393f1928f8c771951b7fef40cc1cecb0ac85652826c257cb9a284
vcm_train_006521.wav,fil50_05421_ref_tagalog14_ALARM.wav,10c9fab5ed1632186697dfc63489d4b5b74e4d4a948e2a3395ff65c69fab151b
vcm_train_006526.wav,fil50_11224_ref_tagalog6_PLAY_MUSIC.wav,5c052ece02153341a5d57ecf8a672ad23b2ac2d028c798942491ffc7be6b0b1e
vcm_train_006527.wav,fil50_10385_ref_tagalog5_ALARM.wav,ba82f2586cffb59494dc0b6391a01b3f1c7c3840f0b908691ca9ee8b52a31d36
vcm_train_006528.wav,fil50_02076_ref_tagalog10_NEXT.wav,f571f5a6e3c5a58e37741eb9e0b78e68eadc2fb3ee4d8de74c5247e89fc59159
vcm_train_006531.wav,fil50_13699_ref_tagalog9_TEMPERATURE.wav,7fcde0e9eb17b7075c5b710778f56fbb701920266233d237522e2ad333478974
vcm_train_006532.wav,fil50_08708_ref_tagalog3_TEMPERATURE.wav,b0b382805f2aa38d0eda6cff3a1b72ab69adf0036d7c63cad213216c8b7769c7
vcm_train_006533.wav,fil50_01244_ref_tagalog1_COLOR.wav,69f0f14654d227f900604983ebd61f5ad8a392918a61d5de8835959cd4ecd31f
vcm_train_006534.wav,fil50_07783_ref_tagalog2_STOP.wav,33c74e90df614a18bd33b9b70eb18ed582d750c0393670949b002264a86cdc28
vcm_train_006535.wav,fil50_04588_ref_tagalog13_TIMER.wav,0cbf3051eb355746814ab1102c7d5be9d073d520227ea5b0e898ef9f23921b4b
vcm_train_006536.wav,fil50_09528_ref_tagalog4_CREATE_REMINDER.wav,1b0ccd4648cb62ff8c00d9bcae4ca72629b4c305d8c0b1fc128c433ad2713141
vcm_train_006537.wav,fil50_12913_ref_tagalog8_COLOR.wav,eb58869c7c9bdd48883762b98075fdcff9184be3752c5edf5e54a43594a810bd
vcm_train_006539.wav,fil50_06286_ref_tagalog15_WEATHER.wav,f6f490ebf3e2730f182714d3d6e27e725618eb2d36a7f19dd957ee9180ef5882
vcm_train_006546.wav,fil50_12072_ref_tagalog7_MESSAGE.wav,5106d3ad76c025549b59e30f61f7cf14aecae541446c21dc02bf55f135a84f75
vcm_train_006548.wav,fil50_13700_ref_tagalog9_TIMER.wav,e1fe3f0eab3f18de3854d55834a316f4b8ed6cdbd6f2648423fc026c085c0194
vcm_train_006550.wav,fil50_01245_ref_tagalog1_TEMPERATURE.wav,5dfa199723561fcb71027991f98701d9a67e3d554be19ea22b5093b5c9c87c56
vcm_train_006552.wav,fil50_04589_ref_tagalog13_MESSAGE.wav,41ec818fc0a5e78f30dce745f0666fae43615bb04c6760a652b0bda27e47066e
vcm_train_006554.wav,fil50_12914_ref_tagalog8_ALARM.wav,f205b0abd6f177d58ed3fec0f972b231bb8754a7fa1e087c4456f9f337770191
vcm_train_006558.wav,fil50_03703_ref_tagalog12_ALARM.wav,4fcae82add1320213bbef52da1b05a49a23c9331cece66138b4fe155753da05e
vcm_train_006559.wav,fil50_00393_ref_ilonggo1_BRIGHTNESS.wav,5d0ef5d1f40035f06f7f1f121d62102b78f74572856fb04ff63af2a10efcb994
vcm_train_006561.wav,fil50_10387_ref_tagalog5_CREATE_REMINDER.wav,52d23a2af1c9c25ed34e0d095564673f635b66cc612b16866d2cb54d0279b5f4
vcm_train_006562.wav,fil50_02078_ref_tagalog10_NEXT.wav,51e07b1d8052de7d0e09b7fa09317fac1c3bbd70d960ae4133106720d04febc7
vcm_train_006563.wav,,071d5afd9b96f5cd2232e7d422493c8806c2a669486564e23fe33422e895e54f
vcm_train_006564.wav,fil50_02900_ref_tagalog11_NEXT.wav,32866ba4c24c39a6bf90f6c0cf5cb460e9f401f75417cbf28de78d9a6320e56f
vcm_train_006565.wav,fil50_13701_ref_tagalog9_TIME.wav,ad16c15d97a7192ada7a1eddb03314ccb4ac993e56a3fce3f3ceee16d0080f69
vcm_train_006566.wav,fil50_08709_ref_tagalog3_VOLUME_UP.wav,bab9faf1e3d03460fc71639859b472dc1c622586a0fc6dcf62858c4972fa7e7a
vcm_train_006567.wav,fil50_01247_ref_tagalog1_BRIGHTNESS.wav,76e8903d529d22708fcb5355ce0f82f1c2fa1435bcdb9b0f4841a1874f7cbf75
vcm_train_006568.wav,fil50_07785_ref_tagalog2_TEMPERATURE.wav,38802e3347eb181686fe73ea74a89cc2e19bde6a17fe31c7417a7e10d9ccd865
vcm_train_006570.wav,fil50_09529_ref_tagalog4_LIGHT_OFF.wav,940402c61d7afd86d2b270572760793a849a2526df78105f3ffe511381d22622
vcm_train_006571.wav,fil50_12915_ref_tagalog8_MESSAGE.wav,b17c0c6dd4b8c86d534059d65b91f2ddc58dbabe3bb8422cf207f17d14824c8c
vcm_train_006572.wav,fil50_05422_ref_tagalog14_LIGHT_OFF.wav,72615d621985f0e2f33322026ba059ae56abb6812a9a1f3cd6f725f360e7927e
vcm_train_006573.wav,fil50_06288_ref_tagalog15_VOLUME_UP.wav,11f0ff6ed9ac51c449d6151c8d1c548530e77f8d04009f94bb441e1678337806
vcm_train_006575.wav,fil50_03705_ref_tagalog12_CREATE_REMINDER.wav,19374616141504a350ac7c2d11661e9653ee39450e199c2966b162451825de38
vcm_train_006576.wav,fil50_00394_ref_ilonggo1_COLOR.wav,7a3795946039bb0658c6730515cbf42781bc33b3871eff5a7b0bf0472dbb6db4
vcm_train_006577.wav,fil50_11225_ref_tagalog6_ALARM.wav,ea4d13df42a24b93ef572b4ddee874c6f51e4e38c26b6a9bf5da5e2a0ec19434
vcm_train_006579.wav,fil50_02080_ref_tagalog10_CALL.wav,a235f6b942f5bef5ec33c1a807e0d02bb54cf2bc7453f975ed968a080c0220d0
vcm_train_006584.wav,fil50_01249_ref_tagalog1_STOP.wav,205f04c493f5d6b590df9a686a3daa4f0794e302b5005676ffe3ca31d2d653d4
vcm_train_006585.wav,fil50_07787_ref_tagalog2_CREATE_REMINDER.wav,d4443764dbaff246e7f6d9a392fca62a91223940aac11b629dbf8746f179b156
vcm_train_006586.wav,fil50_04590_ref_tagalog13_BRIGHTNESS.wav,36ee200f354322635e0a7c7856e7d3c9e21fbdf1c6afc8be379f4d3fd591394d
vcm_train_006587.wav,fil50_09530_ref_tagalog4_COLOR.wav,620e3baf672eed028bbe0ac5860e7a30669ab93089750245a795d157bcfb2ee4
vcm_train_006588.wav,fil50_12917_ref_tagalog8_COLOR.wav,414e9bce6e55939bbba2faa86af7a1fc76b9a254fbc026e747c12912a5bff193
vcm_train_006589.wav,fil50_05424_ref_tagalog14_VOLUME_DOWN.wav,e6e3d668c5b5aaddfa658d5d0b6a6457552939d67eb5ab7ad33a77d335133e61
vcm_train_006590.wav,fil50_06289_ref_tagalog15_LIST_REMINDERS.wav,46ced4709e0d43a303e2fe096d3f20f1d8df7344daed6d4fece345078b17ddb0
vcm_train_006592.wav,fil50_03706_ref_tagalog12_TIME.wav,10e35dd272e829dfbdef5aa196ab0a51c5891997950dfc988651c29580871c05
vcm_train_006593.wav,fil50_00395_ref_ilonggo1_LIGHT_OFF.wav,e57c6eaad4db4131efe984dbe550fcac33e8d3933b0de900d5f3823b4290e7e6
vcm_train_006594.wav,fil50_11227_ref_tagalog6_VOLUME_DOWN.wav,91a5a98d4a2e2547f49c67463603d0bc7a745bd6793b573b549ddd569faefd30
vcm_train_006596.wav,fil50_02082_ref_tagalog10_NEXT.wav,1f24747570ddbf92eccd53db15c9d29e3adc123904a2d9f6f7b7928c6e744fdc
vcm_train_006600.wav,fil50_08710_ref_tagalog3_VOLUME_DOWN.wav,abe6265b9d74c2510e4e0fdc9d2e4786b6f4925fa0ace6e34ad587aab2acd307
vcm_train_006601.wav,fil50_01251_ref_tagalog1_ALARM.wav,dad1e5e1b6819080914d5ec9e2a7f338ff89384db5ea6768df1410030245dca3
vcm_train_006602.wav,fil50_07789_ref_tagalog2_TEMPERATURE.wav,8e8765b0d86e68aa520b049730af5703e611ed618fa87d185cdb5c02f462df55
vcm_train_006605.wav,fil50_12918_ref_tagalog8_LIGHT_ON.wav,edf225854ce5f8549acd2a94f95964cc703f4fa982b2b149ce1069e89f3340d9
vcm_train_006607.wav,fil50_06290_ref_tagalog15_ALARM.wav,a1c9c2750959dbe7c26443ad1a2418f44e2e8d401f1762d999b0a0371f0d475b
vcm_train_006608.wav,fil50_07023_ref_tagalog16_MESSAGE.wav,6368e12e2efc80f7ee3036eb49a77d77a84fe07e59077ae9a1242c2b132450f4
vcm_train_006610.wav,fil50_00397_ref_ilonggo1_PLAY_MUSIC.wav,880fcf4dc7f8666d89d04fc3e8cb7b382d32ae61299c0f2005342bbc9668a018
vcm_train_006611.wav,fil50_11228_ref_tagalog6_COLOR.wav,cd58df1656fbdfb7cc73297f4704a0bbdfaec99f4534ae1ddc7c7b6e5b8030d6
vcm_train_006614.wav,fil50_12074_ref_tagalog7_LIGHT_ON.wav,80da2538428a9d5f85caf77e5073c23d605d6a818827dccb11f52460b7b0ac8d
vcm_train_006615.wav,fil50_02902_ref_tagalog11_TIMER.wav,a036518ce8444e360136941a8d5ed468f0426ac047caf8b95eadb32d354e7d6d
vcm_train_006616.wav,fil50_13703_ref_tagalog9_TIMER.wav,d3a0e83d946380d5d9bf0c7b6ffbc1f38695a646151bc038de3279b99beff300
vcm_train_006617.wav,fil50_08711_ref_tagalog3_COLOR.wav,ca0d260d35bd00264d9b0f47b9771e189a9dfeeacbabfe0173e9b17168a81a87
vcm_train_006618.wav,fil50_01253_ref_tagalog1_TEMPERATURE.wav,6592c18b2aacf80bdac61b7af6044e6d5ecdcf1cbd48314d8946cb49b5dbede3
vcm_train_006619.wav,fil50_07790_ref_tagalog2_VOLUME_UP.wav,0bbbec60a4b64006372dd8ba95c59676d45d41fd68cc138324350d46033ae992
vcm_train_006621.wav,fil50_09531_ref_tagalog4_TIME.wav,82829f9064914a48af52b8919a57d18679af1c3d343dbdfcac3f12c481bc9fa0
vcm_train_006622.wav,fil50_12919_ref_tagalog8_TIMER.wav,c94885fb7e8db0532705b576207120836c548fab9e8d5d8f476eb73dd514e0d7
vcm_train_006623.wav,fil50_05425_ref_tagalog14_BRIGHTNESS.wav,06541a98baa2af86289cbc23e3a4a57821c893a7d1d9a99807a9716664499cf7
vcm_train_006625.wav,fil50_07025_ref_tagalog16_PLAY_MUSIC.wav,a739ec5e4a29667ad4d6495e32054d85ab2bbdb18d5523d46d8bf63135437fa1
vcm_train_006626.wav,fil50_03707_ref_tagalog12_NEXT.wav,8f218758dde37742cf08689bdaae126177e30236b01b1c512ee81d70938306e0
vcm_train_006627.wav,fil50_00398_ref_ilonggo1_TIME.wav,48c32f9d5732c9556f2b17d0d72566e14cb03cb7505753a6a01b996badef572d
vcm_train_006629.wav,fil50_10389_ref_tagalog5_CREATE_REMINDER.wav,c0d530ab14ebc371ad1f527a8478741982b6169c10d52e04358a6f556af3a919
vcm_train_006630.wav,fil50_02083_ref_tagalog10_LIGHT_ON.wav,9455a1bc27e6733f3729057953fccee833bcc5d36c5a883337efd9b334551d16
vcm_train_006632.wav,fil50_02903_ref_tagalog11_CREATE_REMINDER.wav,8e4d29ba2aa145c1b964f91197f7085cfce478afa38aab305c8295a6d83182fd
vcm_train_006634.wav,fil50_08712_ref_tagalog3_ALARM.wav,d56d5cf127237dda8cff58b587fc196cdcf2a6e45761c72c497fe77b7dee7e51
vcm_train_006636.wav,fil50_07791_ref_tagalog2_ALARM.wav,055c3de65d851da639a4726e6248baaf1a4afd0fe210253d7e5e0ae283f98b13
vcm_train_006637.wav,fil50_04591_ref_tagalog13_TEMPERATURE.wav,1ba8ba78439fe09bf028f2900744b877971c3df92617e44e47f3e94e05b2fb19
vcm_train_006638.wav,fil50_09533_ref_tagalog4_ALARM.wav,a11bfb01de8acbd016733ea564805171a512109336b289859966276ab0783e86
vcm_train_006640.wav,fil50_05426_ref_tagalog14_LIST_REMINDERS.wav,79cfa5992c9c9df662dae2f3569faa047245a7c70bb1754d8675692eaf87a93b
vcm_train_006641.wav,fil50_06291_ref_tagalog15_PAUSE.wav,6f9f1e60113117a4720f4204985b28371ff6147d00a2d8f737431c8a2cd64988
vcm_train_006642.wav,fil50_07026_ref_tagalog16_VOLUME_DOWN.wav,a74baa288415c11022a82d9184ff6f882b45d9dcbf4ab5fbcb909191f3db2331
vcm_train_006644.wav,fil50_00400_ref_ilonggo1_ALARM.wav,9ecc9b47114a0160ab91135d10a96e14293e4d555c326279919720afbb68af7c
vcm_train_006645.wav,fil50_11229_ref_tagalog6_TIMER.wav,9a9d9057cb8f7b9ff1630e666fb8cb49b3ecd1f01ae5c681355b83cb19c5722f
vcm_train_006649.wav,fil50_02905_ref_tagalog11_LIGHT_OFF.wav,7bf7a5c42143a4d42fca34d531c30d4bc46fa375a5f27e7d69ea9ae24d7cc1cc
vcm_train_006650.wav,fil50_13704_ref_tagalog9_TEMPERATURE.wav,c92aff88483cb9b2f720d1e3cff739c0f5ec523900971d1f5a1d21044be2f1f6
vcm_train_006651.wav,fil50_08714_ref_tagalog3_COLOR.wav,145e2300773d3df7e3a2c6454af2fd00e334c7adbcc65a9317d2d9dbebe4cac0
vcm_train_006652.wav,fil50_01255_ref_tagalog1_CREATE_REMINDER.wav,ab4550811d690471548c7ad78b0f218a95237258b24eca19ac88da843dc78d65
vcm_train_006653.wav,fil50_07792_ref_tagalog2_COLOR.wav,0b0528ed346ac377bea3977ab059e2948698650b6aee6767f54fae85b362457e
vcm_train_006654.wav,fil50_04592_ref_tagalog13_PLAY_MUSIC.wav,59be39fc6e940bf98c85a4b65ebd7ca98417a1f362351256d41e9adda7cb18a2
vcm_train_006655.wav,fil50_09534_ref_tagalog4_STOP.wav,6f9b47c3bef1c63a0a5c35637071f690f2b7e91b33501eb49fe4d30b2bcced17
vcm_train_006658.wav,fil50_06292_ref_tagalog15_TIMER.wav,9706dda9cf6de632644c8fca76ec26918db8193c6f77acd97e72808b80dc33ab
vcm_train_006659.wav,fil50_07027_ref_tagalog16_CREATE_REMINDER.wav,2ac9eeea8583c671e969d4df88302d35138b8f8858f57588e590fc4063516476
vcm_train_006661.wav,fil50_00401_ref_ilonggo1_TEMPERATURE.wav,6f944acb2144f5204a40685b97e3a1d78332aa124deaf2086d99a6c2192184aa
vcm_train_006663.wav,fil50_10391_ref_tagalog5_BRIGHTNESS.wav,350ab0bffceb976265f1eb8f0925272506557ea4d05b0994aa589acc4f269f74
vcm_train_006664.wav,fil50_02084_ref_tagalog10_TEMPERATURE.wav,f06c6a01dc2ab0a225965c432771a162c4dc41f60fcfe653565d6bfc9c06fee7
vcm_train_006668.wav,fil50_08716_ref_tagalog3_TIMER.wav,94d06bce4037724e4fb450c29505351a3316b53dfe9916d57b65dd3b8c2aab97
vcm_train_006669.wav,fil50_01257_ref_tagalog1_COLOR.wav,fb588a07d6e1514c02d4d419eac61528dd9613378a9a8f46c6c3559bf6c1a934
vcm_train_006671.wav,fil50_04593_ref_tagalog13_COLOR.wav,047d26c98e9973d014d3716c7645ec1e8ab1c95cd635dff2281908c686453735
vcm_train_006674.wav,fil50_05427_ref_tagalog14_ALARM.wav,ee8516c867b47754742ccf75c1eca1ea3a3a4060ba26b55f4815df121bb4da38
vcm_train_006677.wav,fil50_03708_ref_tagalog12_PLAY_MUSIC.wav,12473c7c9e3e0373992484051141559d880638be5113935b51c830cf44009f28
vcm_train_006679.wav,fil50_11231_ref_tagalog6_ALARM.wav,7e7ecc7c9905245a578a95d27031ee6911348d2ccf2202d8f8010847bd922772
vcm_train_006680.wav,fil50_10392_ref_tagalog5_CREATE_REMINDER.wav,6d6ab17c3c82749104caf718bbc591523b804d941bbbdc2d4f40e41bb5a50df5
vcm_train_006681.wav,fil50_02085_ref_tagalog10_TEMPERATURE.wav,e5ce644990fa5376386931a82f213c43d8cac861d51d1b1114ac36e325fcb09f
vcm_train_006682.wav,fil50_12076_ref_tagalog7_ALARM.wav,3843e0b99bd6b7f54d46ad5a16a03dba1995df20a8696e9a83475bfa1e2e6e1e
vcm_train_006684.wav,fil50_13705_ref_tagalog9_COLOR.wav,1c931835f440143093e399a4f79b9a9e163e857ba09943a554d03152d5a8f26a
vcm_train_006687.wav,fil50_07793_ref_tagalog2_TEMPERATURE.wav,3a80e16e9c62720a9eb2f9e031b62b7be5d16dbb8e8ac983c53b16d9e6b71cf6
vcm_train_006688.wav,fil50_04594_ref_tagalog13_VOLUME_UP.wav,e9b22c3ffd875bce5fa8f465526782141ab82f14138b04c559e754bc5c5bff53
vcm_train_006689.wav,fil50_09536_ref_tagalog4_TIME.wav,9fa64f3beffc0ad86db295c4ea10e6dd8f8b4ffdaf6129904404fba247f9ce2a
vcm_train_006690.wav,fil50_12921_ref_tagalog8_TIMER.wav,8aac0c98755de0e6c616d1bb7ad82c0979fc6bb0e255dd07a3a6f835ef4c8816
vcm_train_006691.wav,fil50_05428_ref_tagalog14_ALARM.wav,fa9b17441fe60389d380425cf97a532241b2bd44693123af4c9bd1630364deb1
vcm_train_006693.wav,fil50_07028_ref_tagalog16_ALARM.wav,d72b46ec59881273943ce6adfb24a6a82065c3e800fa6996dc17b7cdb306f5ce
vcm_train_006696.wav,fil50_11233_ref_tagalog6_COLOR.wav,2cb8770da23d66dc776bfa8ba920347fd44d4757a02f8307b24987e9b49b3763
vcm_train_006698.wav,fil50_02087_ref_tagalog10_TEMPERATURE.wav,4373ab391f31e7410a090827fd6f2b66f3141ee688e5837bef55c4c7f8a687b9
vcm_train_006699.wav,fil50_12077_ref_tagalog7_TEMPERATURE.wav,431ec594a9cefa95ce1632ee4efc53890c2871ba7796577dfdbd13418036b001
vcm_train_006701.wav,fil50_13707_ref_tagalog9_TEMPERATURE.wav,f4d721680e0704e8e8122635e16304d5cc7366e89908add25f4e07122db8b5d1
vcm_train_006705.wav,fil50_04595_ref_tagalog13_MESSAGE.wav,7b552d6e75dc8501adfd2e9c146774276024caf22d4e8837b278438d6a25723f
vcm_train_006706.wav,fil50_09538_ref_tagalog4_TIME.wav,3446ee0d5217abbd24008fcd85e898db94827abe20bd7687ae7a327fb344db16
vcm_train_006707.wav,fil50_12923_ref_tagalog8_ALARM.wav,4a3bf62408bfdf5b88ab6f5247b475f2bf31038fc9769d8e05717e6a112c4bbc
vcm_train_006709.wav,fil50_06293_ref_tagalog15_TIMER.wav,3d573312d44f28fb3db8785000b33e5069bce3d42ef5aadd71ade25173d15854
vcm_train_006711.wav,fil50_03709_ref_tagalog12_COLOR.wav,2f7b21794ab315681306fc87d96e0d087bbf4cd055859faa2a60df14493f9829
vcm_train_006716.wav,fil50_12078_ref_tagalog7_PLAY_MUSIC.wav,abb7af3a96a0f441acb022ed461a531b6d97e0f13f1d384096b5c412acb8fe29
vcm_train_006717.wav,fil50_02906_ref_tagalog11_WEATHER.wav,bcaa48f13d273bf369cbabb00800dc18480c7b0c0222256b7d841ab9d37dd8fc
vcm_train_006718.wav,fil50_13709_ref_tagalog9_MESSAGE.wav,7febaa810a5a526d0f5c31671e9782f95406a1228d07aeae2b1ac7245598dee0
vcm_train_006722.wav,fil50_04597_ref_tagalog13_COLOR.wav,d10d68a1d12a2c6a635d132a4fb6e11b28d9883f568be5030c5e24816460fb66
vcm_train_006725.wav,fil50_05429_ref_tagalog14_TEMPERATURE.wav,56ff2467423e348aaf5d02db41c9a26db0e4e09b2002b77089c4a40951fe0922
vcm_train_006727.wav,fil50_07030_ref_tagalog16_TIMER.wav,ee35c65db84f40f765e08e380d93a8f4bc2c7ae9ea00d49496544a302c28d6a2
vcm_train_006728.wav,fil50_03710_ref_tagalog12_TIMER.wav,a8d0e1e3e0d2539a7e004faa3a85b17ee39688c0631e7ee3d3976eac3a72fe27
vcm_train_006729.wav,fil50_00402_ref_ilonggo1_TEMPERATURE.wav,97c8009569597b220dddd2527b38300e8b5899860d293e1420ee502ee3456b98
vcm_train_006735.wav,fil50_13710_ref_tagalog9_ALARM.wav,acab119f42c22132f1e21140cba5a711ebaf5c260925ea7ce7818947b5dac4a2
vcm_train_006736.wav,fil50_08718_ref_tagalog3_ALARM.wav,5890dc009caf73662054ccd26f755788b2e56d960e676770ea847264b6ea756b
vcm_train_006738.wav,fil50_07794_ref_tagalog2_COLOR.wav,2e3a9980c8ff7b7e73f6749f873c297bf8592862efa5bf7ef9a9528e7306363a
vcm_train_006739.wav,fil50_04599_ref_tagalog13_CREATE_REMINDER.wav,bb9f4493cba5f64e6c7ae2785c32d64bc80e077afdd575c178ca80c2d0edd41b
vcm_train_006742.wav,fil50_05431_ref_tagalog14_STOP.wav,297f86e20c0867db784d020f3d525cc7a6f8ca1b1093afbfd34a7b686a0503f4
vcm_train_006743.wav,fil50_06295_ref_tagalog15_PLAY_MUSIC.wav,3e19712a19383e987c0b985077142d57295fcc76bc1d44c5eee6c3c1640942ba
vcm_train_006746.wav,fil50_00404_ref_ilonggo1_TEMPERATURE.wav,7351c883847fd61a1b5f6a5c25ea315c7c4a1caec5cc8d7c380f81b2d43c2216
vcm_train_006747.wav,fil50_11235_ref_tagalog6_ALARM.wav,aa3c4586a6ddcc856408c9aff23d7035057562c42b3bd082a528a2f18fe7a637
vcm_train_006748.wav,fil50_10394_ref_tagalog5_PAUSE.wav,9533936ebf61ae0e6ba0f5bbe564b5e8fdfc35ce18ffc2652be7f27a9ae28193
vcm_train_006750.wav,fil50_12080_ref_tagalog7_STOP.wav,f851f611c3955d1e8577b40e05949ebb5dc3c05c0ba2a0169527acb0f5047c8e
vcm_train_006752.wav,fil50_13712_ref_tagalog9_TIMER.wav,0a05d217bf3698058767a1f8e7c6a7f4e7308dbd5e67859e3f92f32f00905bb0
vcm_train_006753.wav,fil50_08720_ref_tagalog3_LIGHT_OFF.wav,12bdfa4daa8ea0d123ba3aa069f72b963ce645a704ac2bcdf1681caf6a210c42
vcm_train_006754.wav,fil50_01258_ref_tagalog1_LIST_REMINDERS.wav,61addff49594d4c8a9f1327223a2339be25b7f1eec04894b81c5be832a46c84e
vcm_train_006757.wav,fil50_09539_ref_tagalog4_TEMPERATURE.wav,e7f8073de8807186310f86ae34340d90f2c0f9fe01fdf33ecfbda7274438fbb1
vcm_train_006759.wav,fil50_05433_ref_tagalog14_BRIGHTNESS.wav,25cbeb46678795545c5d77593554636929741ee34165541c901e93ef17e513e5
vcm_train_006760.wav,fil50_06297_ref_tagalog15_WEATHER.wav,a3bf78577563162693e1eba893c5c96945b91aa94c1622179db48eb2c5eea5ee
vcm_train_006762.wav,fil50_03711_ref_tagalog12_TIMER.wav,7cc6053ea64b888a20f4f6245320d326e03fc60ce4ba578ae451881fe0fe56e8
vcm_train_006764.wav,fil50_11236_ref_tagalog6_LIGHT_OFF.wav,5018cc1191b88de1ec22970a5248163e0839a86b5f129906bc4ea0cd371448bd
vcm_train_006765.wav,fil50_10395_ref_tagalog5_NEXT.wav,abf2ee04a09b0b4c3f219f79be3f83943254fa9c4e67ef9355a267259883e81a
vcm_train_006767.wav,fil50_12081_ref_tagalog7_NEXT.wav,2887af3e83d654bd5b8cc713c627c28a4d3eea227c4b495ad2bfa56ce935bc92
vcm_train_006768.wav,fil50_02907_ref_tagalog11_ALARM.wav,4f860ce599d0876d3286247f0839f1e55d8daf81eabebf2c9b5fb723e2ee5b76
vcm_train_006769.wav,fil50_13713_ref_tagalog9_TEMPERATURE.wav,11bfc72f29b5004930a44582c52fc7467f08c15739dfe277c142d9f903a9e94e
vcm_train_006770.wav,fil50_08721_ref_tagalog3_NEXT.wav,3326102342be94daaee97a4e984a9449a6347a9f7e82a199f0cac4d36faeae7c
vcm_train_006772.wav,fil50_07796_ref_tagalog2_TEMPERATURE.wav,476dffb7de49b36d2c6ecabb6953a9c72a2d94b89f61bcf6e4515b824ad3c951
vcm_train_006773.wav,fil50_04601_ref_tagalog13_PLAY_MUSIC.wav,1ff52c0f74ca5f7cca2e6d4e08258f4c148f55328bb2040c5d401dddfb261c51
vcm_train_006779.wav,fil50_03712_ref_tagalog12_PLAY_MUSIC.wav,6ff69e00a790d337ddafc530fc704295f3b1b1ac6a7cd206f1671d9e96079bae
vcm_train_006780.wav,fil50_00405_ref_ilonggo1_LIST_REMINDERS.wav,a7a8c7aec77675c5c4f63b93c6c35f17aa9bfd99cef67ab358a569df244e5521
vcm_train_006781.wav,,320ad73f9b7c4c7265c04a1e2414827e45d219f146be3ae55198a25490628194
vcm_train_006784.wav,fil50_12082_ref_tagalog7_ALARM.wav,58d3a6457fc48e6d4842667b15ad5ad512932c25066dced3e0c94fdbef4694f2
vcm_train_006786.wav,fil50_13715_ref_tagalog9_COLOR.wav,3d44ecbeae9d52cfdfccbb1be2d3de4801f412969039e4cfded4b59aab2c53bf
vcm_train_006787.wav,fil50_08722_ref_tagalog3_MESSAGE.wav,34196a8c50d029c8c2b6dbea077daceeed1b2807b97d32d16ee4b94c05cb7822
vcm_train_006789.wav,fil50_07798_ref_tagalog2_PLAY_MUSIC.wav,60b189e44ab298e45a0c779fe796ef027f249ec8ac9aa0c2eebd9c813a2f8c69
vcm_train_006790.wav,fil50_04603_ref_tagalog13_ALARM.wav,5ebcd8d66aac5fd2d846a6832dc561d00ec158ea335c461ccd60085c70b8d073
vcm_train_006792.wav,fil50_12925_ref_tagalog8_BRIGHTNESS.wav,577e467fd1f4da309a8d7c071955dcd320e7abb0a2b830bf8493eb7b724ad00d
vcm_train_006795.wav,fil50_07031_ref_tagalog16_TIME.wav,804198777518ea40e0f525ecfba776061bcf43dd97c597ff4e8574da43d06353
vcm_train_006796.wav,fil50_03713_ref_tagalog12_LIGHT_ON.wav,8230a93f6fc948c0db63c932ff34c7c6efbbbc432c04ab12b7a9d1eef3869209
vcm_train_006797.wav,fil50_00406_ref_ilonggo1_NEXT.wav,185041d1cceab05d37819969ba9681d68a42694d808282c742589a92010ff7a0
vcm_train_006799.wav,fil50_10396_ref_tagalog5_STOP.wav,7d8dc1d06ebb088db044227abbecfee89bcb166549a468ecef667d9a42082c11
vcm_train_006804.wav,fil50_08724_ref_tagalog3_VOLUME_UP.wav,4df9f9aeb78394bbc4cefa10c29c9c81c8911cdc5699458b06dc087122405029
vcm_train_006805.wav,fil50_01259_ref_tagalog1_VOLUME_DOWN.wav,8e89883a0669737add2b3735a05c6beea1c56114e1ff6923712f8b9ecef4f948
vcm_train_006806.wav,fil50_07799_ref_tagalog2_COLOR.wav,cd63a1913a208c9adbdbfab0ae5fe3c606a873ce2a2082867f6ea45486a68114
vcm_train_006809.wav,fil50_12926_ref_tagalog8_PLAY_MUSIC.wav,0600302987a9d2ddbca354ca95ae653903584bdd5f2a52ae524c35f24546d457
vcm_train_006810.wav,fil50_05434_ref_tagalog14_PLAY_MUSIC.wav,0b3aeb56af59a76a6b903057738071983eb89cc39ca3bb15a218ecd8f9dbf4fe
vcm_train_006811.wav,fil50_06299_ref_tagalog15_BRIGHTNESS.wav,022cccfec927e058982ef4c68901b6ced30f152dbe1fb6722e115bd1d01a8942
vcm_train_006813.wav,fil50_03714_ref_tagalog12_NEXT.wav,cab55aa1802826d79409ce3bc64b5269537df9d25fffd286be2698b68d274ac8
vcm_train_006814.wav,fil50_00407_ref_ilonggo1_CALL.wav,83a9cc117d222720e183d098daf38b0eb86d0885c69bd7142da322b564954ce4
vcm_train_006816.wav,fil50_10398_ref_tagalog5_LIGHT_OFF.wav,4ecde22a5462a428d3b73de46a333cf11a64492ac7382a28a4d0ac282dce4182
vcm_train_006818.wav,fil50_12084_ref_tagalog7_NEXT.wav,afdacb7ce61a887fefd7e74987f1829e0e4aea619baedb3ad1e4fc21e09b0e54
vcm_train_006821.wav,fil50_08725_ref_tagalog3_PLAY_MUSIC.wav,934b239e1a0d1d61a69a68f4edcced8b16823b0c0011ec160da690c8a27a6fa4
vcm_train_006822.wav,fil50_01260_ref_tagalog1_TIMER.wav,8c17d6c5b046f42d3689d4c2e22f3702b7816ccac65c4028726a1c541e08e4e5
vcm_train_006824.wav,fil50_04605_ref_tagalog13_CREATE_REMINDER.wav,081cf29df4e40b9220409d15b863582d0e94264b38f2acbaa5e0f1baed851bc5
vcm_train_006825.wav,fil50_09540_ref_tagalog4_ALARM.wav,a5cfeb9a2db2f98777b80e3e3af27d565b94175c409a2e886d346e59c504d584
vcm_train_006827.wav,fil50_05435_ref_tagalog14_COLOR.wav,c3e0529a4e205a0ba3a1755392dc6ac9bd47d38b2d6869b5e6fd47857702e217
vcm_train_006829.wav,fil50_07033_ref_tagalog16_BRIGHTNESS.wav,2095c16ef7bf19b7f18f06387f6601defe0c33d9e1742c434ae1a4b0e0dae13b
vcm_train_006830.wav,fil50_03715_ref_tagalog12_COLOR.wav,d891f29f509eca56e822b47e8786bc125c8ee055f33263ec3e40a86a1c1a03ee
vcm_train_006832.wav,fil50_11238_ref_tagalog6_CREATE_REMINDER.wav,b7195d88b2c312029f7c451f36508be5a26e453423c63316937b13cbec46dfd2
vcm_train_006833.wav,fil50_10400_ref_tagalog5_PLAY_MUSIC.wav,6c1c55889b0663a92290c8e0b330fa67835f4a9cbae971fd5fb0541775f5c7b7
vcm_train_006834.wav,fil50_02089_ref_tagalog10_WEATHER.wav,68a1e4da745d3eda62425ba56b5c5d5daec2a7e2bbd3ed86871e4c6705329d87
vcm_train_006836.wav,fil50_02909_ref_tagalog11_WEATHER.wav,4d176f964b7d722ca3c07992350e4f70f38ce05172c0f8021c6b7149077ed6ac
vcm_train_006837.wav,fil50_13717_ref_tagalog9_COLOR.wav,86191411d5aa596d34f769f4dbea640018e3b64f1552ba98c230e844d53bc4a9
vcm_train_006838.wav,fil50_08727_ref_tagalog3_NEXT.wav,99f152fc791869e87d9eb6b52b58cc70f28846961fea6c9c3509b45ab00684c8
vcm_train_006839.wav,fil50_01261_ref_tagalog1_TIMER.wav,e970a5fb0369331d38ab7632fd612d32a8fc686f6cb92fefec37a6e5cd1f870c
vcm_train_006840.wav,fil50_07800_ref_tagalog2_NEXT.wav,e31d12060f4d36a08a4a95be6e1bb2bb907b35dcd4521155f03cc02498680f9b
vcm_train_006841.wav,fil50_04606_ref_tagalog13_COLOR.wav,d4ea84b7ec110638d92d60b8ceebd5e624282e82256ddd93eca304b898be5ca1
vcm_train_006843.wav,fil50_12928_ref_tagalog8_COLOR.wav,b04cf8792ab7388c30c978ca7efcfd24769d5785f8b1729a54157ad119451ff2
vcm_train_006846.wav,fil50_07034_ref_tagalog16_TEMPERATURE.wav,e33809d2e83ca270f5bbfd8d9f53005a32bd10bc5538aae74c380de1a4ba5f1a
vcm_train_006847.wav,fil50_03716_ref_tagalog12_LIST_REMINDERS.wav,e6546ef1aad668357b1d10ba175c027ee9998b2c18fb967e3df4d0a94fcee943
vcm_train_006848.wav,fil50_00408_ref_ilonggo1_STOP.wav,0a2cd44855909e8bb626aac692cf2982bda25ce777c15e997a4673cfcbf9a28a
vcm_train_006849.wav,fil50_11239_ref_tagalog6_COLOR.wav,fad8ade9bf05707feff9bb7a03f0b6e3aff2a3a58471894d9e514c2a59222d65
vcm_train_006850.wav,fil50_10401_ref_tagalog5_LIST_REMINDERS.wav,f55c3f770c27a223e50637c70544c4a88be185c54ba9cdafddab123afeec363d
vcm_train_006851.wav,fil50_02090_ref_tagalog10_COLOR.wav,1ceccd1c384b5791e4081e44dda26275039b5da41d51f8b3b4254f7c384255b0
vcm_train_006856.wav,fil50_01262_ref_tagalog1_TEMPERATURE.wav,d7bfe55598150745104588351bbeba20e512db7e8d8ea933dfcbc66373ae38fe
vcm_train_006859.wav,fil50_09541_ref_tagalog4_VOLUME_UP.wav,bc1de9f6ed5b9e277c4ae7d84ca5b2da79185b517dfa1e994180ce60541e8f25
vcm_train_006860.wav,fil50_12930_ref_tagalog8_TIMER.wav,ea524d878c269af191d0dd382c31ad4ad220284a0133dc8e4b16bccd10c8bf43
vcm_train_006864.wav,fil50_03717_ref_tagalog12_LIGHT_ON.wav,a204f7360e92c6289837a342e5fdabaa124bb1d1a14eab7ac6fb7e8a28410741
vcm_train_006867.wav,fil50_10403_ref_tagalog5_NEXT.wav,ad00600fbda7abf38a8521f5d71c9a9641b190c9e6ec3df1fccafe7548452dda
vcm_train_006871.wav,fil50_13719_ref_tagalog9_WEATHER.wav,059a83b24aba666510e586928d089a69ec34aea7ee1f4fd5bda32021cfb2c3af
vcm_train_006872.wav,fil50_08729_ref_tagalog3_WEATHER.wav,65bd4992c22fe6b551a78208561b7f926ae7d347b03b3e5265ec79d02b7090ed
vcm_train_006873.wav,fil50_01264_ref_tagalog1_CREATE_REMINDER.wav,05eb9b493ae7ec4e31cdab47710f60287d6c87b415213ec0c69556896f6d4b18
vcm_train_006877.wav,fil50_12932_ref_tagalog8_LIGHT_ON.wav,ce41353fe73eca6358720b8fe6fb65a3d651d59f44cc4a58f2937a11a7c986f0
vcm_train_006878.wav,fil50_05436_ref_tagalog14_MESSAGE.wav,5a33db9a795f9478d11fb8c766558e70d6f0c98d0bc202321c7832a166dae7b2
vcm_train_006879.wav,fil50_06301_ref_tagalog15_MESSAGE.wav,997b03eb798d0d7f3a42dde39325c09523bafe94dcbae8acb2b3e93ff2612315
vcm_train_006880.wav,fil50_07035_ref_tagalog16_TIME.wav,420d711b99b237a20fcd352426c9cca4da33901bdc021121e2f07b1e2634cffe
vcm_train_006882.wav,fil50_00409_ref_ilonggo1_TIME.wav,0477e97850a3fe368fcedc1dad6b1dfaba6f9c995181c2cfa48d45dc9ca672d5
vcm_train_006884.wav,fil50_10405_ref_tagalog5_CREATE_REMINDER.wav,7f0c864ca5b8423067ecc8426d40e32f47dd6e1f19cfdc321da4a51bc6ccd4fc
vcm_train_006885.wav,fil50_02091_ref_tagalog10_BRIGHTNESS.wav,25bf72721f7f6e59ecd9a7b28ec38400dd8f58646d92c5ed4682d8b79b209a88
vcm_train_006886.wav,fil50_12086_ref_tagalog7_PLAY_MUSIC.wav,126827acefdce270910af0c1d4b8072d493461e98393739cd791a37e2c9fafb7
vcm_train_006887.wav,fil50_02910_ref_tagalog11_STOP.wav,b0c23089f91fc72a699d37ecf626c5b8638f206f3fa9655c313adbc175755522
vcm_train_006888.wav,fil50_13721_ref_tagalog9_COLOR.wav,23cad89aacb54b7a9c324c553b4729ea3f263308e315bbcd8a09f09f3bf5d246
vcm_train_006889.wav,fil50_08730_ref_tagalog3_VOLUME_UP.wav,75e2397130539751698c1414d218a7b493683d8c6d9cf96ff93245342c13219f
vcm_train_006890.wav,fil50_01266_ref_tagalog1_COLOR.wav,f6afd66648783a47c670ed663ac51a5a205f25dfad3e8e2bcb1e9e08b0a286cd
vcm_train_006892.wav,fil50_04608_ref_tagalog13_TEMPERATURE.wav,f25f62e37a61d5ae01f5dc07e07e30f21af13f2f3961315fd575b59bfb7e68c0
vcm_train_006893.wav,fil50_09543_ref_tagalog4_ALARM.wav,65037f977ef82eba21b0ab1c183e851fca84d5f6dc506126b732e1a01318509a
vcm_train_006894.wav,fil50_12933_ref_tagalog8_TEMPERATURE.wav,e6cf96080a628f79ffd2dd61d491b0ddcb8a54bd79c2810df46620f21236ffd0
vcm_train_006895.wav,fil50_05438_ref_tagalog14_TIMER.wav,756d401ae8a1aa81a0d180f419af59164716ce17706a639eef5300fd6fe86d3b
vcm_train_006896.wav,fil50_06303_ref_tagalog15_PLAY_MUSIC.wav,af7547861d78ca87c95b5a426f80f69c9021ff843b99467ea6b2321e2db41b59
vcm_train_006898.wav,fil50_03718_ref_tagalog12_COLOR.wav,af2f8f040681637b580624621e8ed824efc73dacf8bd50249184e773889e3213
vcm_train_006899.wav,fil50_00410_ref_ilonggo1_NEXT.wav,a591b48fb3edf4051f7b1d9641c18d14935bffbe97ef6b2d02b9bcde577dd8a6
vcm_train_006904.wav,fil50_02912_ref_tagalog11_ALARM.wav,13aef814cf3f7914c766a9fd0fdf8cde30fd97163e6f518ff40acc846c30bd41
vcm_train_006906.wav,fil50_08731_ref_tagalog3_STOP.wav,7fc8741d2bcbcb39e3c0f064fde402d4562436674723da4361a51c9b60bb1c28
vcm_train_006909.wav,fil50_04610_ref_tagalog13_CREATE_REMINDER.wav,7329522e7e918e69d96712e41c4ca4f534741e2ad602500a3a4402eb6dcb5374
vcm_train_006910.wav,fil50_09544_ref_tagalog4_TEMPERATURE.wav,a7c88800175f113042a08708327b8149215936b695b05d659551fd1afab5698d
vcm_train_006911.wav,fil50_12934_ref_tagalog8_CREATE_REMINDER.wav,64a49b2262938acfe06b837cd5d92ff7936db5eb59e10d6b93f1cdc5f08edc2d
vcm_train_006912.wav,fil50_05439_ref_tagalog14_CALL.wav,b2dfc59e52effc28d390e0788b5b4541b5a3627066d532809e39dcd385c25576
vcm_train_006913.wav,fil50_06304_ref_tagalog15_PAUSE.wav,b495cc4858aaaab24b80e70591e7a4a592b98265b0ea11d0e2fd72fbac4308a1
vcm_train_006914.wav,fil50_07036_ref_tagalog16_TIME.wav,3c4880c67099c74bd7b1662da9636831c5396f97001b859920b9461902d1d5fd
vcm_train_006915.wav,fil50_03719_ref_tagalog12_VOLUME_DOWN.wav,a5a09a0c33b6839f91d91a532ee2a3a27043bfd984a6be735f07cd1a165d5564
vcm_train_006917.wav,fil50_11241_ref_tagalog6_LIGHT_OFF.wav,9e979a1be603a514825115b782606c73ccdfb4016c5408f36e6ba1e2b958ef99
vcm_train_006918.wav,fil50_10407_ref_tagalog5_STOP.wav,2d39f1a4429f19de2fca494e4136ce4b9ed008dc23584e9a15cbffe6883b78b0
vcm_train_006922.wav,fil50_13722_ref_tagalog9_PLAY_MUSIC.wav,0e527bb6ffd076f0fa17636266670b78a3d85a6a14d2858405edd54a5c7ba536
vcm_train_006923.wav,fil50_08733_ref_tagalog3_TIMER.wav,b85d38b2d07d917341857f3dbcffb476b1bcc73598b49d2ced120a24f9c57035
vcm_train_006924.wav,fil50_01267_ref_tagalog1_TIMER.wav,8369d4889b0b549878722e3f7a8c790e0f2ea0e516b66d11c1543b0c4d209b46
vcm_train_006930.wav,fil50_06306_ref_tagalog15_TEMPERATURE.wav,d7b83aa671ff8168f09ff853632d61544a6eaef262612f081cbd09f53ef2928b
vcm_train_006932.wav,fil50_03721_ref_tagalog12_STOP.wav,b8cc537d1236c28f870aa0aafe7d2a22b9c855af3646a04d3644d7a3c01d8603
vcm_train_006935.wav,fil50_10408_ref_tagalog5_TEMPERATURE.wav,67f7169a061688425b6dca652e1acbcc1eae79154637aed52f3a27f93b775523
vcm_train_006936.wav,fil50_02093_ref_tagalog10_BRIGHTNESS.wav,21ace7622a13312f7c184ecb78e07f81a2268b2790b47ab828acacf3e4e05300
vcm_train_006938.wav,fil50_02914_ref_tagalog11_TIMER.wav,360030a860d1f278f9457e6b393b375970ad988693fee87b3b02a37eef8d687d
vcm_train_006940.wav,fil50_08735_ref_tagalog3_COLOR.wav,e427f259544ed6595c321c1ca820cb836c03bae507314566d043b4f2183282e9
vcm_train_006942.wav,fil50_07801_ref_tagalog2_LIGHT_ON.wav,b65f12796c818a20f3effdee3f766572a03a026e17b3722895ea1a3caebfb89d
vcm_train_006943.wav,,86969095f702ac6cd66705cc6a5528748ee353801218d0cb28e5a5824e7b8d42
vcm_train_006944.wav,fil50_09545_ref_tagalog4_NEXT.wav,ca545a4e211ac87328ea7befd1265807352e6656be8697512a384efe38f77e81
vcm_train_006945.wav,fil50_12935_ref_tagalog8_COLOR.wav,34dba255f83131734da2ed3547dd99e6819e5e0df289517281d2fb15365493d5
vcm_train_006947.wav,fil50_06308_ref_tagalog15_VOLUME_DOWN.wav,e2a3c5eebce25a871bdc3a327fd8d513498014b435b0ccfa17897630bbf48b15
vcm_train_006950.wav,fil50_00411_ref_ilonggo1_TIMER.wav,7863746427e5216ba7c00d669ca02fd8566a4ec66e7d1b5b505ed9291c4dc840
vcm_train_006952.wav,fil50_10410_ref_tagalog5_VOLUME_DOWN.wav,aff3bb0af45910b00a521031d5f0f3b32daab5fcae5ba4bc50598a943f322437
vcm_train_006956.wav,fil50_13724_ref_tagalog9_COLOR.wav,eb80802ec414a9a61fc061b7c3294fbfe37a2519ba5e1e393063479d927b25fc
vcm_train_006957.wav,fil50_08737_ref_tagalog3_TIMER.wav,b94428c64e188bdac6d978fb0ece4eb5953b03fbd85d8e4a7e3a1b6c6f867348
vcm_train_006958.wav,fil50_01268_ref_tagalog1_COLOR.wav,7ea7052d5d9f60266ad9c45b73876991cd9fc84accb227b23a102d2328acc53e
vcm_train_006959.wav,fil50_07802_ref_tagalog2_STOP.wav,e91fed8db1a8425040689adc9b6f64868f04d7cc86ecb8481cf627b0e2244cf1
vcm_train_006964.wav,fil50_06310_ref_tagalog15_TIMER.wav,faddf2333dae8afdd9e0c04e87719ea24640d91ea16b46d8826170d0c2b4127e
vcm_train_006965.wav,fil50_07037_ref_tagalog16_ALARM.wav,f336542db44eb976d0becf144025f43d746fdf1e606f79d4c74f2e279cd93277
vcm_train_006968.wav,fil50_11242_ref_tagalog6_BRIGHTNESS.wav,87357cfea4b4ade50e34bcafb7b40d8d1660ca8e897abf8f275fc85fe3290651
vcm_train_006970.wav,fil50_02095_ref_tagalog10_LIGHT_ON.wav,f0d7b68795e9c6d0117424feabd87d1c9d8df943559eaa43700d76dbf7f77784
vcm_train_006972.wav,fil50_02915_ref_tagalog11_TIME.wav,deb888ec2639d0fe55d3141f02ee1c60bfb0953b63a1af136a5b8fdb920a7865
vcm_train_006973.wav,fil50_13726_ref_tagalog9_PLAY_MUSIC.wav,d39db2730dfae6e82b003296bcc9a9c5d2ffdd5e9a240557b57c80a5143f3637
vcm_train_006975.wav,fil50_01270_ref_tagalog1_TIMER.wav,64a30012c52791c7dc9f4742a56656e8ae6757da6ecd07160062dc874da9fb86
vcm_train_006976.wav,fil50_07803_ref_tagalog2_PAUSE.wav,7a4fe35daf87d4927b27cc58f198ea277712f7c12176b1fd2674e84c11980f49
vcm_train_006977.wav,fil50_04611_ref_tagalog13_VOLUME_UP.wav,dedbde6278b915af161f89b1f8b32cf0fa33ce7ce703ab23f13f42103479d398
vcm_train_006978.wav,fil50_09546_ref_tagalog4_ALARM.wav,365ce04ba1936fb750ef322faeca8d1914c5131f5a22486ef69175c87487230c
vcm_train_006981.wav,fil50_06311_ref_tagalog15_ALARM.wav,88d1b3e4f78a141e20b89b291b297520f3ca4fe5b5157c1f15f31c120c21e4da
vcm_train_006983.wav,fil50_03723_ref_tagalog12_CREATE_REMINDER.wav,016d868c1e0acec2d3575802fd70256ac7220bcd83e0eaa046ee483fe95158bb
vcm_train_006985.wav,fil50_11243_ref_tagalog6_TIMER.wav,289f0ea8d4bc2fabe7381f01778668632f38e71f93e28246c04061cea457700d
vcm_train_006987.wav,fil50_02097_ref_tagalog10_STOP.wav,74405345e14e5ce34115a9ea4d8053ca4299d67a8b761f729bc137124ea88b31
vcm_train_006989.wav,fil50_02917_ref_tagalog11_CREATE_REMINDER.wav,c8011e8954883030f8f09c9e4751e88bb95030ecfd5b0c275d586b799ffb0295
vcm_train_006992.wav,fil50_01271_ref_tagalog1_LIGHT_ON.wav,3724a0478e446c77f69c0df39b1f796d3865555542fdf322a7dc3972be5cc77b
vcm_train_006993.wav,fil50_07805_ref_tagalog2_TIMER.wav,146cc1bb198b769adef56623468106c92edca388ba3695e053a52bad228c172f
vcm_train_006995.wav,fil50_09548_ref_tagalog4_CREATE_REMINDER.wav,0c32abf3eba1ac3312b16d8dbd248590264ea5f348323fc910366da1d965394b
vcm_train_006998.wav,fil50_06313_ref_tagalog15_PAUSE.wav,857e627ce50cf281809966c1723e61b2c8a6cf4785d782ce3169a96ec09473fc
vcm_train_006999.wav,fil50_07038_ref_tagalog16_BRIGHTNESS.wav,16ca61d818aebc2b39e9f01e99c5f1f0a74c17071fb5b30d7ba156a162c62f78
vcm_train_007005.wav,fil50_12087_ref_tagalog7_TEMPERATURE.wav,a85d4c6c15f1a6a6095269607c04396378b03dfa60134b610b20bf16a2e8a5ff
vcm_train_007009.wav,fil50_01273_ref_tagalog1_CREATE_REMINDER.wav,7f40db1e013d2de8b1ee676530469f787d55059f8acd11f235e11c2b07d3460b
vcm_train_007010.wav,fil50_07807_ref_tagalog2_COLOR.wav,6bcb31d65da3a00d6f880390bf7b8cdd993fc8a0a18490bd54e552213d4535e3
vcm_train_007012.wav,fil50_09549_ref_tagalog4_CREATE_REMINDER.wav,8198ede7ccf1bfe6a792c0db6274c369386ee3804597c225845a338e5b4058a8
vcm_train_007014.wav,fil50_05440_ref_tagalog14_NEXT.wav,c49f91ced326994722d6d094714c896da78f56d8997e75cdd139c6ece42e34a5
vcm_train_007017.wav,fil50_03724_ref_tagalog12_NEXT.wav,5c8c4b90793fd287357645db8e18517b9752e67a3694c79f71dc612afd3fcdca
vcm_train_007019.wav,fil50_11245_ref_tagalog6_VOLUME_DOWN.wav,145a773f9546086294688501211a03edd17a4d05ec7aec9c2974f40ac79df9ad
vcm_train_007020.wav,fil50_10412_ref_tagalog5_LIST_REMINDERS.wav,f5a0878b7484167327b08875517814aadf73d08d4ff821bf0cf7f436d952b2e4
vcm_train_007021.wav,,1957ea57614a9ac92dc6996a930e2195b01222648079a5b8818c5f361e00cfce
vcm_train_007027.wav,fil50_07809_ref_tagalog2_TEMPERATURE.wav,305c39540d7ff9c88e7287fc2ac7c6a403a0ab7c01cc307357aeeaf3f38d3333
vcm_train_007028.wav,fil50_04613_ref_tagalog13_COLOR.wav,43ff875b756549ae7b9cd1ee125661f1befe71eb73798ba10b676d60bbb53a3a
vcm_train_007029.wav,fil50_09550_ref_tagalog4_VOLUME_UP.wav,7d642112909d4d8d81d0207d53548d5cae21522dd3629c482d43af29cf636f81
vcm_train_007030.wav,fil50_12936_ref_tagalog8_TIME.wav,b418a444d74737e65828b7b7ea5d677f43310d565a5973052d2d3026ebb8ee01
vcm_train_007032.wav,,e8005a39af2e4668b3844863e150e9943c628891e485d219209a9a8d0110bf95
vcm_train_007034.wav,fil50_03725_ref_tagalog12_ALARM.wav,d1c6afef75a5f8b70a3fd32d763dc00b247bf7f6d19eafbe7f7be97c3eeb560e
vcm_train_007035.wav,fil50_00412_ref_ilonggo1_TIMER.wav,c7bcc9b288d651ac734e2ad98b0a3f8b6cc909ddd6be066f3c94cbbf715e4c17
vcm_train_007037.wav,fil50_10413_ref_tagalog5_WEATHER.wav,bf2e9f078dd6f7aa862f6902cac63cda4b02960dc73eeb4a870e8b6ece3ee7c3
vcm_train_007038.wav,fil50_02098_ref_tagalog10_STOP.wav,a3f02843c3a61445de1bb7baf95c9a1831a03cf15b7aa72d36ba2cc03733035d
vcm_train_007039.wav,fil50_12089_ref_tagalog7_VOLUME_DOWN.wav,8a3722e64a4b9f0fe9b80bedb910d6dfaafdcdfe80a9372177dd44d3fb8c050b
vcm_train_007041.wav,fil50_13727_ref_tagalog9_COLOR.wav,d529627a080bfc090861e6579bf49ef6bc6d23328e39d3a898caa376065dc3fc
vcm_train_007043.wav,fil50_01274_ref_tagalog1_TEMPERATURE.wav,744cb4bff738b1dfea810c09f138c8f71651e855699d7c7043d8ab75b2e6c7da
vcm_train_007044.wav,fil50_07810_ref_tagalog2_WEATHER.wav,c3efdfc1888aa5c1050da770154bf70f8b9c407653cfcebe7fc45687938c6849
vcm_train_007045.wav,fil50_04615_ref_tagalog13_TEMPERATURE.wav,db8878a765080aa0f33b8cf4ebabab38ec1ebd393c76eb4960c6fb4124508f3a
vcm_train_007046.wav,fil50_09551_ref_tagalog4_WEATHER.wav,c25eb0f129548702671a2c4ec7cea3d5b63a4e7777c6325f2eec5609c6d4e23e
vcm_train_007050.wav,fil50_07040_ref_tagalog16_TEMPERATURE.wav,42e9987708692ed603077d9911139b69a50177ac2bfcac027107a495c96bbafb
vcm_train_007051.wav,fil50_03726_ref_tagalog12_BRIGHTNESS.wav,8c90373a5787bcf9890b0194dc0cc5ab621be42b63604c79256a7d27b8e838b8
vcm_train_007052.wav,fil50_00413_ref_ilonggo1_BRIGHTNESS.wav,2292cef161f07953f08413f89913ae08fb81377bfa583f3e2af6afc0b2951859
vcm_train_007053.wav,fil50_11246_ref_tagalog6_COLOR.wav,76cbffdf6590f64984051308ef809df43a7cfb832511f98af7e034d20cf9f34f
vcm_train_007054.wav,fil50_10414_ref_tagalog5_VOLUME_DOWN.wav,66839565776eac44925dab03516349c4751e92b04cff26116361ff1361387739
vcm_train_007055.wav,fil50_02100_ref_tagalog10_VOLUME_UP.wav,2539439fb476135d02ca23872255d95eaa79d3d1c58bed70b355d7370df5005f
vcm_train_007056.wav,fil50_12090_ref_tagalog7_ALARM.wav,f09ab870a08eaff1fd60cc96c24d63ec66f45d46d0b09029e468a1f26f4ee6f1
vcm_train_007057.wav,fil50_02919_ref_tagalog11_NEXT.wav,0f0e0e81a8210e673905c2201874330354920021f6b118bf8fb9661be2328b79
vcm_train_007058.wav,fil50_13728_ref_tagalog9_NEXT.wav,6782c143722d42276f1cc49fd26ba187c817019d8205137ccc9efd2a26c46f9f
vcm_train_007059.wav,fil50_08738_ref_tagalog3_CALL.wav,f8251b699aaf5f2b8e3abe9b240eba711a69a83eec202933baa2a5dccf488cb3
vcm_train_007062.wav,fil50_04616_ref_tagalog13_VOLUME_UP.wav,8a170955bedb0302179628f4f10f606b4055d92ddba681447ecfbee285bbd40a
vcm_train_007065.wav,fil50_05441_ref_tagalog14_COLOR.wav,e8994f6b8fd416a3f579453d77730f3c71ca1ef04f08dc563a96d204bd260537
vcm_train_007068.wav,fil50_03727_ref_tagalog12_COLOR.wav,a4b185400af1efc088385d675a3d227439dcf9af766db73ebc8f1c3d548da488
vcm_train_007069.wav,fil50_00415_ref_ilonggo1_WEATHER.wav,de9698109dc1c952addfe4fed62b9f4b9bea8bc245c80e04a56ec6024fccc40d
vcm_train_007071.wav,fil50_10415_ref_tagalog5_BRIGHTNESS.wav,c67edaef70a15867d18b6d3389d5d09ef72a27e06f1cc8d67c15483320f440cb
vcm_train_007072.wav,fil50_02101_ref_tagalog10_CREATE_REMINDER.wav,200ec48cd1aef51d537c0f96598dc2b4ecd21bd17720dd8dbbaef2bbb97bece1
vcm_train_007073.wav,fil50_12092_ref_tagalog7_CALL.wav,c0e94ee91b15199d3305203bba178ae58f1245b164d966d207492a9c0a018c56
vcm_train_007074.wav,fil50_02921_ref_tagalog11_NEXT.wav,e7fd32c5d9cd9fe897d0772ff56c3c25ec1738c0cf85be8024916474256a76b2
vcm_train_007075.wav,fil50_13729_ref_tagalog9_TIME.wav,5e529bcd96cf57320b1f3db8de47cd8e0d9c9ef9d1dda930888ce27eaa1e9805
vcm_train_007076.wav,fil50_08739_ref_tagalog3_CREATE_REMINDER.wav,aebe348fbf1c082f1b706c48280b96ef08b4d85bdc3177534da22bc7affc7389
vcm_train_007077.wav,fil50_01275_ref_tagalog1_CALL.wav,a8b30931ac0c1a13a53718d3585459827996a8895ddd9264014bddd59b1fdde0
vcm_train_007079.wav,fil50_04617_ref_tagalog13_TIME.wav,290c86dfd95f521b13d6fd0852f59bd2026a96596b12aeb4bfaa72b1562fe274
vcm_train_007080.wav,fil50_09552_ref_tagalog4_VOLUME_DOWN.wav,34afed5ba62137d2bd2565c925f43c72eb6120e60b8cdb68b8d330c133688fe3
vcm_train_007081.wav,fil50_12937_ref_tagalog8_TEMPERATURE.wav,5df075281eb542aca846621e099f25b87751a355c59dcfeb0f42c44f0f463caf
vcm_train_007082.wav,fil50_05442_ref_tagalog14_NEXT.wav,e59c7736b4b43259557a03ba37d82b531817a9534097074506c2bdd32531d724
vcm_train_007083.wav,fil50_06314_ref_tagalog15_VOLUME_DOWN.wav,2ed091a6223393f1cf7ff764c0da3fd35146685f7ace20eba2fd37d158d5344f
vcm_train_007084.wav,fil50_07041_ref_tagalog16_NEXT.wav,7510e60a14063120c819f92a17f194d2f6526ccd62117805575dd0831f195ff2
vcm_train_007086.wav,fil50_00416_ref_ilonggo1_ALARM.wav,9713911b9fcf22c6f6875a861a845aefab4d82564a89b7f0dbae4a766557cc33
vcm_train_007087.wav,fil50_11248_ref_tagalog6_BRIGHTNESS.wav,2a3ad26b128e36d822db521188c78feda38bb39b06b8b644dcd3ff2dfa029e88
vcm_train_007088.wav,fil50_10416_ref_tagalog5_CREATE_REMINDER.wav,ee3cffbbdf5e1b2b9846e0773a43ee57de523e801dfcc00faed6b02b39ba8683
vcm_train_007089.wav,fil50_02103_ref_tagalog10_NEXT.wav,66d68a2162f45f65b3e5b757e3434b7d3c4f93b0ea1aa78bda0f30d4256652a9
vcm_train_007090.wav,fil50_12094_ref_tagalog7_LIGHT_ON.wav,ec37ad6b47812c6cbefc9409134a8d5705d302c1c161f599ddc74bd2ddf6cc47
vcm_train_007092.wav,fil50_13730_ref_tagalog9_COLOR.wav,88477b172d0a83aa865d85e1530e0cb87d0ec97407068635f0b932e7767afefe
vcm_train_007095.wav,fil50_07811_ref_tagalog2_WEATHER.wav,5ca27742a57bda16c9dcee1c13a3c778e210e1218e4559089d9dd1647b13eda5
vcm_train_007097.wav,fil50_09553_ref_tagalog4_BRIGHTNESS.wav,7d85f2e68b457a363c5856f47e60f2688b551cead391267de8c70286c7227464
vcm_train_007098.wav,fil50_12938_ref_tagalog8_MESSAGE.wav,b6ce1d442553139adcefb8bbbead94b4cc7d761bccbea914d5183646b114a23d
vcm_train_007099.wav,fil50_05444_ref_tagalog14_CREATE_REMINDER.wav,0d571881f1c3f438e48468c323c5737f8a6123cfce1467b44b578ad4db20e3e9
vcm_train_007100.wav,fil50_06316_ref_tagalog15_WEATHER.wav,4dc842079dda7f27bbceacd4766afd1da48567f7a580583a9492bcaca9f50ece
vcm_train_007102.wav,,7c39db64245ccf0fe052e76b6a27a5f44e8d4386767acee1c441bb04c76d0c2c
vcm_train_007104.wav,fil50_11249_ref_tagalog6_LIST_REMINDERS.wav,df1f0fddfbd5fbbb522069525eeb88adaaaaa233db46bfb7396055d27882e052
vcm_train_007106.wav,fil50_02104_ref_tagalog10_TEMPERATURE.wav,8f94a4d5203e8eca7261e5e6e3b3ef0cef87522d55f4dfed0f369fe4d196b16c
vcm_train_007107.wav,fil50_12095_ref_tagalog7_COLOR.wav,0b96a1f5676a4f01dc16b09afaa28d1aa125b46646e321068fb1278eb695139c
vcm_train_007108.wav,fil50_02923_ref_tagalog11_BRIGHTNESS.wav,287788dae196197d39f5ef6229e967f8130138c7dac42e64496ddce648933044
vcm_train_007111.wav,fil50_01276_ref_tagalog1_NEXT.wav,08969a9976fe43b1eeb41c04f24813d1639d6cdfda6498bb68754c1879558a8f
vcm_train_007116.wav,fil50_05445_ref_tagalog14_TIMER.wav,065a3543eb52349ae99204404b3966998c58686b042e4ba233b6ad727c51dafc
vcm_train_007117.wav,fil50_06317_ref_tagalog15_LIGHT_ON.wav,df6ba2481331bc55063e07d5275da28d8d31c03eea120cb8699687538db0c7c0
vcm_train_007119.wav,fil50_03728_ref_tagalog12_COLOR.wav,2a5e0bdc199829a9974c6b4a251732637b59d9a74560bcf5fce3a01612acf832
vcm_train_007120.wav,fil50_00418_ref_ilonggo1_NEXT.wav,eb59b17d0784c308767453c721097fdeb379a7114d093a5a7633cba33740dd97
vcm_train_007121.wav,fil50_11250_ref_tagalog6_PLAY_MUSIC.wav,807ff36e04a8d2b19ae925fc8f2f9251fd847a80116151e91e66ba260cc39713
vcm_train_007122.wav,fil50_10417_ref_tagalog5_TIMER.wav,9c2ca8c54821eaaf2cfa92f92f9535db1e4b1e70e15b904212e2d21b877cbd63
vcm_train_007126.wav,fil50_13731_ref_tagalog9_CREATE_REMINDER.wav,8b9e25c2ede906ce6e9af3cadde624c821d09e9743d199b1e2cd013c38235e4b
vcm_train_007127.wav,fil50_08740_ref_tagalog3_TEMPERATURE.wav,39c4eeae8b572ca4a87f3189fe37af3b19052c216e04aca9bcd411d0431b7388
vcm_train_007130.wav,fil50_04618_ref_tagalog13_TEMPERATURE.wav,07cb4578f22fa97740f42b1674ec9b73ea317109bd13cc6c32ec63c9d8974cdc
vcm_train_007133.wav,fil50_05446_ref_tagalog14_TIMER.wav,ed55f630ea273552da300651f568f4b50912c2a055a5c1fdf7b5f7f4a0ef7ce0
vcm_train_007135.wav,fil50_07043_ref_tagalog16_TEMPERATURE.wav,7fe7f90608dbffeb4564aa737c11b6d271881b715fa0345eb22fd3a790ac2eb0
vcm_train_007136.wav,fil50_03730_ref_tagalog12_NEXT.wav,3db9ff68b34f92a3df62cfd1455b9528fe8a49e522ed1366d9ee56a04444945a
vcm_train_007137.wav,fil50_00420_ref_ilonggo1_BRIGHTNESS.wav,1b36ab5e7c5861d0af98e8a843dfaec7ab7e92e953b54823dfc2b59e42bff766
vcm_train_007139.wav,fil50_10419_ref_tagalog5_STOP.wav,f259ec4fa7f76e88e53c6ba9e507b3969774ac6bfc4bb3c114ebb65d1d9733f1
vcm_train_007140.wav,fil50_02105_ref_tagalog10_NEXT.wav,b7c69816d75dfd4284835bad1a818907608b3f460edeb2b7a77b58af1b7b08cd
vcm_train_007141.wav,fil50_12097_ref_tagalog7_BRIGHTNESS.wav,aecb4187de7d7d5a93be71973a518631d77bc91c87f4a7ef8e611e62fcb4e41d
vcm_train_007143.wav,fil50_13732_ref_tagalog9_LIGHT_OFF.wav,d57912538c9bd6dd95f2c3021628b66511080527993633379c184b662a19f3b5
vcm_train_007144.wav,fil50_08742_ref_tagalog3_NEXT.wav,309290aef42da0a69cc0d5674150c33887d1e4ea5f66d953da1bf6d854d6f41d
vcm_train_007146.wav,fil50_07813_ref_tagalog2_TIMER.wav,e5d720745f16259e5e6a2f39ea9355d5a6abd764698d30ca631ede5c891ac838
vcm_train_007147.wav,fil50_04619_ref_tagalog13_COLOR.wav,a10fff9881e2f50544f7b303b4455c3c267ee45b670c059b6c8701ee0ba941eb
vcm_train_007150.wav,fil50_05447_ref_tagalog14_STOP.wav,00271ff0adbd72d2f524132c64fb406af32a4e10f7287428039788b4623102da
vcm_train_007151.wav,fil50_06318_ref_tagalog15_CREATE_REMINDER.wav,92178fbc7a17104039e47bb33d2fb7068d97436b31d254c333c8c71e971877f4
vcm_train_007152.wav,fil50_07045_ref_tagalog16_TIMER.wav,3b7719b5614987903f1eb6f9f1a87e6810b400b3d276a9f3dc6709f3bd9bed96
vcm_train_007153.wav,fil50_03731_ref_tagalog12_NEXT.wav,023841503c4ff8056acf14c706db5b648a5f3fb2005ae9ffca23b600d4ef4446
vcm_train_007154.wav,fil50_00421_ref_ilonggo1_TEMPERATURE.wav,fc04ba78397a2043ee6c74afc3a2bf6db556926cbb6f79e22fc755ab47cfe906
vcm_train_007155.wav,fil50_11252_ref_tagalog6_COLOR.wav,4f111b4ecb8ae38eed9f5063caa8a685a52404c9f714a477da3f1077c4145f5e
vcm_train_007156.wav,fil50_10420_ref_tagalog5_LIGHT_OFF.wav,75a3b3e8b9ce3f5ad2bd9bf2fd08bd8bc105643d342b873b08a5ffe45579db49
vcm_train_007157.wav,fil50_02107_ref_tagalog10_BRIGHTNESS.wav,0bc9b41734f453820628931ffe758aa4294662bcdac13f4a0cc559c25dcf197f
vcm_train_007158.wav,fil50_12099_ref_tagalog7_PLAY_MUSIC.wav,1479d75a7ff36a2d00561ae41f98afa8903b4399c4419e7976213e2c3c2b0651
vcm_train_007161.wav,fil50_08744_ref_tagalog3_COLOR.wav,07b1dfd791f4571350a1a23653a2000537ddc296047853a8993614fd13a98e3f
vcm_train_007162.wav,fil50_01278_ref_tagalog1_CREATE_REMINDER.wav,cf5703181b2a940e6a3dc1fd8e4faccba6ea75d38462676ce7a75c626f57c737
vcm_train_007164.wav,fil50_04620_ref_tagalog13_COLOR.wav,85b2422b9b50c1587f3406fac91ea6c1526336ae37461b856d70410f3d53e7df
vcm_train_007166.wav,fil50_12939_ref_tagalog8_STOP.wav,0802e88e40f8affca2d4ecf781acdedd68d267f5f74a3bbf1cbe297d366fef4c
vcm_train_007167.wav,fil50_05448_ref_tagalog14_CREATE_REMINDER.wav,9c457c98e5b05352d63b2fab207c4ddb7badea9770999e21e4cc592153542af7
vcm_train_007168.wav,fil50_06320_ref_tagalog15_LIST_REMINDERS.wav,a7d57c0cd0fa49d0eab9edb90c04132ff6e40f5997bd80a36f7cb0ff77c7a24f
vcm_train_007169.wav,fil50_07047_ref_tagalog16_NEXT.wav,12805ef475f035656233952b6d5acc3305a61bfb82bd767abc988e6cd6c0aa72
vcm_train_007171.wav,fil50_00422_ref_ilonggo1_NEXT.wav,af50cc43b2740720cc5f1e5318a9effee76ec3a6b8eba73b981e25e831e9074f
vcm_train_007172.wav,fil50_11253_ref_tagalog6_VOLUME_UP.wav,1b287655e4727d177a2003d256110a185df6d4595c205c355e75c8f070b1248a
vcm_train_007174.wav,fil50_02109_ref_tagalog10_LIST_REMINDERS.wav,7493e2f7ad70aa84aa9ca04dc74b9b53f550c2e883dff13966c26d076c52591a
vcm_train_007176.wav,fil50_02924_ref_tagalog11_TEMPERATURE.wav,c4619b73abff667dbad1305a6f7e536215a54f0330581cb601f41b442d047133
vcm_train_007178.wav,fil50_08745_ref_tagalog3_TEMPERATURE.wav,b931aed268ec0a4f5895259614ee8668a8bff6000e9ef4be3e0c41544a706ec3
vcm_train_007180.wav,fil50_07814_ref_tagalog2_TIMER.wav,6b90f05a748dac15a92fa15635ed837f5797e3645e2bbf2f4e495012faba8654
vcm_train_007181.wav,fil50_04621_ref_tagalog13_LIGHT_ON.wav,56944aa45ba9e4beba0a2e1cc7d933b29f80e6a350c872512ce122cdeeffb5ad
vcm_train_007183.wav,fil50_12941_ref_tagalog8_COLOR.wav,637469ed51c37d733b2af0b08b0009fdf4ecfd89d1821a81a3b372712f863b7f
vcm_train_007184.wav,fil50_05450_ref_tagalog14_PLAY_MUSIC.wav,d608737995af05a2aabc114e31a9a48fe730801a6059f68a6e82201ef76e38ce
vcm_train_007189.wav,fil50_11255_ref_tagalog6_ALARM.wav,ad961d202976eebd988c61a8095887a2d08c5282f34cb94363d9a2d9c6d2769d
vcm_train_007190.wav,fil50_10422_ref_tagalog5_TIME.wav,7d3dfcbc775750a495432eefa6af1cc9e46abff6e2e83ca19ec918c9490de550
vcm_train_007194.wav,fil50_13733_ref_tagalog9_ALARM.wav,bc43683c01085911630df9c676217a60422164e52e18b23b615652793a23115b
vcm_train_007195.wav,fil50_08747_ref_tagalog3_ALARM.wav,9c8b21637537adf417b8c57ec0751cb39dac65ae16a8a27912bcea86e7b07571
vcm_train_007202.wav,fil50_06322_ref_tagalog15_STOP.wav,a8dc2cd9c232834c237fb51d2a1016737b16a04e1c64103c1aea9a9293391f11
vcm_train_007203.wav,fil50_07049_ref_tagalog16_VOLUME_UP.wav,434ad1f27ea65626ca291a4625f41225c3b70bb6f1e5e1ba84b808be1a87d4c5
vcm_train_007204.wav,fil50_03733_ref_tagalog12_STOP.wav,ca5870a140be31751cc3cc72e6d8a46aa6a5ae3b01d53207f3dbd03791df3107
vcm_train_007206.wav,fil50_11257_ref_tagalog6_NEXT.wav,b30663f29788bcf4f85a8361661eccef340166b13dcec8a6d0adda94c26b9537
vcm_train_007207.wav,,cbcbbf441226c27dcc525b3ae07cfa86af0a6ceef3da8ddfdcd02bf801661dee
vcm_train_007208.wav,fil50_02111_ref_tagalog10_BRIGHTNESS.wav,7f85683b25d9e768b3af6f1241cfb02c5f5fea55c0550b33af5a268eba3fa451
vcm_train_007209.wav,fil50_12100_ref_tagalog7_COLOR.wav,fa2d51d66cb4be53ef7d2eb832674e944898b886ba7b75f8a112d36d5ef177c4
vcm_train_007210.wav,fil50_02925_ref_tagalog11_TIMER.wav,05ca816032dc7d6018769869bc8c15e17131117d8ebb507715a21d92056fb91d
vcm_train_007212.wav,fil50_08748_ref_tagalog3_NEXT.wav,3f07618da5103fe7bc1f0c811b7a3e5bb7c3dcbbed2380da594ac17f7515b224
vcm_train_007213.wav,fil50_01279_ref_tagalog1_CALL.wav,1d8e1466472013a1e820ee15faf3dbb10c26b650620dd008a8cc43e2abfa639b
vcm_train_007215.wav,fil50_04623_ref_tagalog13_BRIGHTNESS.wav,2a90dc6279b24358a48b5409808a2af46148cd44f3e6053d5c210d98b77be25f
vcm_train_007216.wav,fil50_09555_ref_tagalog4_TIMER.wav,d9ac6f0915b8c2961fe50418244e33e42102c06d407e57b1a9fdc2c28a20efe8
vcm_train_007217.wav,fil50_12942_ref_tagalog8_TEMPERATURE.wav,2c01c81e28005918d3df5286b4bc7ed860c2b419449d03f9016796fc090605a3
vcm_train_007218.wav,fil50_05451_ref_tagalog14_NEXT.wav,97e6dd556753c578718b930dc457089a826639a419dac3eae3adf1c289dd6c7b
vcm_train_007220.wav,fil50_07051_ref_tagalog16_NEXT.wav,77d1eecc86fb6d8357cb71cdb7fba58ad1d7ccd13a324d6a53e1b3e550f4af3b
vcm_train_007221.wav,fil50_03734_ref_tagalog12_TEMPERATURE.wav,a77d5702a3f860915578ef888ced42c495285daa98ece06476e3a95fc8a5bab3
vcm_train_007222.wav,fil50_00424_ref_ilonggo1_COLOR.wav,358026dd77717463fbdb9cfa8398d831f0881ea8de6440de87e571c158846ab7
vcm_train_007223.wav,fil50_11259_ref_tagalog6_ALARM.wav,59c307dc8cf747c192faa5b852644e97259a0121dfc1b3ddada4c9e245296e53
vcm_train_007225.wav,fil50_02113_ref_tagalog10_TEMPERATURE.wav,e3e29bbe013cd1ce481f2de18125897616e92d6b8dd345f8a62b479501ecb263
vcm_train_007226.wav,fil50_12101_ref_tagalog7_NEXT.wav,45dbd1ae94a1326fe782c516357ab062625bc331ec0c93aefbc5c04e829d4b0f
vcm_train_007227.wav,fil50_02927_ref_tagalog11_VOLUME_DOWN.wav,cc91dd34446470134750a7dd1bc72c7a6a06b8dbccd9f77f84234dcd13ea79e6
vcm_train_007228.wav,fil50_13734_ref_tagalog9_TEMPERATURE.wav,dc571e2e2530483a9f0f8fe8d7000f42fe312be99063fdd654b47f2ff2165177
vcm_train_007229.wav,fil50_08750_ref_tagalog3_CREATE_REMINDER.wav,ec75400ff3668f6e02da22fc3de5285921b20027239c7d6216f63707fc709b50
vcm_train_007231.wav,fil50_07816_ref_tagalog2_PLAY_MUSIC.wav,410358429e070f78b0af79a9a97a70f924695b3c38018554817524efb6b5f99c
vcm_train_007233.wav,fil50_09557_ref_tagalog4_LIST_REMINDERS.wav,d54ada77f67605be97124a68c474e3b12470e5e40066cc318713ea6b6ef8de9a
vcm_train_007235.wav,fil50_05453_ref_tagalog14_ALARM.wav,535fb70446ba4b2c299ad2690f98ce81d6ede980389873df022d4829b72e260d
vcm_train_007236.wav,fil50_06324_ref_tagalog15_STOP.wav,54a3b6007a32619beac2df9741bb13b024f89d3d40d17ab0945f34d3da57ebc2
vcm_train_007237.wav,fil50_07053_ref_tagalog16_WEATHER.wav,f6936b093b723a0435bd60c8029c1ca7173f1be99b6a686467d1e8e6d2d1fc37
vcm_train_007238.wav,fil50_03736_ref_tagalog12_ALARM.wav,aec5b5d3d869676f6fb62b51985d081333ed48165927d0225c7c9a883ea4bebe
vcm_train_007239.wav,fil50_00426_ref_ilonggo1_LIGHT_ON.wav,94ef3b82813043318fd53aa8428630709def1dac9fdb7f93fc085ceed4bd2487
vcm_train_007242.wav,fil50_02115_ref_tagalog10_BRIGHTNESS.wav,fba49e8c70af75ef9ffecf50e25925a5bd9b640164534dc210027220c668a785
vcm_train_007243.wav,fil50_12103_ref_tagalog7_STOP.wav,8a4ca959d0919fb09db37c40a5eb0295be30fbf636fdda3db6ae55f123597297
vcm_train_007244.wav,fil50_02928_ref_tagalog11_TIMER.wav,5c6503d2b3fb61d287b72b85a1261319508e730797a284e12173d3f8b144235f
vcm_train_007246.wav,fil50_08752_ref_tagalog3_STOP.wav,0b7737379d42279eaaa4ac8e297f910d958851d740e327da1b885686bc247da4
vcm_train_007247.wav,fil50_01281_ref_tagalog1_STOP.wav,6efd769549c305663c9898cc95b667177aa9afd4d54c687e1099140829254283
vcm_train_007248.wav,fil50_07817_ref_tagalog2_BRIGHTNESS.wav,063b61fadb308bfe64d7d0804e0197d75ab2ba39852d8fe05b83a984e6a42eb4
vcm_train_007250.wav,fil50_09559_ref_tagalog4_BRIGHTNESS.wav,18f348b60f4fa3c9ab8c791f96779a9b3aac2e2abf3c769420dff9e76a0b8ae2
vcm_train_007253.wav,fil50_06325_ref_tagalog15_LIGHT_ON.wav,f887decc73ecb645a01373be4433d6d8f2f6a3a3e5cb0cfe8c9ca491fa3169a5
vcm_train_007254.wav,fil50_07054_ref_tagalog16_VOLUME_DOWN.wav,44f9045db6383225e1d35b792fd51e37209bb6cad3c4e4a5a9b648138db8fb04
vcm_train_007255.wav,fil50_03738_ref_tagalog12_ALARM.wav,40098b2d1f0015d80b3f66d80c6cc49c9cca15eb5c5591c1d984e756b33b31f9
vcm_train_007256.wav,fil50_00427_ref_ilonggo1_COLOR.wav,c616b09e92279b4181b1647937d4559dddb2b40ebe396121a09653ee84d661d0
vcm_train_007257.wav,fil50_11261_ref_tagalog6_PLAY_MUSIC.wav,5288b135b08e672c5939e9e98aadb1d6ae54d0ef9d76658b7fa6fafcf4fec916
vcm_train_007260.wav,fil50_12105_ref_tagalog7_TEMPERATURE.wav,3129ef2e9ccf08b58e4e1d403cc32d67998c2794eebd33c022632dab2156f285
vcm_train_007261.wav,fil50_02930_ref_tagalog11_TIMER.wav,7bb8e51851ebbeafbfe9f0cef5c9da60800e8b15933abfa87ef053d7d18a6f3f
vcm_train_007263.wav,fil50_08754_ref_tagalog3_PAUSE.wav,a8f30a823a552fecaa31db357fa079cba0585d6d547f8f70195aa46041af5854
vcm_train_007264.wav,fil50_01283_ref_tagalog1_TEMPERATURE.wav,7549f036cebd74e39804c4f6683e06f3222ced30237f003b526f41557f2b3ca5
vcm_train_007267.wav,fil50_09561_ref_tagalog4_NEXT.wav,96f3507000972b1c49800c5485e8e29ed2206b42a2ee544dd81c9ec76269e832
vcm_train_007268.wav,fil50_12943_ref_tagalog8_TIMER.wav,cfb82ff84fea8b8a7a836bfa5f2c1c8a8c4038c54c39c953960d2a9be3b6ee39
vcm_train_007270.wav,fil50_06327_ref_tagalog15_ALARM.wav,6e43269308100158f3463a569b5a584ee5f1d3a2745dbc3374d7caadb1281a40
vcm_train_007271.wav,fil50_07056_ref_tagalog16_WEATHER.wav,8ef50034bd03f6fb9cca94e98627ba6f14bc816b42d5598fa72348c4fa5cf84f
vcm_train_007274.wav,fil50_11262_ref_tagalog6_COLOR.wav,062a76b96b7d5b6739716dd841312e066591603f706648fbb5f7d8561ab59de7
vcm_train_007275.wav,fil50_10423_ref_tagalog5_LIGHT_OFF.wav,1e9e3043450afe657ba39b464b82bc1ef27cb7279276a489a79d88df79c6db97
vcm_train_007276.wav,fil50_02117_ref_tagalog10_TEMPERATURE.wav,cb8063867ad3b91b3c9859a84a74ec097971069807b79a156b10e8ee76dedb73
vcm_train_007277.wav,fil50_12106_ref_tagalog7_COLOR.wav,39d8e9bd5ac099022b68a3efcd8f07726d3d74047d1ad0c956347204fb097217
vcm_train_007279.wav,fil50_13735_ref_tagalog9_LIGHT_ON.wav,5d400bbce6a17fc86e02ce91c5bbeb2bbbbc57112a1cdfe21f34e290cc41035b
vcm_train_007281.wav,fil50_01285_ref_tagalog1_PAUSE.wav,9706c75878602e848c3d9d0868ccf03eadc3e08e0e56a56ad616f4a866ea8a02
vcm_train_007282.wav,fil50_07818_ref_tagalog2_WEATHER.wav,d30fb0d81df32b48d84227c9f536a8240b281df5ae16944738f218d21c5c9134
vcm_train_007283.wav,fil50_04624_ref_tagalog13_TIMER.wav,3df35576af1d90fb7a96b75ef65046c9251237d363a2a6aa5e51e28d55a046a0
vcm_train_007285.wav,fil50_12944_ref_tagalog8_TIME.wav,165cddd4890a11551d82ba98817c8bbe4048e6a45da32c1c9ff84b90d9d94f7a
vcm_train_007287.wav,fil50_06328_ref_tagalog15_NEXT.wav,15cb06e0f23a50dee2270b1d5fe2f1327391b6e8e987b5df94b21d2f081613a6
vcm_train_007288.wav,fil50_07058_ref_tagalog16_BRIGHTNESS.wav,29a16f5666780cf1681a66f5bb2a36cd3744bf5555187702d8c115cf9799ea81
vcm_train_007291.wav,fil50_11264_ref_tagalog6_LIGHT_ON.wav,3233924e738238d3fac03fd071350ee22bfc163c95575f2b572590157e92cd7d
vcm_train_007292.wav,fil50_10424_ref_tagalog5_PLAY_MUSIC.wav,c99f7d0b7f35697b30ad4bf345737191a85fb1e84c225635f396fd16e9648a3a
vcm_train_007293.wav,fil50_02118_ref_tagalog10_COLOR.wav,fed48fad0456d80ea1b787d800f1a4e801d1698ffdffc0e4be796de35289cbc5
vcm_train_007294.wav,fil50_12107_ref_tagalog7_TEMPERATURE.wav,341a7f7d056a8e766c4b3bc845df19f0aff9bcc83246d3cac53c89038dadc53c
vcm_train_007297.wav,fil50_08755_ref_tagalog3_TEMPERATURE.wav,a670506ede2bd605e6b4c189efcd008021294a70a00d246ccb62b1f2b30b7e89
vcm_train_007302.wav,fil50_12945_ref_tagalog8_COLOR.wav,4a531e599ffb099ad8569349391016f755e8af942bbdad6a49af9be41339b4a6
vcm_train_007308.wav,fil50_11266_ref_tagalog6_STOP.wav,9a77a6b71d89f8374f4a7fc9be4c4ed2d22af109131a058b9fce37c1bc983f7a
vcm_train_007309.wav,fil50_10426_ref_tagalog5_VOLUME_UP.wav,acec832383ab835103cc6431d661b96db233076478ca980dc1123a315828e35b
vcm_train_007313.wav,fil50_13737_ref_tagalog9_LIGHT_ON.wav,ac65d7bd0746496b52a4bbb46e35804d789db2bfd8b31c64d03122a51540fdd8
vcm_train_007314.wav,fil50_08757_ref_tagalog3_STOP.wav,bb1bc2e47eab1cfcfaeb04903b559ca9ac72ff6fdae103e3d7ad87944b7b267b
vcm_train_007315.wav,fil50_01287_ref_tagalog1_VOLUME_DOWN.wav,5d85179006ab561ffad93c472d780e601518ec24b447ee599eaa3c3703b49ccb
vcm_train_007316.wav,fil50_07820_ref_tagalog2_NEXT.wav,d04e0ce4c64d70a9f1b4298aa3c857602101e5ca677855d5700b9d2fff0f3f87
vcm_train_007317.wav,fil50_04626_ref_tagalog13_TIME.wav,e662ba2ac53f950d1ac2f4fc177bf2494f67bbb923d7bd3542c5c8fd298aaeca
vcm_train_007319.wav,fil50_12946_ref_tagalog8_BRIGHTNESS.wav,125728f4b6d305478d0c1227d913f63f1128020539ea8b2c86972ac71c72dd1a
vcm_train_007320.wav,fil50_05454_ref_tagalog14_COLOR.wav,abfbfb4b4c34f3189b7d7767aedb741c4dd4273b65929d538a5adb72b48e9522
vcm_train_007321.wav,fil50_06330_ref_tagalog15_ALARM.wav,2109eef674db9f0a6f3c95a8f90e932a5cf13dbec402a14186bc644d38b34552
vcm_train_007322.wav,fil50_07059_ref_tagalog16_CREATE_REMINDER.wav,91419adeb90cf29e06a1a056ae008146eb9ffbe6bde55cb1a8f21dcb660c2512
vcm_train_007323.wav,fil50_03740_ref_tagalog12_LIGHT_OFF.wav,89aa7be7c1a0024a2328eea0fb850096d38008183faae638ad927442b3628e82
vcm_train_007324.wav,fil50_00429_ref_ilonggo1_LIGHT_OFF.wav,dc7964a91b9a685ad064be0a5c94a93c638d57a109d762bbcbdf5766f416a2ee
vcm_train_007325.wav,fil50_11268_ref_tagalog6_ALARM.wav,802c7790b77a874962f991c54d631399b03690d0d6f362dfc65fbf97ae608d41
vcm_train_007326.wav,fil50_10427_ref_tagalog5_NEXT.wav,78472cb11312bac0d3c42a9880499ad7441f505b7519e61f9a57c4032110fd75
vcm_train_007327.wav,fil50_02119_ref_tagalog10_TIMER.wav,19771dbbe3f9ab9687b9e764b777f74087857b5386ca02223b6483e33a35f93e
vcm_train_007332.wav,fil50_01288_ref_tagalog1_CREATE_REMINDER.wav,70929daf1320b49816de175066816194c094288799a2eb7d5d491db7bc83cbc6
vcm_train_007334.wav,fil50_04627_ref_tagalog13_CREATE_REMINDER.wav,a208f96a50d63d8c8c367599994e071bf9ab7d05db74779daeab8e8534714e62
vcm_train_007335.wav,fil50_09562_ref_tagalog4_WEATHER.wav,6e6e158407034e7c41cf874ac91086ef471f83fe80a688eb103915de16813d47
vcm_train_007337.wav,fil50_05456_ref_tagalog14_TIMER.wav,a8f33c161674481a941e5765b22bad3822951fef205992ed3ad236b2ae65b931
vcm_train_007339.wav,,454eeb9a326e744b0dd6969db511da8574f6caf920c6df759778cecd9cbd7003
vcm_train_007341.wav,fil50_00431_ref_ilonggo1_TIMER.wav,2be8d01c26966e37d27fc68f301bce4bbfbafc669c88da3e56ceafc5440d4eed
vcm_train_007343.wav,fil50_10429_ref_tagalog5_PLAY_MUSIC.wav,3603b7340acbb4c907fa55541ba54e27308679566b212d6242a53a7372981714
vcm_train_007345.wav,fil50_12109_ref_tagalog7_ALARM.wav,7a6fde112e84e2c77a49ce206339f955444439daf4f4f82c04b16e369c504ba7
vcm_train_007346.wav,fil50_02931_ref_tagalog11_COLOR.wav,fc8f54ddb6e66cd3a52ec3f2ac01aa75479d39285b574eca3ef1671850155033
vcm_train_007347.wav,fil50_13739_ref_tagalog9_NEXT.wav,eead6644a9c616a23f6f1795aeb16a1b42a5c7fd035984b2ee72de7cc1d8c029
vcm_train_007349.wav,fil50_01289_ref_tagalog1_NEXT.wav,51403956fc452099437dd91d0e27700f5fac6fcb9c18125df7209f114482ff17
vcm_train_007350.wav,fil50_07821_ref_tagalog2_NEXT.wav,e37127690f997ae48eae659d17ca15edf2818add879f6e7fbd0fcf894c04407a
vcm_train_007352.wav,fil50_09564_ref_tagalog4_TEMPERATURE.wav,12b874eac94d41bc82bb7fc6641040d2582281945c066e6a32aa632557ebf4eb
vcm_train_007353.wav,fil50_12948_ref_tagalog8_STOP.wav,ab3ea83c44f6ab93845d1aeecdafd26acd45bcfaf6220354ebf1200f81415325
vcm_train_007355.wav,fil50_06331_ref_tagalog15_BRIGHTNESS.wav,1c418dcaa9f86fca221ea6475463d47621099dbf0c89870f8e05f5ec307e5eab
vcm_train_007356.wav,fil50_07060_ref_tagalog16_COLOR.wav,832593a0447d03e8321ad4346835579611d7ccaaf3f2517d109bc2b0d28329ab
vcm_train_007357.wav,fil50_03742_ref_tagalog12_LIGHT_ON.wav,58f8f553378ffe8885492d91f8dd50828225f8769ac20a4efba54f31c7e7ec51
vcm_train_007360.wav,fil50_10431_ref_tagalog5_LIGHT_OFF.wav,fe272adc9359350dd7f212ad21dcf79b7bb25a0bfd8b9fd947cff04f9adc432c
vcm_train_007362.wav,fil50_12110_ref_tagalog7_MESSAGE.wav,6587f537aac380a6b3af6992289b31845591a54ea0dcfe1dda0a7389f6b8d2e7
vcm_train_007364.wav,fil50_13741_ref_tagalog9_LIGHT_ON.wav,e2b7237d02a9e8458567d79ab13ba4085e24dea4afa6e29814998945050dd5af
vcm_train_007365.wav,fil50_08758_ref_tagalog3_TEMPERATURE.wav,89597d895d8f1d2293507881b3bd738f187a94c58a6c54b1630800176a0b8bd9
vcm_train_007367.wav,fil50_07823_ref_tagalog2_CREATE_REMINDER.wav,94d0cfdee9ece5a4a90031000471f13e5f6deddb3a0a01bde4c173205f8d95c6
vcm_train_007368.wav,fil50_04629_ref_tagalog13_NEXT.wav,c7accb5837669afdf90ae102bd46a212c17903503c3809a78a9860dffdc4fbf1
vcm_train_007369.wav,fil50_09566_ref_tagalog4_NEXT.wav,7130810de03a636366ab7599ea63434e3f83add0b3f25bae66e8c2449d0f3db5
vcm_train_007370.wav,fil50_12950_ref_tagalog8_LIGHT_OFF.wav,b0b637b631d4e66ed0a60b6c0334720220367c93a64a3f1e3c2964e826a95a64
vcm_train_007371.wav,fil50_05458_ref_tagalog14_MESSAGE.wav,ae1d0d3c6bc2dba8fe94609e4b37831e790b20e3c732dd555798a498d1f23df9
vcm_train_007372.wav,fil50_06333_ref_tagalog15_COLOR.wav,6df5c62c9bcf4a604889cbba77894c2e61f86d52863cb83a2c412f25848667e8
vcm_train_007373.wav,fil50_07062_ref_tagalog16_TEMPERATURE.wav,cfef8096c5d3b13e44571dedf324c369ec947ecb065e7dab61722fe6fab33709
vcm_train_007375.wav,fil50_00432_ref_ilonggo1_LIGHT_OFF.wav,5945f4f68b9ea0d7c61b1eeae5a2ab86559dbfb98bde36824c7294b9da349249
vcm_train_007377.wav,fil50_10433_ref_tagalog5_VOLUME_UP.wav,4f8d6152a41e484572f709176074571ca1837c6057a6e8c160124da31cc632a2
vcm_train_007378.wav,fil50_02121_ref_tagalog10_TIMER.wav,e492986a369555f7ede26061bb1cd294d35cdb725c133a3129127c39b7119f16
vcm_train_007380.wav,fil50_02932_ref_tagalog11_TEMPERATURE.wav,f7eb840affa916c370e03ea57f3dbf9b00105a549e54615b87f9ef85f9c39b50
vcm_train_007381.wav,fil50_13742_ref_tagalog9_TEMPERATURE.wav,f6dc15bd239a4c8670368fd316ff0b8830cddfda01c6f924b066906d4e965b31
vcm_train_007382.wav,fil50_08760_ref_tagalog3_TIMER.wav,bd902332f8dc665ed918ba885f56cfb1dfc78f9c59c52b8721b2c02688fd0e72
vcm_train_007384.wav,fil50_07824_ref_tagalog2_LIST_REMINDERS.wav,6b48d5535def2cb9a132173d74378c49110b911da67ac24a38698e40ca5476a8
vcm_train_007385.wav,fil50_04631_ref_tagalog13_LIST_REMINDERS.wav,b8627a74269c3a5ba8b217a0df279bcbe2eba9321434824d8f38cea1491fd767
vcm_train_007390.wav,fil50_07063_ref_tagalog16_COLOR.wav,ba58beb5563fba36d842e9b2770cb3458f2d047cc98036b1054a598b41b34ca4
vcm_train_007392.wav,fil50_00434_ref_ilonggo1_VOLUME_UP.wav,c8394fc1005c67b288524f1844ff776451dc8c0ed24a5cae651d959cc7ca62b2
vcm_train_007396.wav,fil50_12111_ref_tagalog7_NEXT.wav,b7aa898ea53aa413b2c424a1a3c567fd0fd6aa6aaff036261052bed60022bd72
vcm_train_007400.wav,fil50_01290_ref_tagalog1_ALARM.wav,c9b44a6657c4b6be52f8a73f99c8d32303dd48bb4c9b0c1af713e83e6609357a
vcm_train_007401.wav,fil50_07826_ref_tagalog2_NEXT.wav,451ef24047aa8a4470997bb3949a43d7269f28ee9e21592ea86c075c5712b5e0
vcm_train_007402.wav,fil50_04632_ref_tagalog13_WEATHER.wav,e7ac00f3053fcae9ab66eafe8889fb7b1eb134fc898fb60454b549cba51c4407
vcm_train_007403.wav,fil50_09568_ref_tagalog4_LIST_REMINDERS.wav,0c2a0c08a17e90a2f5393c7830db6293ec169dd64ed91e6d68642867930a0670
vcm_train_007405.wav,fil50_05460_ref_tagalog14_NEXT.wav,b198f974b295d3dac80297736b270a9446e2ed1519c8e52019a37ba7f4ecf855
vcm_train_007406.wav,fil50_06335_ref_tagalog15_ALARM.wav,b475b2b39d438011b3842513863aff7703ce9c8c40a720eb5927a7bb4f76cf88
vcm_train_007407.wav,fil50_07064_ref_tagalog16_STOP.wav,31ca983d357570d8a57e35158d08d2d6437e8d0e0df03cfff9e1513a422f4597
vcm_train_007411.wav,fil50_10434_ref_tagalog5_STOP.wav,cd7be520ac354551b01f94054db67b6731053df5d9f997635380f05d3845df66
vcm_train_007412.wav,fil50_02123_ref_tagalog10_PAUSE.wav,506fe3d14ee222c732c5673b48134000a5c499e38647c95b066746cdbe70f11d
vcm_train_007413.wav,fil50_12112_ref_tagalog7_TEMPERATURE.wav,58facfe85d50eeb005f049be893a7709b003c306da25bf456bb75413731a17e5
vcm_train_007414.wav,fil50_02933_ref_tagalog11_COLOR.wav,0890e7660548aa2eb757fd6773c51e089b6f2df441b4f7888712a1e18948ac3a
vcm_train_007415.wav,fil50_13743_ref_tagalog9_COLOR.wav,f64346eec1611f1c0c59452efc7c6dc8ccc8ac5d6d72f2fc9f6f4fead3049ceb
vcm_train_007418.wav,fil50_07828_ref_tagalog2_VOLUME_UP.wav,8367398952ff7f3735f540766d97ecda1cab6a1c08f13fbeaeb4766b4f18e54c
vcm_train_007420.wav,fil50_09570_ref_tagalog4_TIMER.wav,22b08a10e210b09fc3b7efc375222d7f016c7981f9bd646ba7bd18085f841f5c
vcm_train_007421.wav,fil50_12951_ref_tagalog8_TIMER.wav,1e207e50eb70b87f08cf94373fe989258e7148ab37f26c8c424901f96447f318
vcm_train_007424.wav,fil50_07066_ref_tagalog16_TIMER.wav,3a89c906987e62f095e3e3d19fba6e59cf2a1741adb7e1434066d5ad14e9af24
vcm_train_007426.wav,fil50_00435_ref_ilonggo1_TEMPERATURE.wav,1e499e77260df2c0f1198a27d6229b922a8f6dd53f856088e8b3f4e133a2eefb
vcm_train_007427.wav,fil50_11270_ref_tagalog6_TEMPERATURE.wav,18c2563ee3e989f70e5a69c98762804204380107e24b084d96e12427269d5f30
vcm_train_007428.wav,fil50_10435_ref_tagalog5_ALARM.wav,1b6b631540237564bae50f3928f8c4e7251745ed1acc341e3285df02f9e09081
vcm_train_007431.wav,fil50_02934_ref_tagalog11_CREATE_REMINDER.wav,41b5dd4649ebc4498d60d7b7094f08beb0ea45e9f9233ee23a11ebf5f07013df
vcm_train_007433.wav,fil50_08762_ref_tagalog3_ALARM.wav,63f8b715926d2a9f48f6c3e0782d66e32c7b5938a6323d9d92a8c0dc0ba30bab
vcm_train_007434.wav,fil50_01292_ref_tagalog1_ALARM.wav,311ef345c6f91a6a81b161be72cf2dcdfe1c0947da1cf580bbec1008490c211c
vcm_train_007435.wav,fil50_07829_ref_tagalog2_TIMER.wav,b8a5bf3b3d4edcbde1e1a41611dc2c5b94d53d54d4a9f63abdb75f49f1e01ac1
vcm_train_007438.wav,fil50_12952_ref_tagalog8_TIMER.wav,c81193d1ca5afaf8cc1cc30264c16448f8c1345584057a7ea37ee76f2bdcec8e
vcm_train_007441.wav,fil50_07067_ref_tagalog16_PAUSE.wav,9dc0b668dc6f277770c482b639d52b00d274e5f94fc487304ca5a9adf87843fa
vcm_train_007442.wav,fil50_03744_ref_tagalog12_STOP.wav,8d8edbfe542b7c88feb7f26887d16a9097a741b7a031e6faf5cd1ca4d85ccd51
vcm_train_007445.wav,fil50_10437_ref_tagalog5_PLAY_MUSIC.wav,e319276362fdf196fc0bcf6ca09d7926de7b884cff39ca49838995fe7cce809a
vcm_train_007447.wav,fil50_12113_ref_tagalog7_TIMER.wav,be39abe435e2990bc7cad9078762966b48a8290522730b96ef4b86c92925d7d4
vcm_train_007448.wav,fil50_02935_ref_tagalog11_COLOR.wav,3ca485174b8e29d5ddc1b8003fa0229e9f0685786928dd8be59fade4fb8d21dd
vcm_train_007449.wav,fil50_13744_ref_tagalog9_BRIGHTNESS.wav,a92febaf2e35ab02eb070ecaebf0c604631e0c0ae7be80454bf209fe6ec79699
vcm_train_007451.wav,fil50_01293_ref_tagalog1_TEMPERATURE.wav,fbc16cd2e7e9b746e2f32aab383af62d59531c5c8a2ccc59e53890fa24fb0901
vcm_train_007453.wav,fil50_04633_ref_tagalog13_MESSAGE.wav,f7c078b64e581038b67f48db656dcd4b2c7733932bce2e012774e78e12fe6c37
vcm_train_007455.wav,fil50_12954_ref_tagalog8_ALARM.wav,788548d2c404b6414edd315eb08c8ca78167570fdd38c47538715b00ecf74e7d
vcm_train_007456.wav,fil50_05462_ref_tagalog14_VOLUME_UP.wav,12aa1c59d4679d073bcd823214b60ad7596a438c3314fa3570df2649abf05b3c
vcm_train_007458.wav,fil50_07068_ref_tagalog16_NEXT.wav,d47783e30a65253407a3db9a7e623724dbeac00a8ad3a8452dcd9ee02f7bc187
vcm_train_007460.wav,fil50_00436_ref_ilonggo1_LIGHT_OFF.wav,3926d2e87ae223a7c277900756835ddc3511e7b03e74450ad8bf13730cd1cfc2
vcm_train_007462.wav,fil50_10439_ref_tagalog5_CREATE_REMINDER.wav,92deae3b4effc831989e233cfcbe6ae6b7653a2a27811be71fa0ad3df90ee819
vcm_train_007463.wav,fil50_02124_ref_tagalog10_CREATE_REMINDER.wav,21288cbfaaf098cce3196f13f4c40751a384b35e254922a33b9986994b8807dd
vcm_train_007464.wav,fil50_12114_ref_tagalog7_STOP.wav,9d9b9b7b7daeb7f81b50aa3467103f14e8f6053e328f84045ed5c94e45210220
vcm_train_007465.wav,fil50_02936_ref_tagalog11_LIGHT_OFF.wav,bcc02efc410636fdc5a23895858c171f088a8d7012a3592b9b5fdf7bdbe8e47d
vcm_train_007466.wav,fil50_13745_ref_tagalog9_COLOR.wav,84942bff55dd292a572c5e29f0738896456a7d48485f51939f6a1fcee7863d31
vcm_train_007467.wav,fil50_08763_ref_tagalog3_ALARM.wav,7b2e370804c1ce15ee7df5df03ded70bc05361aa1720e4168e6dde6fb3d3b14f
vcm_train_007468.wav,fil50_01294_ref_tagalog1_TEMPERATURE.wav,6e08afe0c3806aa34a23e1e6ead138608c7e4ee9afe37f649c420fb1a9a510bb
vcm_train_007469.wav,fil50_07831_ref_tagalog2_TEMPERATURE.wav,ebc39790768b97fa46616d0a2c9e768d6a9b79fb91f2f19f518953e5a9dc583d
vcm_train_007470.wav,fil50_04634_ref_tagalog13_BRIGHTNESS.wav,caba5b357c8e0d82412508ef5f0a74b8cc32bd0dd38e915445ea18d99189916a
vcm_train_007471.wav,fil50_09572_ref_tagalog4_WEATHER.wav,389f0787cdbe8ec056788f9c70492831855ae7ebd779b7dc62812a6801f85ce5
vcm_train_007473.wav,fil50_05464_ref_tagalog14_VOLUME_UP.wav,1d41824843cbf2ee4d7047a36fb4059f66fd995dd5ae43d7f72fa954cb31224e
vcm_train_007476.wav,fil50_03746_ref_tagalog12_COLOR.wav,8f0bb0d9273965146f3036fa50694d184cf4b7058f77f526065bec5afbd2696d
vcm_train_007477.wav,fil50_00438_ref_ilonggo1_TIMER.wav,5295323e8601520164bd445d3ed1c51d415c3d63f6043ef1ec84d4ef6d8d928c
vcm_train_007479.wav,fil50_10440_ref_tagalog5_ALARM.wav,cbe3b40d042fc38cad327320394b4f5d704ebd4a893c7375a58d8022eed5e3d4
vcm_train_007481.wav,fil50_12115_ref_tagalog7_TEMPERATURE.wav,8bf8f8d89413ccb7b3185760fd349e4a63c5bebd3dce968887266bede514455e
vcm_train_007482.wav,fil50_02938_ref_tagalog11_NEXT.wav,7352fa9601cca8305c59165310f7b5c8ab5691c9b28e547bd59e3f8f3f4b40e1
vcm_train_007485.wav,fil50_01295_ref_tagalog1_TEMPERATURE.wav,c1fdafab5fc3f951a3c8dcf470d8fa0b5308a382c116967f47dd34afba8c5cf6
vcm_train_007486.wav,fil50_07833_ref_tagalog2_TEMPERATURE.wav,2c34772dad2e7209789a59ee50038f802517eb8db19418020facbbf4b5f29882
vcm_train_007487.wav,fil50_04635_ref_tagalog13_CREATE_REMINDER.wav,ebad825dbcf132f573063f59994e9a668b98cb8a4f0bab6668aee44d5ab32d88
vcm_train_007488.wav,fil50_09573_ref_tagalog4_STOP.wav,8fc0b0bb779fa4f4139a9f1287d033e8657bec6b736a32f8fb99d78cdb75909d
vcm_train_007489.wav,fil50_12955_ref_tagalog8_PAUSE.wav,b4dcc2f95e9c8abb7386d14f544d800786b0d4901fecc24154de36f7ba2463c5
vcm_train_007490.wav,fil50_05465_ref_tagalog14_NEXT.wav,78882bd3b610ab95c5125a091867d5aa38088598e45fa12a040fbbe8d9fa20b5
vcm_train_007492.wav,fil50_07069_ref_tagalog16_PAUSE.wav,ddd27318ade5dac9bab86a3ce73eb64989d5fd2881786c8378477353efb2cd81
vcm_train_007493.wav,fil50_03748_ref_tagalog12_NEXT.wav,fff49dd54de16a175b89d5bd5d06878ed9309146d5281d7a0450c892ef0be864
vcm_train_007494.wav,fil50_00439_ref_ilonggo1_LIGHT_OFF.wav,36266f7bb76ec8990e822051a7f40f2d84afb8a2cc507f3a39058d467ad75e44
vcm_train_007496.wav,fil50_10442_ref_tagalog5_BRIGHTNESS.wav,92f37a0bef654a29b1b7a32d7fabd6891fa3f3a633c1d468e6335d2094b3db38
vcm_train_007497.wav,fil50_02125_ref_tagalog10_TIME.wav,74397f375c59b970c4de3ef01b547ab6606ea66b6c6bd76fc308e7e402519c4b
vcm_train_007498.wav,fil50_12116_ref_tagalog7_MESSAGE.wav,1d02852fb6e13adeaeed8159fde9bb9de786120fbb85e1186ab0537959be5b6b
vcm_train_007502.wav,fil50_01296_ref_tagalog1_CALL.wav,4d13a42c6036f0d4503fd08d0a30f62ad889fc0f47681aa157c3d3bd6c96c438
vcm_train_007503.wav,fil50_07835_ref_tagalog2_ALARM.wav,1a330f3b933a618eed021825b76a77b12c4211d327f3ac2444d23292c76de340
vcm_train_007507.wav,fil50_05466_ref_tagalog14_NEXT.wav,f3248a27dbd0a20b5b93e12b2717757783a415c45e7b3b494d7981efd08eb6ea
vcm_train_007509.wav,fil50_07070_ref_tagalog16_ALARM.wav,02ca88afae58a4506482aecc0791bff90c0d33ec4c34af9f25c4f4ee1a377107
vcm_train_007511.wav,fil50_00441_ref_ilonggo1_TEMPERATURE.wav,147610e57c264022fdfa10488453999a98415ed5086d075323c54dd34a944678
vcm_train_007515.wav,fil50_12118_ref_tagalog7_BRIGHTNESS.wav,071850f5b1bb560b6483379ba13a8a8f8a004e755fad0a7c67a101923282f7b2
vcm_train_007516.wav,fil50_02940_ref_tagalog11_PLAY_MUSIC.wav,352a5c82c81002d56c5442867832a60290f34c17cf052c7049d3d414503ebb2b
vcm_train_007517.wav,fil50_13746_ref_tagalog9_NEXT.wav,cc15a2bbd4d95ae6755e532224ce7b93927926ea729f884533ec971ee8305324
vcm_train_007518.wav,fil50_08765_ref_tagalog3_STOP.wav,e925356dea2612812a5f99632046921b4da42e74f215cc030dc4e20ce09101d7
vcm_train_007520.wav,fil50_07837_ref_tagalog2_VOLUME_DOWN.wav,069708c2577dea1d023cd23a08e2be72f7c042f9d5472d5203fb93febc9b4bba
vcm_train_007522.wav,fil50_09575_ref_tagalog4_TEMPERATURE.wav,2b8e06cf524ba4e78fb7d6a1537e309e99a54875aa02509fe4441dbf0274dd07
vcm_train_007523.wav,fil50_12956_ref_tagalog8_BRIGHTNESS.wav,04e3c350177396223331d726aea5c551c8870986e9312bb25a78c300c18c5dd5
vcm_train_007524.wav,fil50_05468_ref_tagalog14_ALARM.wav,1be17e9062b71b0cc61ea2aa4954660dfceb036b295b5fbec4e24504d05df5ac
vcm_train_007528.wav,fil50_00442_ref_ilonggo1_TIMER.wav,6591cfe3e8ab230420e907817fb552ac54c8ba13f9cc26229cca01b0368f6a5e
vcm_train_007530.wav,fil50_10444_ref_tagalog5_TIME.wav,e05f551eb6c86ba16d1ebf28bb15cb65a3765c66a80d9559203a5d3dda264e10
vcm_train_007531.wav,fil50_02126_ref_tagalog10_TIME.wav,cecc504ef366e12ce9bb5b77b3914f323147016233e6f5a9d05e4890e8c2a702
vcm_train_007533.wav,fil50_02942_ref_tagalog11_VOLUME_UP.wav,70fe715bacb9ba5e8bc3720f3f34c738da54ff7854e21ab7187ba0c36c55b804
vcm_train_007534.wav,fil50_13747_ref_tagalog9_TEMPERATURE.wav,3425abd3f42fc6b4668427961e9d1ea4fd8eb3beb1592a98619990a4e2c601a3
vcm_train_007536.wav,fil50_01297_ref_tagalog1_PLAY_MUSIC.wav,6a16689cdb6b9cb1b4ec271d373fca991933114b61923060a8847493a04c13a9
vcm_train_007539.wav,fil50_09577_ref_tagalog4_PLAY_MUSIC.wav,69e1b41472795ba8ccf1882d4d4e898d37e5be15232b4a1cf4c1f77bed6ebce5
vcm_train_007540.wav,fil50_12957_ref_tagalog8_CALL.wav,c3d6368f30a16d480e8200f9943b370c3050c5289cff3be35da2a67a5e2ebc9a
vcm_train_007542.wav,fil50_06337_ref_tagalog15_ALARM.wav,df2d91057b7cb373a5c36709f132d64515c306378f2df498af9f25423861d488
vcm_train_007543.wav,fil50_07072_ref_tagalog16_ALARM.wav,4c71112ae699abfa25e2e69bca80f550b9947dca7a6e96ecd6c8945178094cb0
vcm_train_007545.wav,fil50_00443_ref_ilonggo1_MESSAGE.wav,4aae29ca9e63a23123c1cc3bbbe3111dfd4ede6d8d5cd1fb0e1b2d3909f247cb
vcm_train_007546.wav,fil50_11271_ref_tagalog6_LIST_REMINDERS.wav,73cc74e07933c3068187ee6c200d83de6bb7147c5d2ab83a68c1e79c37ce4840
vcm_train_007547.wav,fil50_10446_ref_tagalog5_CREATE_REMINDER.wav,782fa60d370adb735f25a12381b82c2da8aec683aaba340bc706beb5e02a1265
vcm_train_007553.wav,fil50_01298_ref_tagalog1_VOLUME_UP.wav,5b744f98676f53d9d1b3eedba088e5787e9311158342ff8055d59b0e293e06fd
vcm_train_007554.wav,fil50_07838_ref_tagalog2_TEMPERATURE.wav,87e4b0334b3ca1cf8ebe8490ab20b623d080089f1c713a4f1a6a3df175ea4cb6
vcm_train_007556.wav,fil50_09578_ref_tagalog4_TIME.wav,65be2b990ab1efd7821ab3b0ef9f4944fa406b71e63712ba0ce88349fee327d7
vcm_train_007561.wav,fil50_03749_ref_tagalog12_COLOR.wav,1acd203b226352d0ddd6585484bdd24e664853acd3c67d74c0fd7b54fd1d3e88
vcm_train_007563.wav,fil50_11272_ref_tagalog6_VOLUME_DOWN.wav,b637a24abc2a30d5c589d7745ba5dfb9254c20f4c49be9100f518d7f54b9eb11
vcm_train_007564.wav,fil50_10447_ref_tagalog5_LIST_REMINDERS.wav,aeae24d3556c33af4772b78acca8e41e1ea5e2836cbacde7ae4649c4fbe78b75
vcm_train_007565.wav,fil50_02127_ref_tagalog10_NEXT.wav,0d732c272f20feb362cbddb2b20319a980e7760461c834039ccc6a4de84be37c
vcm_train_007568.wav,fil50_13748_ref_tagalog9_PLAY_MUSIC.wav,dd6a92b0392970299cac54444f8b7800e25e8392497faf851a0256e14c8eebc4
vcm_train_007569.wav,fil50_08766_ref_tagalog3_CREATE_REMINDER.wav,086db38dafd24f41b945374b2c9e0e97605cf5c5cf950fd9e239bdfa2fc2a6f5
vcm_train_007573.wav,fil50_09579_ref_tagalog4_WEATHER.wav,fecd426e38b379eaafea74a8cd06e4856a3b4b9c57f9e709d75a9a3dc56d8396
vcm_train_007574.wav,fil50_12959_ref_tagalog8_TIME.wav,e51ddca3082a07f6b39b104b0773aa056d0eca226635f85ffe18fa2bc86a7295
vcm_train_007575.wav,fil50_05470_ref_tagalog14_LIGHT_ON.wav,0f04fd81f6dcb4f6012d230aecd2d588fa8ecc20ce1297ec23bd149778b56142
vcm_train_007576.wav,fil50_06338_ref_tagalog15_BRIGHTNESS.wav,da010ae94be8b85746089a152c2cf642046f1a0c3171691f492b1a562438139c
vcm_train_007577.wav,fil50_07074_ref_tagalog16_VOLUME_UP.wav,3dee9ae3146edab3971141e9a1ed70fd905cc1e034aa5f858276be084cc7d4d0
vcm_train_007578.wav,fil50_03751_ref_tagalog12_TEMPERATURE.wav,07d977f4ab3c5a0c89e15ebd74644e1a2f5b2181f7c8ad4399238d018396c81a
vcm_train_007579.wav,fil50_00445_ref_ilonggo1_TIMER.wav,05a099c36ae9a990dcc2cf4532dd8233280e6206b5d4e9dbd55c23ea31af3737
vcm_train_007581.wav,fil50_10448_ref_tagalog5_COLOR.wav,5d958a423a66658a0438f201634460e8306ec40f88f68188ce078d8fe03dfdf6
vcm_train_007582.wav,fil50_02128_ref_tagalog10_CREATE_REMINDER.wav,ce783929083bb8a106d2ea4ddf3cee2a873f3a236372e6a47ccee288f12b958e
vcm_train_007584.wav,fil50_02944_ref_tagalog11_TEMPERATURE.wav,8690309a02c742701fba66a7cea8566fa2396250e161676f7c19ca6f0573c5a5
vcm_train_007585.wav,fil50_13750_ref_tagalog9_ALARM.wav,7bc058392e1aca1ddfa2bd980227b9d67adf6a42ef656049e413e1c840d6494d
vcm_train_007587.wav,fil50_01299_ref_tagalog1_TEMPERATURE.wav,5241a4ca36d95eaa87d376ff1a3c0f715b405cc9423a006617c110840c89cfd4
vcm_train_007588.wav,fil50_07840_ref_tagalog2_BRIGHTNESS.wav,e501c6495c43029371ec47d181d75c9f180df68f9a4943a1c4e85cec03c703c4
vcm_train_007589.wav,fil50_04636_ref_tagalog13_BRIGHTNESS.wav,73e3d57cbb9da3aa1448c0b83fdb04709505835a43801c95f46cda632c49340f
vcm_train_007590.wav,fil50_09580_ref_tagalog4_WEATHER.wav,a82eeb1261555991d301a4045311ea73fd96780a0bbf115f8d982ee6a81fcea2
vcm_train_007593.wav,fil50_06339_ref_tagalog15_WEATHER.wav,17deb3dbf153e9bfb1ff8cdacd612450e031d4e2445be2c30c16d57b7a21017d
vcm_train_007596.wav,fil50_00447_ref_ilonggo1_VOLUME_DOWN.wav,a75c2240811747ca2c4b0b5dc1244963bc6bad83746b437cc11ad1935fd564dd
vcm_train_007597.wav,fil50_11273_ref_tagalog6_LIGHT_OFF.wav,fcfa78eb99e9da27e61d77f94b1d13f04617e156716db96f8888993bf337671c
vcm_train_007599.wav,fil50_02130_ref_tagalog10_BRIGHTNESS.wav,096f77a4d6737080fb32a436e86c73d4eb6fa3af941defc806961248f577fb9a
vcm_train_007601.wav,fil50_02945_ref_tagalog11_PLAY_MUSIC.wav,9be024943cdea293407fe540c7e815a555038a344e503b82bf7f7b1af8d8b7b5
vcm_train_007604.wav,fil50_01300_ref_tagalog1_PLAY_MUSIC.wav,6dae41578c0d950ffffc9c48911cd49b7e850fd7ec8415efb84c3d2d48d03273
vcm_train_007605.wav,fil50_07842_ref_tagalog2_TIMER.wav,560ab228b0b4efc62ae02e166beba54bd911ec6a42038c5ee50fb9a1094f45e7
vcm_train_007606.wav,fil50_04637_ref_tagalog13_TIMER.wav,0d636e61ceb33628a989c187ccaafa06aaa10f91f094ae8ec067dcf999a73323
vcm_train_007607.wav,fil50_09582_ref_tagalog4_TEMPERATURE.wav,ffeb6dc2a3f6c270fdd374bfcd92d93a7af4a3fa5e16192b3cf132f7657359f1
vcm_train_007608.wav,fil50_12961_ref_tagalog8_MESSAGE.wav,f9950cea9db92d9efaf727fe95cad773480a216b4a976bdf3bcb9529f21e4721
vcm_train_007609.wav,fil50_05472_ref_tagalog14_TEMPERATURE.wav,8c0fedda3c9bbb788b4c0f53c69d58d90b15f2040347ccda7e2998dfd55500c5
vcm_train_007611.wav,fil50_07076_ref_tagalog16_TEMPERATURE.wav,685d39f680335206b470a560e0f5f6bd520b2fa067d07b8a546fe2f6127b0a86
vcm_train_007612.wav,fil50_03752_ref_tagalog12_ALARM.wav,cd88df45a5dbeac8d128ac4ff1c0feaebe34ae0653933315cf91411df2dbbb00
vcm_train_007613.wav,fil50_00448_ref_ilonggo1_COLOR.wav,fd0c47b971d0777d9362b894bf0fc759ccba1bde9b4d5364929b36391455afe7
vcm_train_007615.wav,fil50_10449_ref_tagalog5_PLAY_MUSIC.wav,659d40fa0a36820cd4f2893fdb922dbe94f7a6d6c705c789ce8a5134a30d2c13
vcm_train_007619.wav,fil50_13751_ref_tagalog9_BRIGHTNESS.wav,38beb809da83770b36928f8ffd993f06966fc03683b7f1722463ab9c24e3d49c
vcm_train_007620.wav,fil50_08768_ref_tagalog3_TIMER.wav,be7b3147ae50b185dded48caf4a255d70d4b36f530b5d4936e9fc25f0e513287
vcm_train_007621.wav,fil50_01301_ref_tagalog1_TIMER.wav,9dfb9421553e4cf1a6f5d0c397c1e3cbd622d4ff9c61f14b073c8e77713b9d60
vcm_train_007622.wav,fil50_07844_ref_tagalog2_PLAY_MUSIC.wav,ece982fa268ad5e64133f3cfbd4840d07ac4148e38714a42bce8e3c768e838ea
vcm_train_007629.wav,fil50_03754_ref_tagalog12_ALARM.wav,586475593e1134f9844c5f626a3ed6a5ad24694d9340a53f97e09e12b6546f8e
vcm_train_007631.wav,fil50_11275_ref_tagalog6_COLOR.wav,8c31d4e59a4fe1125308bdba372bffd14eea2e9e3b494a34772ac27ffd580419
vcm_train_007635.wav,fil50_02946_ref_tagalog11_TEMPERATURE.wav,967e5ac287655d05fc0175905712452c66356c78913c4cf32960535d673e2e8d
vcm_train_007636.wav,fil50_13753_ref_tagalog9_ALARM.wav,e94a2b0bd676560d994920f2a28b072e3e156bf4e78df92bdf92e4c6f9bc41b6
vcm_train_007637.wav,fil50_08769_ref_tagalog3_COLOR.wav,b082e2759f184849098c9ccf83ce19eaa092e6b5262c19336413ad9c412429f6
vcm_train_007639.wav,,2b4b4f150a499573a1193774012e1b3df207897f802468bf027516e16da0dcd2
vcm_train_007640.wav,fil50_04638_ref_tagalog13_LIGHT_ON.wav,e79794d556f4f6339d00db41378b43ff62542314d0766c4b0e956cf244e6ea2c
vcm_train_007642.wav,fil50_12962_ref_tagalog8_VOLUME_DOWN.wav,581bf11be7ca486a19c9daedaa71f2fbd961d468157fc9b7f3727a82c67b3453
vcm_train_007643.wav,fil50_05474_ref_tagalog14_NEXT.wav,6d2318ece22b437820d2fbd82c44be2b2561284226448ef1e687f649103d53d3
vcm_train_007644.wav,fil50_06340_ref_tagalog15_TEMPERATURE.wav,6cdbcb73d4dfedec01d7212864811a797abd2b05d75cc4208e3d892013aa2782
vcm_train_007646.wav,fil50_03756_ref_tagalog12_LIST_REMINDERS.wav,8d70f61984e5e25bb9018c752d70065c05849394a6b523494256a9bb43f00340
vcm_train_007647.wav,fil50_00450_ref_ilonggo1_COLOR.wav,f57f787ec4eaa1c4c4b68806ff1975b77c6ea8794c0f3a8a147bbac143a0d25d
vcm_train_007648.wav,fil50_11276_ref_tagalog6_CREATE_REMINDER.wav,a8760dba640b935a1bc2c033a56113e0f965e16e96b302853c803c081b7dd13a
vcm_train_007649.wav,fil50_10450_ref_tagalog5_WEATHER.wav,ca3899fba18a9a0bcbeb5f251a351f6218994f5af5c8cf270fa6a34b45a6595f
vcm_train_007650.wav,fil50_02132_ref_tagalog10_LIGHT_ON.wav,55d9ac0cd1535f6f4cbfa5df3072ca653c25ebd99223af2cb92d4ed722d238f0
vcm_train_007652.wav,fil50_02947_ref_tagalog11_PLAY_MUSIC.wav,bb314da6d86d508bfe8288f6f7507fc15add398933ce567efec1e0b43558d69b
vcm_train_007655.wav,fil50_01303_ref_tagalog1_TIMER.wav,f14782e627914f54bb2cc8f0b39473c25b08f5469fd55a19225927f13676521c
vcm_train_007656.wav,fil50_07846_ref_tagalog2_TIMER.wav,79a185bb3f23fcc278d5badc42f472202c76c0f539d9e0e5149a823e53070536
vcm_train_007658.wav,fil50_09584_ref_tagalog4_ALARM.wav,4295892411f7f9874efc42ab890b4a9463bc6b4a7bcb4b58bd4c6e7e3deec09d
vcm_train_007659.wav,fil50_12963_ref_tagalog8_LIGHT_ON.wav,db70c5ce138aef4e9eb4d60f84ae1f660f5a829184934097ef8613aa84c36752
vcm_train_007660.wav,fil50_05475_ref_tagalog14_ALARM.wav,3f3d812b1c42eefc2122d45603baba978f0af97556c1cf0869a2b4ae9425cd42
vcm_train_007662.wav,fil50_07077_ref_tagalog16_WEATHER.wav,162fbd2425a04aaf2442faf098689b64e75da9221da73e01a13904f979c7bb4d
vcm_train_007664.wav,fil50_00452_ref_ilonggo1_PAUSE.wav,462891e29f4f45cb2a31646a0ba751e04a72d326132ba974a99e2b9d0deeb954
vcm_train_007665.wav,fil50_11277_ref_tagalog6_COLOR.wav,5dde6d9091e68a977695304c4c400ace06b9b47ab59e5bd980d491db2eee5b58
vcm_train_007666.wav,fil50_10452_ref_tagalog5_COLOR.wav,4e32e125822518950855ee7a47d2f2a468a38464511b5f53dbc797063a4c3020
vcm_train_007669.wav,fil50_02949_ref_tagalog11_LIST_REMINDERS.wav,3d59d71ea20a7018a0e5244d312222e7f583ca5eb090220802171590ebeb2d81
vcm_train_007670.wav,fil50_13754_ref_tagalog9_TEMPERATURE.wav,e471a408be8ad8657d995f6ecfb5bc5ffa666604e178adc72e374eeae28b8431
vcm_train_007673.wav,fil50_07847_ref_tagalog2_NEXT.wav,617a685670901365791167d733c7cedf7eeb23432838105c6a3fc5779d1da892
vcm_train_007677.wav,fil50_05476_ref_tagalog14_PAUSE.wav,d12cfce045e333e196d84de161bfb823886c66ed611fe3628ae96f4c774406d6
vcm_train_007679.wav,fil50_07078_ref_tagalog16_TEMPERATURE.wav,bddb2dbb91812b0e0f6c8fb9a18ea8a0fc01ef38c8e28ff1950e52bd720f10b7
vcm_train_007680.wav,fil50_03758_ref_tagalog12_BRIGHTNESS.wav,dd993b8d8754f77ed09221ca848e33e4be664ce3772df943100ed1820a03dd16
vcm_train_007682.wav,fil50_11278_ref_tagalog6_TIMER.wav,70d3394190bb39b122163f3d75cda787c960ba1e6358a27ed418343667ad6efe
vcm_train_007684.wav,fil50_02133_ref_tagalog10_CREATE_REMINDER.wav,f77bfd0b4a29933662a6f39d71254619202594848290c52d3c278a1eed914e3c
vcm_train_007685.wav,fil50_12119_ref_tagalog7_PAUSE.wav,62c1e8b67104468e3d6af9102331945eb0a4c3a652135b131a77d391ed3ead76
vcm_train_007688.wav,fil50_08770_ref_tagalog3_NEXT.wav,d8c85790c05f6bee602ea0fb40877ba04bbd8c53cbcae4e58ea1ebf253176d0b
vcm_train_007689.wav,fil50_01305_ref_tagalog1_TEMPERATURE.wav,198a700def2ff73e7a1ad511a000de78b07a9d48f9027e015ec579f2388c5115
vcm_train_007691.wav,fil50_04640_ref_tagalog13_TIMER.wav,7cbb126294c030c5a8f27e0e04bcd028110ff1a659a597ce6df429aa566617d1
vcm_train_007693.wav,fil50_12965_ref_tagalog8_COLOR.wav,ee5ad3bd29bd84acb8f4e991ef0b27fa8fa153db283a51b8413149409bd592c5
vcm_train_007694.wav,fil50_05477_ref_tagalog14_TIME.wav,be0dfa0ac0e2b14ae1181e739fb1da5ced5617bf1b5684f472dc4184d2c0384e
vcm_train_007696.wav,fil50_07079_ref_tagalog16_COLOR.wav,f1ff804c9e4279aff6ce0c20b28a9993029c726a9e48d5ea71dc07757e8eb00f
vcm_train_007697.wav,fil50_03759_ref_tagalog12_TEMPERATURE.wav,2da3dcd5bdf88ba2187b3832c4282d14dc29b3f8d7e13acef11040f258be79a9
vcm_train_007699.wav,fil50_11280_ref_tagalog6_TIMER.wav,aa0bc1084ad80db7eb32318e3f02cc285b5bd46d97092ea17db75d87065a657f
vcm_train_007703.wav,fil50_02951_ref_tagalog11_NEXT.wav,75d7fb0d648f8cce5bfea348fe893156b37c4f9d960bfe8681afbab32b9c71b7
vcm_train_007705.wav,,bee1d4adbe4cd1c1219a6c07b870a581de7b3e6b4a3f2bf2760ddf64d960946f
vcm_train_007707.wav,fil50_07848_ref_tagalog2_MESSAGE.wav,28df5a5ec08372268fab90e1a5dd6770772c26318a8114e9b579fbd74b750b08
vcm_train_007709.wav,fil50_09585_ref_tagalog4_ALARM.wav,5499b9ab01ccf827a8e0d25a40a0a0623a644950fdd78f93ca88a4d122fa6447
vcm_train_007712.wav,fil50_06342_ref_tagalog15_CREATE_REMINDER.wav,e0cc31da08b959f7de5ee210d2b88fe23dd53ea269f1bc35c9a9d8e0741f7c7d
vcm_train_007715.wav,fil50_00454_ref_ilonggo1_VOLUME_UP.wav,c2230ef3171571245399a1ef6bd25153ea3dbb22f28629d3a8bc13358347f346
vcm_train_007722.wav,fil50_08772_ref_tagalog3_BRIGHTNESS.wav,f88fd6d6c741134c9a27348b9f193a59ed03c83a12a72b7eb52010ffb7fef915
vcm_train_007723.wav,fil50_01306_ref_tagalog1_CREATE_REMINDER.wav,5ce1f1f27abb50f4b8cf8c9daa5751e70421c9338c839aa94664e014784f33d0
vcm_train_007724.wav,,d8e02c04dc55a43ae6137406fe5c08f7599424cf72bb0f543619f54a926eb2e5
vcm_train_007726.wav,fil50_09587_ref_tagalog4_TIME.wav,894b6138a0cce3437bd36bb66caea747befb12596620bfa0c68558aa316e4042
vcm_train_007727.wav,fil50_12966_ref_tagalog8_VOLUME_UP.wav,d7e4a05fe1b802d71a55c25efafcfe2a6d9e9e51ef46e9bf86588eb8703bf21b
vcm_train_007728.wav,fil50_05478_ref_tagalog14_WEATHER.wav,67776a8ba1daf39b5ecd79e0fae2df09f8928ef9b35c2ae7aed606e425671a36
vcm_train_007729.wav,fil50_06343_ref_tagalog15_MESSAGE.wav,6c3a7312cd1ad4fe3c9d4fc28e32d9734044e44d0d82460bd50a39e234347cfd
vcm_train_007731.wav,fil50_03760_ref_tagalog12_PLAY_MUSIC.wav,3827868d2805aa85d945224f3821badce14d582a03475fc8eccbac638ffb8825
vcm_train_007733.wav,fil50_11281_ref_tagalog6_TEMPERATURE.wav,23ab6009fb7fb7582bebfa06152c88a8fb6dbfd0ccb9049c8122bb11f858c510
vcm_train_007734.wav,fil50_10454_ref_tagalog5_CREATE_REMINDER.wav,5b520f406a15c63ef5075ef8506fa65ce851bf116f1e41cbdfae6fceed47b85e
vcm_train_007735.wav,fil50_02135_ref_tagalog10_ALARM.wav,311a85b2a37b5410343aa02786bc76d188b5983412b57b6b869d288540e74c13
vcm_train_007736.wav,fil50_12120_ref_tagalog7_LIGHT_OFF.wav,2c29a92bb5c165f355f090194251e8c28ad8111dc6259cb7104c40a8362dbf75
vcm_train_007738.wav,fil50_13756_ref_tagalog9_COLOR.wav,ada8423a58b849fe3333b191f014b2f2809a5675728931830adef6ff3362cfc5
vcm_train_007740.wav,fil50_01308_ref_tagalog1_PLAY_MUSIC.wav,b4b5e6bba7250b2950e0e5b9aba27ba55040e3edd04b555f5b8f9cca80c655cf
vcm_train_007741.wav,fil50_07849_ref_tagalog2_LIGHT_OFF.wav,8aecb6dce43cebf165f24e1e087758a81ca6c1d462b92070edb54e5e7724c0ea
vcm_train_007742.wav,fil50_04642_ref_tagalog13_TEMPERATURE.wav,3e0cf8b5699633f36e68d3513439c0400b6b2df75e07eb57b19bc4e8a19b91ef
vcm_train_007744.wav,fil50_12967_ref_tagalog8_BRIGHTNESS.wav,705796eb7f6dfb108403bf69cca9f65a13be23e0ccb17ef90c730b61e6c408a1
vcm_train_007745.wav,fil50_05480_ref_tagalog14_TIMER.wav,f166cce3b6fafa7197a0774a0b1695eeaced6bcb473d66531966dcc48aab1644
vcm_train_007746.wav,,654a795ac87d3de36a59a2f88386d34cb523d523a48c36c043ed4ec89a3cd00b
vcm_train_007747.wav,fil50_07080_ref_tagalog16_TIMER.wav,23fd7477c2cd564522484e8335be4a63fc678611d4d5917fd5856ed34be47322
vcm_train_007748.wav,fil50_03762_ref_tagalog12_ALARM.wav,fb2dd68d05042a959489c5d9071d77e0bad762e6d8759528771e3d36570a1205
vcm_train_007749.wav,fil50_00456_ref_ilonggo1_STOP.wav,4362a26e178ce00aee80a7d5c6f0d9603833e454c1aefc8b8c1efd0ee0b88223
vcm_train_007751.wav,fil50_10455_ref_tagalog5_VOLUME_UP.wav,961dec0b15ff9d4ab0bb7a9ef393dadd2d571926022ea4414ce0e2344281a307
vcm_train_007752.wav,fil50_02136_ref_tagalog10_COLOR.wav,0a585c27b2bda75c58c29ccbd13390e5e26e1df1552799dcf7480416b1a06533
vcm_train_007754.wav,fil50_02952_ref_tagalog11_ALARM.wav,3b263f433b40381763dc70a234db63f2253672b7a8826472897182f53bc69073
vcm_train_007755.wav,fil50_13757_ref_tagalog9_TIMER.wav,8b853e4951d01b94b7eb697d44090403228e3787ddf833fe1cb6a0d70c687e6c
vcm_train_007757.wav,fil50_01309_ref_tagalog1_STOP.wav,a0f63f63ef787f95998c1e08576598c412509424a5e69be387fecca3a73368de
vcm_train_007758.wav,fil50_07850_ref_tagalog2_LIST_REMINDERS.wav,b7b8ec0b94c2e8406b7751a63945c96f95ef5ebaf1747676383cb8594e143c0b
vcm_train_007759.wav,fil50_04643_ref_tagalog13_NEXT.wav,d6e3e543a8acb741d99de6dc8e7a84a3810d60ca55e9313e3ada01007cb9ce15
vcm_train_007760.wav,fil50_09589_ref_tagalog4_TIMER.wav,9dbe51e78d819fd1c3300730e001782540464dcfc90ac672994138e181724724
vcm_train_007761.wav,fil50_12968_ref_tagalog8_ALARM.wav,1884bd227fc9a044e5d6a3657d62eb3213fe83a93c0c0b58467d935341556cc8
vcm_train_007762.wav,fil50_05482_ref_tagalog14_STOP.wav,a259e7c73f053b1c057e41f11203a80ce22b5ce0505543a720609ff5b8feb675
vcm_train_007763.wav,fil50_06344_ref_tagalog15_COLOR.wav,8b843ab3b6b1abb921f700066c5c79bb05331ab31c1238547342d222636b7a16
vcm_train_007764.wav,fil50_07081_ref_tagalog16_ALARM.wav,da52615a02786ad0c9d5e58ea6b8d316223e82093d4ba26ce11df160ae06b465
vcm_train_007765.wav,fil50_03763_ref_tagalog12_ALARM.wav,c441ee247ba3eef1a263e10c9d4499f63fbe4d39d56f3de5dc577b7d3d98f06a
vcm_train_007766.wav,fil50_00457_ref_ilonggo1_COLOR.wav,445bdc99230b81eb39e782a6adc27a035b08e0edd4be9717b0b4f16dc74a1cad
vcm_train_007769.wav,fil50_02137_ref_tagalog10_TEMPERATURE.wav,4fd55ffd4e182fe95a438ca76e8d514ef331dff7e7ecfff69933ef967fce6c14
vcm_train_007770.wav,fil50_12121_ref_tagalog7_MESSAGE.wav,9a9d90e0e5f9bad6408ab7468f8e9e54c5029fc777a9088fb8cc33dd7b1b6a29
vcm_train_007775.wav,fil50_07851_ref_tagalog2_WEATHER.wav,6ef25a60df1cfecd09658562355cc85fcf28e059aec73f3f683abe5005ec2b48
vcm_train_007777.wav,fil50_09590_ref_tagalog4_CREATE_REMINDER.wav,9f5e035ff525f98c83729cc552a2ce6e491b464240729640acdb1e9a5ada96ec
vcm_train_007779.wav,fil50_05484_ref_tagalog14_TEMPERATURE.wav,058d203842245a55673d223a5cd4635d6f325004167a9bf55d3f5ac06fd708e3
vcm_train_007780.wav,fil50_06345_ref_tagalog15_LIGHT_ON.wav,94b2cf711946e88435f39f78ed08ac458caadeb9432949cde2699a222391ab03
vcm_train_007782.wav,fil50_03765_ref_tagalog12_COLOR.wav,aeac8caf907d85bb256acb77495405edba30e2f182a5b4407360af6311af73a9
vcm_train_007784.wav,fil50_11282_ref_tagalog6_TEMPERATURE.wav,a89867bf95fe14a4ace08460b554ba01c6128863c98f8ffdc4f81daa50f191e3
vcm_train_007791.wav,fil50_01311_ref_tagalog1_NEXT.wav,44b7ea6c53b4f7a6365db5fd4eae517760a77edc9cd70c402868aa21bd36a8a8
vcm_train_007793.wav,fil50_04644_ref_tagalog13_BRIGHTNESS.wav,0c25f7382be62cdea85a3986dfc4dcd2cc61aa956b4b6d256576f7386bbae49c
vcm_train_007794.wav,fil50_09592_ref_tagalog4_TIMER.wav,d91cfa8c77efa0c2fa664161eae87d64cfe6d888f783d827af9ee621fcd6d348
vcm_train_007798.wav,fil50_07082_ref_tagalog16_VOLUME_UP.wav,c0308ba6f29c6813c27139db1ba816ecea4a7b956c80fc1442e03b4f1d23c7eb
vcm_train_007799.wav,fil50_03766_ref_tagalog12_LIST_REMINDERS.wav,4d155ca47ac1a69b5f2794762acfec234b832fd36c88212792a89daa770ed236
vcm_train_007800.wav,fil50_00459_ref_ilonggo1_TEMPERATURE.wav,a34fea399a74b1e243571a9cc2c721c8e89a00b488ac9f31fd6e06685beb5c14
vcm_train_007801.wav,fil50_11283_ref_tagalog6_BRIGHTNESS.wav,371479ba80aa746d0a8edfc8568373a74b45f7f2591a493663065f834cffc4df
vcm_train_007803.wav,fil50_02139_ref_tagalog10_CREATE_REMINDER.wav,554621e8d5fe51fde09e69bbde8e19c71b4c9355ab68dd338d2830724a68b82c
vcm_train_007804.wav,fil50_12123_ref_tagalog7_NEXT.wav,2f8cc831961cb89ca2d47dd668ae94a3ebfa9001c7f88592b46a9d935ea210ec
vcm_train_007805.wav,fil50_02953_ref_tagalog11_NEXT.wav,aabe2b7baea39ab40cdeed88423b2fdc55f983692c40bf00873781c1def33a7a
vcm_train_007807.wav,fil50_08773_ref_tagalog3_TEMPERATURE.wav,02e430c1c75a111039d6e5dd2e8fe612ff0db33a5769e5e91031c279bea42e81
vcm_train_007808.wav,fil50_01313_ref_tagalog1_LIGHT_OFF.wav,aa5f8b958a94127a35b82db21ed052e643a767d5188156cec8f8639c7afb9808
vcm_train_007809.wav,fil50_07853_ref_tagalog2_COLOR.wav,e08fc8453890ae3569b99c7c4cecd9841c1885ac936dddb7769e254ee78f34b4
vcm_train_007811.wav,fil50_09594_ref_tagalog4_NEXT.wav,97fb866b18213d48ab3e01ae37a43a6a81e406f2e5b3b3ceeae3a8d95e3f563f
vcm_train_007812.wav,fil50_12969_ref_tagalog8_ALARM.wav,f8119e9529a7fd9cf0c5ce0b127cada2c11480d963842c85b0b88f1cd92b027d
vcm_train_007813.wav,fil50_05486_ref_tagalog14_LIST_REMINDERS.wav,bde0cbc46d05ffc81ddf481765c8d1d684380cf5814e8387f96fc721b081e06a
vcm_train_007814.wav,fil50_06347_ref_tagalog15_COLOR.wav,fa3360f95035c1f0208d28211e2f7070ed4b4bc7735ef262f876919dde9fdb84
vcm_train_007815.wav,fil50_07084_ref_tagalog16_BRIGHTNESS.wav,c3fa94783b73ab25c09ba6b8de0fd90997405385ba702e569c3f4b86379af30e
vcm_train_007816.wav,fil50_03767_ref_tagalog12_STOP.wav,c97132f68231a69ce5a1ac58e1efb459020f1540305b076e96ba60848bf60eac
vcm_train_007817.wav,fil50_00460_ref_ilonggo1_WEATHER.wav,c6c9a4f69259640288039cc17cc421bff4ec7add3b6fc18eefc2dc4b7b702b67
vcm_train_007819.wav,fil50_10456_ref_tagalog5_STOP.wav,92e03bca64f527e502a5bb83b6230b5811f88eee8862502885117535eeac8549
vcm_train_007820.wav,fil50_02141_ref_tagalog10_LIST_REMINDERS.wav,0c58eeaa1b985ce1dd330df6b2a3e3afbd6d476cd5b213e2ce3689e485345149
vcm_train_007821.wav,fil50_12125_ref_tagalog7_TEMPERATURE.wav,add2e4a563731d029fee8d44f11ade759f73f423885b0702a402a33e54c269a1
vcm_train_007822.wav,fil50_02954_ref_tagalog11_COLOR.wav,7ce10d123c6ab83d9a1e2e078ea24b5b09a78459f64aeabbc035ecf7cc64ecd8
vcm_train_007823.wav,fil50_13759_ref_tagalog9_VOLUME_UP.wav,487d191afd5baebc775e36299cb92a04a014658548b873eaa99df17717f47dac
vcm_train_007828.wav,fil50_09595_ref_tagalog4_STOP.wav,d0d82391b6976377174c5622ec56b8b1618afa58280d31f026000f56e617f1e1
vcm_train_007831.wav,,50c1e7af02f043eb4a5fffadb6516f0bdf6a2452633d87fc6598a92958d6c738
vcm_train_007833.wav,fil50_03769_ref_tagalog12_TEMPERATURE.wav,d86953c336b63c0a2fa59b9e9599bb3d4dfefe34d48c38adee1f5b0456330dc7
vcm_train_007835.wav,fil50_11284_ref_tagalog6_CREATE_REMINDER.wav,9390347bc102fa00fead3a06b00ad57b84434576da884e0c2c7f7e5a0f9fc1ca
vcm_train_007836.wav,fil50_10457_ref_tagalog5_BRIGHTNESS.wav,5bd0764fd9c2e8016ac8ecee8148e778bce96155b60ed7ecb096753d47faa6a8
vcm_train_007837.wav,fil50_02142_ref_tagalog10_PLAY_MUSIC.wav,b480111b58a3ec2573141a1dcc97b01d7d2d36a48cfa2be310e2f3f9ca2a6a5d
vcm_train_007841.wav,fil50_08774_ref_tagalog3_COLOR.wav,3220e9cf5d69c98bca96e1552d548e9bc9cecfceda08b7e5f1e9e47abcec047f
vcm_train_007842.wav,fil50_01314_ref_tagalog1_NEXT.wav,2b14edbda2a37453af171eebf69264728a971c32f8e4e050fa779d513b1ca89b
vcm_train_007843.wav,fil50_07854_ref_tagalog2_TEMPERATURE.wav,e94b0dd1a79a58da6e0be4c4111f93f3801c34c6768b714a14d40f84999389d7
vcm_train_007844.wav,fil50_04646_ref_tagalog13_CALL.wav,3b12867d380d8a9e3930bd14f916f6a9a682bd2aba1f3f020d30f0922383c077
vcm_train_007846.wav,fil50_12971_ref_tagalog8_PLAY_MUSIC.wav,9c14602ee4cffe6b41763de466e4a988cf511dacf2b079f4b1769abbb88ff742
vcm_train_007847.wav,fil50_05487_ref_tagalog14_VOLUME_UP.wav,78ff02c18b764a67505207a56ed3231d80aaea67062dbef58760b44490bdfef2
vcm_train_007848.wav,fil50_06348_ref_tagalog15_TEMPERATURE.wav,651b2d18015354ec6adfc9accc3a06da68dd473e2b40fa82c000795f3fbcdd2d
vcm_train_007850.wav,fil50_03770_ref_tagalog12_NEXT.wav,1df0a6dad026938e927a777946c59e3956eeff84975dfa110aa8d3ba9ff44579
vcm_train_007851.wav,fil50_00461_ref_ilonggo1_PLAY_MUSIC.wav,173839d40b1cb627b5e1705e63833a51eedcf2cb7cc18b66cd7e30b99191b635
vcm_train_007852.wav,fil50_11285_ref_tagalog6_STOP.wav,3ee7777aab8506cfbc566d5f2de07a1b1488de968bf014e0ca948a051e345c55
vcm_train_007853.wav,fil50_10458_ref_tagalog5_VOLUME_UP.wav,a1b53be8d86a85315241ed9c2c97e795c15ccafd9fdc2a4d2125a4c4fbf12049
vcm_train_007855.wav,fil50_12127_ref_tagalog7_TIMER.wav,ce34ff3c14bf08f37000e91174d7d40912c2da0bdd8483b3c55fb3f21a13ad3d
vcm_train_007859.wav,fil50_01315_ref_tagalog1_NEXT.wav,3fcbdb462abde990d3b287c45786596059442327bb2b578b1518cb86f76f5975
vcm_train_007860.wav,fil50_07856_ref_tagalog2_ALARM.wav,e53ff85dde445bb21af5e9588a67fc79c6a30fae33f949bba431935e866c3f01
vcm_train_007864.wav,fil50_05488_ref_tagalog14_CREATE_REMINDER.wav,66576777f9236f0f0111490c7bbeedab64d7d878a5ef777c9637c3a0a3c17074
vcm_train_007866.wav,fil50_07086_ref_tagalog16_NEXT.wav,07bd4531c308e55110439f94209cda716629be33a66d68bb0552664ed3bc6eb1
vcm_train_007869.wav,fil50_11286_ref_tagalog6_VOLUME_UP.wav,0438afa975344a743a47cbbded7b156c72c9f1b680317b660aee5b7b84761acc
vcm_train_007872.wav,fil50_12129_ref_tagalog7_LIGHT_ON.wav,780590ed88071be3c1998c73ac145fbd3c507dba0ead3d4e16925670ed78c03c
vcm_train_007873.wav,fil50_02955_ref_tagalog11_CREATE_REMINDER.wav,2fddc1bec1b1f0ca7ec21c352e6ee41791e9cde858c7b2aa1e3aa235e84912b1
vcm_train_007875.wav,fil50_08775_ref_tagalog3_VOLUME_DOWN.wav,d56a854196c41489794e8e495eb36631feadfaf201dbfaf8c325efd1656be1ee
vcm_train_007876.wav,fil50_01317_ref_tagalog1_CREATE_REMINDER.wav,95de6dd43db9ca9f3e0124e0738b2add135cb67044f27317bef8e9b6bc759935
vcm_train_007877.wav,fil50_07857_ref_tagalog2_LIGHT_OFF.wav,c8389508c33fe136b782f85fe311d4bf33e04bb56a6300f64f5145a9cc2990ed
vcm_train_007878.wav,fil50_04647_ref_tagalog13_LIST_REMINDERS.wav,f0ce84de49b953dab4df245a15e1d362107206e118c853cd653b5eef0a43cbd3
vcm_train_007880.wav,fil50_12972_ref_tagalog8_TIMER.wav,39eb1603479ac835d01c33a2eb935ce93bc505e6edd5a45a4d7e5af17d2787d5
vcm_train_007881.wav,fil50_05490_ref_tagalog14_CREATE_REMINDER.wav,2e9ffdd167ade46ebeaa868933eaaff4a642ea1c170c5e23c214fe655e10fb7c
vcm_train_007884.wav,fil50_03771_ref_tagalog12_PAUSE.wav,b2aba85cc11072e9036c7bd4ae4b064fe1f0cc9c7978d3cd03180701f962f69a
vcm_train_007885.wav,fil50_00463_ref_ilonggo1_LIGHT_OFF.wav,e2bea71cab76259dc9cb26c1d4de6889d4e3d76b9c7c5d02b99b41439b2570fa
vcm_train_007886.wav,fil50_11288_ref_tagalog6_NEXT.wav,2ac6a670a0040bdd72a6e499b37fd6c4b2cfa271abbdc7679172e6b094a1327d
vcm_train_007887.wav,,0c303a59388ed4255193a81fe36b8f2bf4620120c1aa1a9d6f5e266a792ec3cb
vcm_train_007888.wav,fil50_02143_ref_tagalog10_LIGHT_OFF.wav,35d67ad5b551cd59b962afc56faca38f2cf2e40abebeebfdd28ebbb230cd11b1
vcm_train_007889.wav,fil50_12131_ref_tagalog7_COLOR.wav,0d11d78d67ce1b94df5c4264c8c1b30f855b7ce91d9212455fb0dbabda4d9645
vcm_train_007890.wav,fil50_02957_ref_tagalog11_ALARM.wav,18697d2237727d166ff554d377c4e3b95b08084549636441d12cede8960eba27
vcm_train_007891.wav,fil50_13761_ref_tagalog9_ALARM.wav,04a7ac5d0a86f214555b28f21935ae91c63de487c643633648267a3d87af34c1
vcm_train_007894.wav,fil50_07858_ref_tagalog2_ALARM.wav,b3ef69ea4f55009980f6507e1bb9d190d7cf71b282be92cf3b96c2bad3bff5a6
vcm_train_007900.wav,fil50_07088_ref_tagalog16_NEXT.wav,9cd571a200afe4a282a8d2f8aa394ef5658fba624bc3b99415637c8ba8e1b24e
vcm_train_007902.wav,fil50_00465_ref_ilonggo1_MESSAGE.wav,fa2996580c2c982f448c33b212bffe99116901ce3c1cd9aa1e7c96cd05297854
vcm_train_007903.wav,,fc4aa5cbaab70a82b2beeb5c78ae295c493d3b7945eb99b2fc2f8e00c31c8534
vcm_train_007904.wav,fil50_10459_ref_tagalog5_TIMER.wav,ec88344d95a9b9909ec2c5824bfb6a65177b8be8ee96e46c308bb47bcdaafcb4
vcm_train_007905.wav,fil50_02144_ref_tagalog10_PLAY_MUSIC.wav,012a89b7c6b16afe2139a750bc9a2f196e5c9b24b297827f3fac1b5cdb8e0084
vcm_train_007909.wav,fil50_08776_ref_tagalog3_PLAY_MUSIC.wav,0029d36b2a3606842a2f67c00170ccc110b667bf9c833ae698205160a5922f27
vcm_train_007911.wav,fil50_07859_ref_tagalog2_WEATHER.wav,4e13327305c02dec653c5facf0b7610cca5d0baaea79c71adb8b2165bfde896f
vcm_train_007912.wav,fil50_04649_ref_tagalog13_CREATE_REMINDER.wav,f610b037df9c79b3595857d35f8240ea39608a5cb398eb2bcf89e3cb20975b02
vcm_train_007914.wav,fil50_12973_ref_tagalog8_LIGHT_OFF.wav,491331858599ed7ed0d16665ba72b46fe051b975be37548e14a97ed8deede369
vcm_train_007916.wav,fil50_06350_ref_tagalog15_TIMER.wav,42cd5b249961383bca9aa884f3e5b4c53ad03cfd8b3026ae373baf0073957cac
vcm_train_007917.wav,fil50_07089_ref_tagalog16_COLOR.wav,24a2d1b3a88b2a683ab6f6709a85c36740ed7ba9b3cbea5960c528261051a8ca
vcm_train_007919.wav,fil50_00467_ref_ilonggo1_COLOR.wav,38966f5067676356e6280e898b631341a1b59de102813ba0f093ed3dededf6b1
vcm_train_007920.wav,fil50_11290_ref_tagalog6_LIGHT_ON.wav,362851252111d48829ea11de014c521a8319ce603effb03b78faef44270b6180
vcm_train_007921.wav,fil50_10460_ref_tagalog5_COLOR.wav,58f8feba8253b43cfd016cde0da8b26aeae905b22fc4de7ce9678a21dd13f039
vcm_train_007923.wav,fil50_12133_ref_tagalog7_TEMPERATURE.wav,b01cf5e08a3751e85d3711be436edfc17b8a4c5dae3e66b7a38d1c8eb33012f1
vcm_train_007926.wav,fil50_08777_ref_tagalog3_BRIGHTNESS.wav,543f77b5487ae66dc8264f63c1a3a5dadf1eeb7395e576a0cf0c81d5729d223b
vcm_train_007927.wav,fil50_01318_ref_tagalog1_COLOR.wav,b237692789be03056f99f5b55ac75e3c3de9372810f63f5d2c38605b17e1db1d
vcm_train_007928.wav,fil50_07860_ref_tagalog2_NEXT.wav,77a074bd5e170820c0ecf8ec26d1bf78bc2b76606e89a9c3d76471ea71fd504e
vcm_train_007930.wav,fil50_09597_ref_tagalog4_ALARM.wav,4ff29d42b7f76a51bb1c6e101e42677ca475eb48186854402283ac72bee9993a
vcm_train_007931.wav,fil50_12974_ref_tagalog8_BRIGHTNESS.wav,8ff657e5007e15ea57425f5ff230ee26bf221a0d50aa45e2445ff4d1d607a4f1
vcm_train_007933.wav,fil50_06351_ref_tagalog15_TEMPERATURE.wav,be18ff42c9ed08a04c09158a0e36e86c3a22044cfd2aede5ad9528e7317ddc89
vcm_train_007934.wav,fil50_07090_ref_tagalog16_TEMPERATURE.wav,462b3627e04e83cf25512f89a11afc8bba987c5a0933649f3f6e23cd3fc27ee4
vcm_train_007939.wav,fil50_02146_ref_tagalog10_VOLUME_DOWN.wav,0b0d01840a13c500c31e17832eae9f0d2e50ebe2e5c73e50d1a002ac9f4e25d3
vcm_train_007940.wav,fil50_12135_ref_tagalog7_CREATE_REMINDER.wav,c0a8e8d5f50c93d7122e84c128904a6bced7ade80a692d5a377cb80eccf65efa
vcm_train_007941.wav,fil50_02959_ref_tagalog11_LIGHT_ON.wav,586025cc1ed9a203c8f8141ae7620d33c032922d5ede16d70210c16faec5f9e6
vcm_train_007944.wav,fil50_01320_ref_tagalog1_CREATE_REMINDER.wav,fe85176557898f1348d3c8262e0885bd839d76af68fbb7d5cd7ec4f6b7945869
vcm_train_007945.wav,fil50_07861_ref_tagalog2_TEMPERATURE.wav,f1a7276afe0e24e77d6507e25d26d860c8cc21b815723bf8c98dd2c8c88395c1
vcm_train_007946.wav,fil50_04651_ref_tagalog13_LIST_REMINDERS.wav,517cae12763fa4fb973b2942d8502065d1b1d41b48e3138e8055879748dd17b6
vcm_train_007948.wav,fil50_12976_ref_tagalog8_CREATE_REMINDER.wav,a53c87fc2923f169e34da395f89987c357b6149f790b64db651c7e204e3e3de3
vcm_train_007949.wav,fil50_05491_ref_tagalog14_TIMER.wav,169a3ee8db83a8764d5060853934f02b2d11c3688804f6a9e248c49814e33a8c
vcm_train_007950.wav,fil50_06352_ref_tagalog15_TEMPERATURE.wav,e2b60a514e5aa1018dfaa03e1994765da258f89a94175af053ff468c5437a6b3
vcm_train_007954.wav,fil50_11291_ref_tagalog6_TIMER.wav,1951afcff59771ee0665bc92b13453b3b4f36c884694267725f7fb8e2f020b16
vcm_train_007955.wav,fil50_10461_ref_tagalog5_TEMPERATURE.wav,20daedad0b6c38bfde3a74fdbc19154219fbfb81c4f3d43979bbc65968c7b644
vcm_train_007956.wav,fil50_02147_ref_tagalog10_PAUSE.wav,d07db8e5ad7ae62883001484608fe7eebd20a84616e0f072ecbbb878dab1ead0
vcm_train_007957.wav,fil50_12137_ref_tagalog7_BRIGHTNESS.wav,cda99fd9cd7a7930ad8287f871e31296b3caeb33763902750f2dab56a6df3030
vcm_train_007959.wav,fil50_13762_ref_tagalog9_NEXT.wav,0dc488974b214264e5833ba7ede6d556ca25e22a574a53273d97577f2ad9ce28
vcm_train_007960.wav,fil50_08778_ref_tagalog3_TEMPERATURE.wav,204c3e65b5ba66675c6ef341e8ff46d86265926f713e929e385b90c57b604840
vcm_train_007961.wav,fil50_01322_ref_tagalog1_PAUSE.wav,ed8d83e02f11227dc62f03f08635c3b4dcd71b9d968d440cbc76d7bc3cbbbbe6
vcm_train_007962.wav,fil50_07862_ref_tagalog2_TEMPERATURE.wav,94f82f644f37f56051e5ec6d6a413ae637877222bde6541ba3a9817a5938c8ad
vcm_train_007965.wav,fil50_12978_ref_tagalog8_NEXT.wav,c4788f6e25bf7df14693ef43b7242467b7a27e8f61b156774dbe3e6e946bb5b7
vcm_train_007969.wav,fil50_03772_ref_tagalog12_STOP.wav,75cc4be3443c60cf275345e525bbda15a1a3c1666bd88f3c83c88c2e3f2b3687
vcm_train_007970.wav,fil50_00469_ref_ilonggo1_NEXT.wav,c8078ded703b1250912f8626f1c17721d8eb7efa6199f74c6505469ba02f471b
vcm_train_007971.wav,fil50_11293_ref_tagalog6_STOP.wav,955a41fa537d40e5b2895243e7a393531381b013f44cd3a35c45fb493399595a
vcm_train_007975.wav,fil50_02961_ref_tagalog11_TEMPERATURE.wav,955edde8ecc5ca0ed054b42a119ccd71f876247f2f03ffbe9451f30c4b676ea5
vcm_train_007977.wav,fil50_08780_ref_tagalog3_PAUSE.wav,db41ab1f6757981edb5ec9c60ffc402ba4b7377e0e6d006723defe8e76f04073
vcm_train_007978.wav,fil50_01324_ref_tagalog1_TIME.wav,7212beee397ba0a69d2c56ce0324a7a873548c264253304500684c299e9761a0
vcm_train_007983.wav,fil50_05492_ref_tagalog14_LIGHT_OFF.wav,8a32d70964cdcf4017788952697251c291fd4dcd5c265f964423bd1ff441132e
vcm_train_007986.wav,fil50_03773_ref_tagalog12_CREATE_REMINDER.wav,0221718252e84d4a9f33212583fc1805e3d428faf3caca8157bc7effeec42792
vcm_train_007989.wav,fil50_10463_ref_tagalog5_WEATHER.wav,dae02af487cce6df2547afd474bfe6ed038d7a1a6dbbc9260a1ae042f3f2ee06
vcm_train_007990.wav,fil50_02149_ref_tagalog10_ALARM.wav,0f51c32ba3b3505fcceeebbd681db095f07611fc27ca8506cb2b3565be888842
vcm_train_007991.wav,fil50_12139_ref_tagalog7_ALARM.wav,59e7d978eaae9fc23e0b1df95f36141b1eb131e7424df7d16e0a63190b1eba36
vcm_train_007993.wav,fil50_13764_ref_tagalog9_CREATE_REMINDER.wav,a8f07e06716b56f7823feae4ec8643b7ff831c2f387762f8a83a47622fe53019
vcm_train_007995.wav,fil50_01326_ref_tagalog1_TEMPERATURE.wav,c753ed6c4b7c4f6ea92a8043fa32d8cee9344eb56954ea99cd564b340d727c59
vcm_train_007997.wav,fil50_04653_ref_tagalog13_BRIGHTNESS.wav,78dda8e0d4aaa815b0ae583d0745ef2a847df55fe2227cc5e4c19ccb06b45bbe
vcm_train_007998.wav,fil50_09598_ref_tagalog4_BRIGHTNESS.wav,ad60ea40ef4f166845829e4e4d4b0cd9a30bda0e8b5ca24ffe1a0243629ba614
vcm_train_008000.wav,fil50_05494_ref_tagalog14_COLOR.wav,556154d6ec9f3457f530185c13950d746e3cc1cc1d0d5a40b2e2304942d1f2cf
vcm_train_008001.wav,fil50_06354_ref_tagalog15_CREATE_REMINDER.wav,8b511427a6cddd6072d1fa3415adec4ba38e8205b1149a735fd900b5def119b1
vcm_train_008002.wav,fil50_07091_ref_tagalog16_TIMER.wav,83335d0aef0b471392b8b5780adce9961726114a739e0e039ee55fe8cf3c5f3f
vcm_train_008003.wav,fil50_03774_ref_tagalog12_BRIGHTNESS.wav,c99205980f97c8020a574ed49b927572c3904990660725466843c4833bbcd6aa
vcm_train_008004.wav,fil50_00470_ref_ilonggo1_COLOR.wav,1e454ad587705c5906cffd05e104c4173f5196ad2a8474c01f31b75641741259
vcm_train_008005.wav,fil50_11294_ref_tagalog6_VOLUME_UP.wav,812f81848dcf6af7d6cde2d3ba501a181066fc53ff9c5870a6310f0efe921d11
vcm_train_008006.wav,fil50_10465_ref_tagalog5_COLOR.wav,524ca4e2c84f2f7b5a06923979c5f85b70523089328859ab1e9d57430701c860
vcm_train_008008.wav,fil50_12141_ref_tagalog7_PLAY_MUSIC.wav,8ed5dd6b1ba7d70b770c9e03c6d2a9743211fedca4f462f4e47042ef03d0ccc4
vcm_train_008010.wav,fil50_13766_ref_tagalog9_ALARM.wav,327c3ffda131fa152ad0e55a60259326ca8b1fd3c2c4338a367c16b080f91154
vcm_train_008011.wav,fil50_08781_ref_tagalog3_CREATE_REMINDER.wav,babdd5e4e6cbac1a292a4ac619258d2fc50ef01da0dd82ea6af2e0229dce9d25
vcm_train_008012.wav,fil50_01327_ref_tagalog1_CREATE_REMINDER.wav,51b8ae5c8292d157db88aeb74bced0283402bf89e98e0fa25026451577b5ba62
vcm_train_008014.wav,fil50_04654_ref_tagalog13_NEXT.wav,3fe682b7d02ab2e67a91724afcf58a8c23f6b3f86c8140e1975062e8f60f398c
vcm_train_008015.wav,fil50_09599_ref_tagalog4_TEMPERATURE.wav,634778c91999e0aebcb50d0babf47b91a1a0f97650293a155d6878b32fa64d57
vcm_train_008017.wav,fil50_05495_ref_tagalog14_TIMER.wav,8b573de3b778abc652f481f295ff7eed4a4d7c4dabc680e236b3cecc3c7f2e94
vcm_train_008018.wav,fil50_06355_ref_tagalog15_TIMER.wav,19e6f6ba87b0c096836472f2fb266042d9fb6a29f51e17e90b0d4335c14a8f36
vcm_train_008020.wav,fil50_03775_ref_tagalog12_TEMPERATURE.wav,9c334cf34589eeeed40af3ad5357ed86bde4ac39a8ef678300a0789899799ba9
vcm_train_008021.wav,fil50_00472_ref_ilonggo1_TIMER.wav,9d5d4cb833bf4287de49853556d4bf6d40f64ee97a521719fc89ad681650573a
vcm_train_008023.wav,fil50_10466_ref_tagalog5_VOLUME_UP.wav,019cc653c14e89db0616d007426846731f46d345a173277df8bbdf670e1209f2
vcm_train_008026.wav,fil50_02962_ref_tagalog11_TEMPERATURE.wav,6b2e8f71470ef092d0ade6a86a74fe234815e25ba23063564b51b377c035a276
vcm_train_008027.wav,fil50_13767_ref_tagalog9_PLAY_MUSIC.wav,41ab64c3d02e0129aa26dd16ece7929e14f3fe5fca71e749a8a4da27562b60d5
vcm_train_008029.wav,fil50_01328_ref_tagalog1_TIMER.wav,c604c0095fa9dd722bc677f45f652d528f99fc3c513c7e061e56a6e7bc60c0dc
vcm_train_008035.wav,,7b3629b0f6d600f0bbddbfc1247273d38e7fe81fec885b1d0c33e68d3bfb7d49
vcm_train_008036.wav,fil50_07092_ref_tagalog16_CREATE_REMINDER.wav,3eadae7307d4050f9e9042294d2d0ab765997928ee706d61007559f93391e4e8
vcm_train_008037.wav,fil50_03776_ref_tagalog12_TIMER.wav,c203900ae2ab30fbd1f18a419fadf95c1dd5efebf518d27aa469bc224451f5f3
vcm_train_008038.wav,fil50_00474_ref_ilonggo1_WEATHER.wav,a4bb76481a05038c030e6a51d35d7219eac06d10b5616097b8743b34a7dfac82
vcm_train_008039.wav,fil50_11295_ref_tagalog6_BRIGHTNESS.wav,4a9bffcddf9fac57caee274f559d4c10ad1a2378652ee0f64c921db15f305e4e
vcm_train_008040.wav,fil50_10467_ref_tagalog5_TIMER.wav,d0ad09cfe6d58f9bd66e36acf781d4baea739485ba2f7ab26e105f4b0b07257a
vcm_train_008041.wav,fil50_02150_ref_tagalog10_LIGHT_ON.wav,3543d861f7c69cfda38074f40c002528f2784dd6aaa1aa204ba67bda9c4c70ae
vcm_train_008042.wav,fil50_12143_ref_tagalog7_LIGHT_ON.wav,eb446948702d8b01610929c5f0eef765c6b769ee9452919c4d205cf61cb900f2
vcm_train_008044.wav,fil50_13769_ref_tagalog9_CALL.wav,0831399cffecad31ba640dbc197e97d730ad636e99129da63f83e7157daccf75
vcm_train_008047.wav,fil50_07863_ref_tagalog2_VOLUME_UP.wav,ec66c29acd69ef91e0c391683782f8b2d13a26bb90d465ca6574724b80581b44
vcm_train_008049.wav,fil50_09600_ref_tagalog4_ALARM.wav,35f791d3f99dc61559af58e6b1f5ea7eda4f2dbf6959d349e91ee8cd111eeaec
vcm_train_008053.wav,fil50_07094_ref_tagalog16_TIMER.wav,4b5e392e8896cb1c82409cbea34bb3e71f7da8cf2ef873cdcf87c25b5e0b7ac1
vcm_train_008054.wav,fil50_03778_ref_tagalog12_TIME.wav,09a1729b949e49f6696e09533d03867f6bc7057def66eb7e4c166ff6afd7c893
vcm_train_008056.wav,fil50_11296_ref_tagalog6_TIME.wav,13474d7f1768e44d76202eebb54cb335d683e6a28ffd8a4557173ada7a8ba38d
vcm_train_008057.wav,fil50_10469_ref_tagalog5_TIMER.wav,2fac566087513e04095e4158193280b13f01c6bcbb0326b4f8bf7da9578329d2
vcm_train_008060.wav,fil50_02963_ref_tagalog11_ALARM.wav,ac461be5e99e490bb2672d678a51feebf5cf0475d586056ff22a277f321838f5
vcm_train_008063.wav,fil50_01329_ref_tagalog1_TIMER.wav,2537af78f2e0c7f08bf7f8375ec98ccd5d76310e61681f51ec0fb8dab0836a0f
vcm_train_008064.wav,fil50_07864_ref_tagalog2_TIMER.wav,e74d6e703d91d39c4df1a820ca642904b8bf7e8eebaf67534a926277854febd7
vcm_train_008065.wav,fil50_04656_ref_tagalog13_COLOR.wav,c79091872777976f9a45b2d5ce9e3f00d6bedf1bdefc0ebc5210ad95b0e8ffc3
vcm_train_008066.wav,fil50_09602_ref_tagalog4_NEXT.wav,cf229b2452018ff2f004cc63a9ac2d905e1d0bf6bf0372b30381c34b9db75cce
vcm_train_008067.wav,fil50_12979_ref_tagalog8_CREATE_REMINDER.wav,f1354dfbbbe9c2a1d293332430cd5e29477b7d3a0304ff300786b338a9918859
vcm_train_008070.wav,fil50_07095_ref_tagalog16_VOLUME_DOWN.wav,b5b1319e97ed7ecfd8b00e33ca2095b1d0cf47891b072c5344a8abdc614b7903
vcm_train_008073.wav,fil50_11297_ref_tagalog6_NEXT.wav,8dbf24c0c7dd9a0e1964386f6cf702c7f4ddd1794b0d735a926c08923f96766b
vcm_train_008076.wav,fil50_12145_ref_tagalog7_TEMPERATURE.wav,23171f38e4eda6b22547203bf079abdba6196c019305814d4303b64cc552efe7
vcm_train_008077.wav,fil50_02964_ref_tagalog11_TEMPERATURE.wav,c0b2d8d1ccf5bdf051da9294788e8560ce5df2c8d57d91c306f4c572f34607c9
vcm_train_008078.wav,fil50_13770_ref_tagalog9_TEMPERATURE.wav,0474f52deb579e283dacea5315023c2ff719a541e28aa728853d805fb4e85324
vcm_train_008080.wav,fil50_01330_ref_tagalog1_COLOR.wav,71fb748c145781c905d6cc1d33eaae61bac4668e8c533482e19a3fa15299234f
vcm_train_008081.wav,fil50_07866_ref_tagalog2_NEXT.wav,fca90d5906f8e2c943999208f9851ed4febd0f6832e96797b92c2f319d47546b
vcm_train_008085.wav,fil50_05496_ref_tagalog14_TIME.wav,011da2de766358d840395f278ed15bbcbe819248c121ced0fe1c0bd71398d359
vcm_train_008087.wav,fil50_07096_ref_tagalog16_CREATE_REMINDER.wav,ac4084f6d38abb615f968348047618c1d7c207c74a9ebda8510483b821e47792
vcm_train_008088.wav,fil50_03779_ref_tagalog12_CALL.wav,eb7a8736752d54075a519a840fb43f725b1dd96f83b315f7952b3a6b9f334908
vcm_train_008089.wav,fil50_00476_ref_ilonggo1_PLAY_MUSIC.wav,4097623be179ceae932a5a322bc1518bd0de070c974587666daa582b7616704a
vcm_train_008092.wav,fil50_02151_ref_tagalog10_BRIGHTNESS.wav,2dce882c66fbab002dac0d57a0e0446e86afa329dea5d3786ba2748381b6e2c8
vcm_train_008093.wav,fil50_12146_ref_tagalog7_ALARM.wav,8e45bc6e10b0db2e655b6172c589e731ff6c86cbdbd9c783865f44f30cea6fe3
vcm_train_008096.wav,fil50_08783_ref_tagalog3_STOP.wav,8da3d990291eb3323ccd589d9c39059a8ec3d6f1d0235edf0b721bc6a9996d0c
vcm_train_008098.wav,,36c13b59128ae5f3c60eb5b0e2648cfeef6c0c90b0ae6e22bb81d52c4356de17
vcm_train_008099.wav,fil50_04657_ref_tagalog13_LIST_REMINDERS.wav,42ace28a9ff8b4e3e46faa119f058d9182f908d96993605acbdee48c1288b9fa
vcm_train_008100.wav,fil50_09603_ref_tagalog4_MESSAGE.wav,17863225f8cc8881709e8b9b09927189100cc1deb80d5ca2b1495770dd432095
vcm_train_008105.wav,fil50_03780_ref_tagalog12_CALL.wav,e4300be6e15f8ea60466f4970199ebd52d4456ecdbd1cdadf7e4c2c113e945cb
vcm_train_008108.wav,fil50_10471_ref_tagalog5_PLAY_MUSIC.wav,d0d012e933776cd67548be0fd6297d8f7af2d6f54dfce377042a15ea5425ee19
vcm_train_008109.wav,fil50_02153_ref_tagalog10_COLOR.wav,aee62e4c7dd980f830ab1b7db8a714e58b0a3e04c1b686ccc7d03dcaaef85bea
vcm_train_008110.wav,fil50_12148_ref_tagalog7_TEMPERATURE.wav,f14b1207bce9ea3e4c5f80c25e936cd6c956e905b9e574bb09c1e15e04ead6ba
vcm_train_008111.wav,fil50_02965_ref_tagalog11_NEXT.wav,0ee320e00bf3d4d9c1c2bc6438f1a79528f78df1f257649c291ffc6567ecd70a
vcm_train_008112.wav,fil50_13772_ref_tagalog9_TEMPERATURE.wav,0ac085a90dcfca53e0ddd556e440ecee547678ecc8141b8d9d6552577a5c6299
vcm_train_008113.wav,fil50_08785_ref_tagalog3_COLOR.wav,802f19b8322db6ce23af5e190541e4c1ad7c89bfddced30a9dd909295bf942c1
vcm_train_008114.wav,fil50_01332_ref_tagalog1_NEXT.wav,20fa2a3bb994f2900fd9cb0c8e7cf9fbd6db39117733a9a89010f8a4e530d927
vcm_train_008116.wav,fil50_04658_ref_tagalog13_TEMPERATURE.wav,f60799c01bf0cf1ea6317bff77bb2f4078a43be6c533d84865918fa458e5457f
vcm_train_008117.wav,fil50_09605_ref_tagalog4_COLOR.wav,7f601bf9233b0699369659e22943f810f14ce3ad18c4e5344c87d27d24c94172
vcm_train_008118.wav,fil50_12981_ref_tagalog8_CREATE_REMINDER.wav,69e8bbe360368ae2d3e597b5dd14ee301c0b38549e74723e54dc98c01c9caff3
vcm_train_008119.wav,fil50_05498_ref_tagalog14_CREATE_REMINDER.wav,6913a2a393231ef51a23b24470951f092d1d58f47711b260c073379ab55873de
vcm_train_008122.wav,fil50_03781_ref_tagalog12_COLOR.wav,ea9a8475328093a1f10d96cc184a1214f3b05836bdf5dbdab201782f56221116
vcm_train_008123.wav,fil50_00477_ref_ilonggo1_COLOR.wav,3a6a5b076ec4a8205a18d70cd142c375c281b619840763c3f4845e23f0c3abed
vcm_train_008124.wav,fil50_11298_ref_tagalog6_TEMPERATURE.wav,000db98534981e31e105aa6d2d618f4bd31e6fe1a20783972e8b884241a6c71f
vcm_train_008127.wav,fil50_12149_ref_tagalog7_LIGHT_ON.wav,2705b0316e5da01abfdcd59733a60bd94ec6159b6fa21fdcbc40de7a124137ee
vcm_train_008128.wav,fil50_02966_ref_tagalog11_COLOR.wav,25af406d68725e405a50fa01b69632c5dae67bfc34795f57db73ef7a90cbe017
vcm_train_008129.wav,fil50_13773_ref_tagalog9_COLOR.wav,f8cbfb9713036030cf2b58bca566d2c69e32f5ce9e78db23e72cb5a426035416
vcm_train_008131.wav,fil50_01333_ref_tagalog1_VOLUME_UP.wav,f60c915bb8ec8c10ad94ef0e752a9e4f165e6e469e26a26fd6751282c5a1c5e3
vcm_train_008132.wav,fil50_07867_ref_tagalog2_CREATE_REMINDER.wav,c9a2ec3b5d88910ec27bcbded7b952864e3757d5b9f1ce414dfa4d8c17b6dc63
vcm_train_008133.wav,fil50_04660_ref_tagalog13_NEXT.wav,54da6592c3cf528dd064623a595fc3d2bdfcbc822965468b7043bed4d8027f3b
vcm_train_008134.wav,fil50_09606_ref_tagalog4_STOP.wav,b2cacca5e7e0fdab22c68f34a85bd5efaa22923e2a3d8a7b6c01640835353eb2
vcm_train_008138.wav,fil50_07098_ref_tagalog16_LIGHT_OFF.wav,96169d110d71553706ac5017545d8379bb5df0af8118191575e0c95df52a08a1
vcm_train_008140.wav,fil50_00479_ref_ilonggo1_MESSAGE.wav,44eb7b6505c656630ca2225b3f84a0da5c20e64cf69c8ba2da3a455cc73576a5
vcm_train_008141.wav,fil50_11300_ref_tagalog6_TIMER.wav,fb2562700dba1f0b54c3c4a2772c82e43f43cfec33b4db23b6051e50d24093ed
vcm_train_008146.wav,fil50_13774_ref_tagalog9_TEMPERATURE.wav,b11716c5f4f393ea8a11adfcaccc822ffe1f78c720ad8407936919ab07c774c9
vcm_train_008147.wav,fil50_08786_ref_tagalog3_WEATHER.wav,f32b02404000f40a92d790c65b97dc304482db51dc066edd2d9f3791d79fcfbf
vcm_train_008148.wav,fil50_01334_ref_tagalog1_TEMPERATURE.wav,4f59c74114dc59aa6bdb087d5c527a63fd89f6efdccd31d056f4a92ce153e5d6
vcm_train_008149.wav,fil50_07868_ref_tagalog2_NEXT.wav,18adddcf490cb5fd9911862ca2ddaa8358c3f3d4d3766570b1bbe00750511d6b
vcm_train_008150.wav,fil50_04661_ref_tagalog13_PLAY_MUSIC.wav,032ecd156c3f7c0f5878e526d8c8a9d9c9315bfc7e68afd3277d4fe81bdf6306
vcm_train_008151.wav,fil50_09608_ref_tagalog4_BRIGHTNESS.wav,97bcc5176d18468375978684cc189d2526cc0e849bfc64d450b82f6932a84373
vcm_train_008154.wav,fil50_06356_ref_tagalog15_TEMPERATURE.wav,2a8d5e4aaef5d07278b49b0b253699a2bc50b9a18a8726046db4dc09844987f0
vcm_train_008157.wav,fil50_00480_ref_ilonggo1_TEMPERATURE.wav,e47e84c3929e3b7d5baa902f75b714755e4eed39d0bab721e5eb6faee005a3a3
vcm_train_008158.wav,fil50_11302_ref_tagalog6_PAUSE.wav,58eb1b16a7724bb209ded8e155c9fc502cc579904436a95e62e05f7cd5453757
vcm_train_008160.wav,fil50_02155_ref_tagalog10_VOLUME_UP.wav,159deec609e2be676b4a1c227a11efa48f634362004f91350f0abfd8c755a6dc
vcm_train_008161.wav,fil50_12151_ref_tagalog7_ALARM.wav,51ac1507814310f88883fc711d49d585e1400abd83a59736c09df6007760bb61
vcm_train_008166.wav,,dc4f578f805e2545958a983b66b1ab69d55bca19904b5da2550fd2757f57391e
vcm_train_008167.wav,fil50_04663_ref_tagalog13_COLOR.wav,ad28e85827eb05cea8e85397777ab3b43cee7d4ce21db8a96c87e2f3baf63d45
vcm_train_008169.wav,fil50_12983_ref_tagalog8_NEXT.wav,5a25fd4cfd877bf74e36ffcce26e920cce11690208e821b2cdb3e101afb35467
vcm_train_008170.wav,,5a42b7eedbad4705b91a451612c5e463d74383c31d9dbaa1158bc05a195f2288
vcm_train_008171.wav,fil50_06357_ref_tagalog15_NEXT.wav,ac5e561de0b763674b79db7e200c992f42bdea2bc999c5530a6ce5e2b6658e5c
vcm_train_008174.wav,fil50_00481_ref_ilonggo1_TIMER.wav,9b7872aeb5d97b2e930b5d1be578aa63dc1dbdbfd78f563d92128a6075c08c6f
vcm_train_008175.wav,fil50_11304_ref_tagalog6_TEMPERATURE.wav,0e93eba993d70a55982a06dfdf958b1152528aaf0558089fce1cac72fb0ef1c0
vcm_train_008176.wav,fil50_10472_ref_tagalog5_BRIGHTNESS.wav,ea4099e09f80b67e4f5fb8f6f61c4346ae1c13be15bfeabe06d36f30cb99e4c7
vcm_train_008178.wav,fil50_12153_ref_tagalog7_BRIGHTNESS.wav,a11132a992d734163ac5adfa717e2c42442f20e435be271b87871c3ba5e5d25d
vcm_train_008179.wav,fil50_02968_ref_tagalog11_TIMER.wav,66e2419f0a75d8c41960cb82727653f0148e963b63ad18c43530e1b76ec887df
vcm_train_008180.wav,fil50_13776_ref_tagalog9_LIGHT_ON.wav,8acc80e9e27280891d4a4fdd9377ab0fc60019e43ad38f058e841a2e023f4833
vcm_train_008181.wav,fil50_08788_ref_tagalog3_WEATHER.wav,668d76e0aa51cf7e1c35cd053646204581d23604e10c1dce0a1d544151f56c37
vcm_train_008182.wav,fil50_01336_ref_tagalog1_VOLUME_DOWN.wav,2e26c588bed3ad3e3795d1cda1e6994f4c43e12aada311989cb99e8db8bb321b
vcm_train_008184.wav,fil50_04664_ref_tagalog13_VOLUME_DOWN.wav,84c8bf6b7501d7fe98fcfc0187cbf818fce050f4d7af17f7a9ef74fc89e780d9
vcm_train_008186.wav,fil50_12985_ref_tagalog8_TIMER.wav,25c91aee03ad2edcc3237617739e93404822275c059fba8c500b95b32852200d
vcm_train_008197.wav,fil50_13777_ref_tagalog9_ALARM.wav,d539ba244223a566c7c933446ee7882851133fc7269fb2ba653c0f4629933690
vcm_train_008199.wav,fil50_01337_ref_tagalog1_COLOR.wav,0a43862c5789a1d6c1e596008af13831c243d8b1ad138bc52e0a2c035be1bf53
vcm_train_008201.wav,,6ef0f038362af5e35aa5146f113871cb44d256297c537943313f2b42e1070477
vcm_train_008204.wav,fil50_05500_ref_tagalog14_TEMPERATURE.wav,c0922aa1e6eee5cf71de7bc9ea3c319fdc4bf539850fe41e720aef008f755754
vcm_train_008205.wav,fil50_06359_ref_tagalog15_TIMER.wav,4a3bd39652fe95ae601052281a57f27126f9a46cf5ec47b555d68d764da45098
vcm_train_008206.wav,fil50_07100_ref_tagalog16_BRIGHTNESS.wav,3b47a7624a901a8424fdc9b2a9bcec32a2e26a4646f37622e2202a3e76d41e05
vcm_train_008208.wav,fil50_00483_ref_ilonggo1_CREATE_REMINDER.wav,d18106f2e0eef9d00c45c9d1ae1b776f0774931315641a16472c0683536d6b68
vcm_train_008210.wav,fil50_10473_ref_tagalog5_VOLUME_DOWN.wav,7714941b1151ef6b309df68e2de04c02d5320a0c4d9bbb7724d68bf6fbff3e42
vcm_train_008212.wav,fil50_12154_ref_tagalog7_ALARM.wav,513ef9759a80d909d0e524959ab23fe2fe4c79439ccb257857b59e252fadd975
vcm_train_008213.wav,fil50_02970_ref_tagalog11_CALL.wav,83e400e351c88fd6913795e80b2a83b2a6f818e032bea8f70466aad81a8c0158
vcm_train_008214.wav,fil50_13778_ref_tagalog9_TEMPERATURE.wav,895d846d26f8bc4975a61938db31b3fe08b82c2c6c0b12d3585aa80bd3e760ec
vcm_train_008216.wav,fil50_01338_ref_tagalog1_CREATE_REMINDER.wav,0038873836bd96bde01b7388239327d1e74ecd17345e9ade97225bfcfc0fc863
vcm_train_008217.wav,fil50_07869_ref_tagalog2_VOLUME_UP.wav,eed08471c435d85cdc9ead0a52c4441e4c90a390caf67c963e56b3a480a2ee14
vcm_train_008219.wav,fil50_09610_ref_tagalog4_TEMPERATURE.wav,c015a8163ee9ecb18023b58e8cda895a37dbaea1f995b4a778bdca37184a042e
vcm_train_008220.wav,fil50_12987_ref_tagalog8_ALARM.wav,2a827bfd29940f98549e6902574447d93cf1bfd297247ef22c462e9a60ca3de0
vcm_train_008221.wav,fil50_05502_ref_tagalog14_COLOR.wav,e4d7f4f7584020f06ca5a14dcd3bec891afc90ddd37a68cb2e282fbb96d60b29
vcm_train_008222.wav,fil50_06360_ref_tagalog15_TIMER.wav,a224b5f8d4afb4b7ab64ecd694811f463d37fc1990af8b6578c2baa598d10004
vcm_train_008223.wav,fil50_07101_ref_tagalog16_NEXT.wav,8df4723619cc93220e90d85c388255d2fcc08f103deee04e89183d2c26710a24
vcm_train_008224.wav,fil50_03782_ref_tagalog12_NEXT.wav,fceb33ba4c377aae875a495af5f50f4257e4fdc81a84178e1fa5a41767772820
vcm_train_008225.wav,fil50_00484_ref_ilonggo1_NEXT.wav,b07b36ba4b851277a6ce9bedff46a9df6b561faf331fb7527ca093664c3838ad
vcm_train_008229.wav,fil50_12155_ref_tagalog7_CREATE_REMINDER.wav,c5ebe1578743b580d5c2ed5cf5ce3d5c51f0e6dcd447e782838249f077c3a90a
vcm_train_008231.wav,fil50_13779_ref_tagalog9_MESSAGE.wav,a99cbe8bc3aaab72e379c47866d967879e96e8ff79b89968f12929b0d9543a7f
vcm_train_008234.wav,fil50_07870_ref_tagalog2_PLAY_MUSIC.wav,589ea7d17076f00e3a4aa5f0fb49ef7c5ac3e24acbc0a270b0b0441457c266d8
vcm_train_008235.wav,fil50_04666_ref_tagalog13_WEATHER.wav,b7812d43abc6295a85faa76951ae3ab80028e0448a2f82c0a0aa92f214cee595
vcm_train_008236.wav,fil50_09612_ref_tagalog4_VOLUME_UP.wav,d9d2d476b1bf9554d1c19a04cc3c8d0b219799fbdeb4716f6f89097997b3603c
vcm_train_008237.wav,fil50_12989_ref_tagalog8_LIST_REMINDERS.wav,99532dcfa37a7d4278a1be737f663d4ca9cc9207eca11806bd5d16db2acd8ef2
vcm_train_008238.wav,fil50_05503_ref_tagalog14_TIMER.wav,5846c68953d9e1647974a3d946c76bc16d00c1e6dbeb8f064916e39e5fc37c2e
vcm_train_008241.wav,fil50_03784_ref_tagalog12_TIME.wav,e45acd09064611a769947eeb5db91b81236f5e183c462869836589a27809b42b
vcm_train_008244.wav,fil50_10475_ref_tagalog5_VOLUME_DOWN.wav,385fd25c3158ff17c5b6dfca9f8c21fe8c442ab2e69b438c6b9fe2178c0066c7
vcm_train_008245.wav,fil50_02156_ref_tagalog10_TEMPERATURE.wav,9856b493e505c06d725e49ee8a3f9d277cc0343780dd63b77004fc666ed13ea1
vcm_train_008250.wav,fil50_01339_ref_tagalog1_ALARM.wav,3cce461eca0d4fd1f2ef474543c6bce58ef7c6892721b959314d2ec3119b4302
vcm_train_008251.wav,fil50_07871_ref_tagalog2_LIGHT_ON.wav,843555ae0278d0587015bf9387198a0c30a33c27f8596e07fbf8d29e90334e1b
vcm_train_008252.wav,fil50_04668_ref_tagalog13_TEMPERATURE.wav,22e4d6655446c2fefa7c925721c895100d05b615937376ebf562a30bbce54f64
vcm_train_008253.wav,fil50_09614_ref_tagalog4_TEMPERATURE.wav,e5fa9c67696c1e06e724519ca82c8adafdaaabb4825d5d577d0c4a7b940566d4
vcm_train_008254.wav,fil50_12990_ref_tagalog8_LIGHT_ON.wav,c25b7c6ed8a962278007b20bad67749cbde694b1c5b0642f74482e8eba684b0b
vcm_train_008255.wav,fil50_05505_ref_tagalog14_PLAY_MUSIC.wav,28a61e3e9508d1122836631863a593b22af49a7f3525dea3afac58fdd6038d65
vcm_train_008256.wav,fil50_06361_ref_tagalog15_ALARM.wav,4353a362836ab72a466910e536f73d1ac32f4fb2f0c65d2a8eacce273c0ab6d8
vcm_train_008260.wav,fil50_11306_ref_tagalog6_CREATE_REMINDER.wav,3276db5fe33e3c02afdd2b9e4851b5ea7198e19b25c4b2d9b68152d305e849bb
vcm_train_008261.wav,fil50_10476_ref_tagalog5_CALL.wav,087309c73162dedbe518cb46c0db6fae5457fe2533641c4844dbedd574b2d3a1
vcm_train_008262.wav,fil50_02157_ref_tagalog10_CALL.wav,1b166b2fda59b6ed15d9152787be76c2c9e964120cd8309d7b4f09816b0a2e7d
vcm_train_008264.wav,fil50_02972_ref_tagalog11_VOLUME_DOWN.wav,ad8d4ea955ea0f4ef8db2be4b06e5783e40852c243579618efaa38bc4446919d
vcm_train_008267.wav,fil50_01341_ref_tagalog1_TEMPERATURE.wav,dcda3ea8d13ce58e01f546151934afee7c2e755e469e8248a5d4ce512ceeead1
vcm_train_008269.wav,,2ab773805e057d55b977d77e508bf4eb3412f24e8e83a4cb4f4d00ba07bc23f4
vcm_train_008270.wav,fil50_09615_ref_tagalog4_COLOR.wav,1bad892f9ff3659634abc3117ba8eaa4e71f7206001554b27180d900bdeea075
vcm_train_008272.wav,fil50_05507_ref_tagalog14_COLOR.wav,7481ffd336cfbbab101c392b321aed8d4ba189482d50608953dd31ca3c0e2fbd
vcm_train_008273.wav,fil50_06362_ref_tagalog15_CREATE_REMINDER.wav,99a65e52f08a37625065fbc398209e2692a97b62711135735ae19a2b1242019b
vcm_train_008274.wav,fil50_07103_ref_tagalog16_CREATE_REMINDER.wav,7fefcfeb7a669b84c02e3dae448274aa92103c83ba47b70a5da01865abcab595
vcm_train_008275.wav,fil50_03785_ref_tagalog12_TEMPERATURE.wav,6ae0ade7d9d06598b989cc8fc1350e9457e33b29fd8aa9c8ec9bb26822d2a39e
vcm_train_008276.wav,fil50_00485_ref_ilonggo1_COLOR.wav,c8d7600045b8395bb7ad897418849717c18339761f2fc66daccbb102281a3703
vcm_train_008277.wav,fil50_11308_ref_tagalog6_LIGHT_OFF.wav,638dbdbe80514b8823e10f91bccfa3e5a392c9fb1571f22684737d3671ec8b2c
vcm_train_008280.wav,fil50_12156_ref_tagalog7_MESSAGE.wav,841970f45734fb37937c5c4aa2878b6e20ce61e8330a650d3705ce7c66a3b35a
vcm_train_008281.wav,fil50_02974_ref_tagalog11_COLOR.wav,ca139bf61cc0d3050d61f39fb07f798be0f34a59e34bd8539624ddc7d5b7db32
vcm_train_008283.wav,fil50_08790_ref_tagalog3_WEATHER.wav,5e350a594638cd30c7c40b279a242542807af77df0f08c26c912ce29b4e4578c
vcm_train_008284.wav,fil50_01343_ref_tagalog1_NEXT.wav,b0ec559886782d22d591ba1390a630284d973e75a7d910396c07e3331b3c6fad
vcm_train_008285.wav,fil50_07873_ref_tagalog2_TIMER.wav,abbd35c8bcdfd186228191cbb4618f0e7cefbaf220ba374755bad1515d7a6ddf
vcm_train_008286.wav,fil50_04670_ref_tagalog13_CREATE_REMINDER.wav,2c05e5ba3fadcaf2a154242eaffcb09c63928918ace55d12abfb04bb964e7cca
vcm_train_008287.wav,fil50_09616_ref_tagalog4_VOLUME_DOWN.wav,9ff79c00157f818f1b778b71c5ce67f8fd3b4fa97e1a671f11ff0e17c8aa1848
vcm_train_008289.wav,fil50_05508_ref_tagalog14_TIMER.wav,23b7b49d9836a3fe8d3647f4c6f82659752697043d6a4b6725c837f36dfc99dd
vcm_train_008291.wav,fil50_07104_ref_tagalog16_ALARM.wav,dbd693b591c845af21425035394404771baa087ff03ae27c9cff761fe152145f
vcm_train_008292.wav,fil50_03786_ref_tagalog12_TEMPERATURE.wav,2a564ab3e85de0702f122a414cee9de1727e5fb38b88bf5d22c57578be093915
vcm_train_008293.wav,fil50_00486_ref_ilonggo1_VOLUME_UP.wav,9ce3e1983d09fe580eba40860daf80463df7a05004356d31247765fb37ca0747
vcm_train_008295.wav,fil50_10478_ref_tagalog5_TIME.wav,bcc12179036cbc1a05861a854e02251c00c8bad7345de71fce2765508591d681
vcm_train_008296.wav,fil50_02158_ref_tagalog10_TIME.wav,6184ef5d7fba9b986d9be2939579c681da6e7a00e1d5de90a2e9bd48568219ab
vcm_train_008298.wav,fil50_02975_ref_tagalog11_BRIGHTNESS.wav,e4c1ff13c2271defc79c2a2d6a9e5b324e6f1a1fb47add2a7440698467f6fe65
vcm_train_008302.wav,fil50_07874_ref_tagalog2_LIGHT_ON.wav,813d8851cd1b641b7175185188487d814b8be2f281fbe3b5f329a6d942b4768c
vcm_train_008303.wav,fil50_04672_ref_tagalog13_MESSAGE.wav,48a6d324f5f7171ca8ec616e2ed627862769be54254c21dfbfcc9208ebf2abbc
vcm_train_008304.wav,fil50_09617_ref_tagalog4_TEMPERATURE.wav,f2f644b07f563d63958642945417963d49f29d2ef6c50f1db5aaada2dd133557
vcm_train_008307.wav,fil50_06363_ref_tagalog15_ALARM.wav,ed308b5711e2800b61389c7db80cb24f70b698760c31dd012ab4b2ecda428510
vcm_train_008308.wav,fil50_07105_ref_tagalog16_ALARM.wav,7103a034f290b1341f58a02c8735916762b088a5247b89b59237d90edaa9ce2f
vcm_train_008309.wav,fil50_03787_ref_tagalog12_LIGHT_ON.wav,d9260cc7ba0130034b60e43e22d010697f2f3f9e9d053c5c8387ac7d60025440
vcm_train_008310.wav,fil50_00488_ref_ilonggo1_COLOR.wav,cce0b736c0b177bfa6cb0888afe8f4c787211989aca5f38c0742785053028261
vcm_train_008311.wav,fil50_11310_ref_tagalog6_TIMER.wav,0a885e26aa9be9d51b6e1d53e4addd198553b809001ac8b4effd3d7819d31f2f
vcm_train_008313.wav,fil50_02160_ref_tagalog10_BRIGHTNESS.wav,88a5ee49e69c8ef4654ff63c0fb8ad3b641f8d925aef4b91787edb174b09befb
vcm_train_008314.wav,fil50_12157_ref_tagalog7_TIMER.wav,411ebeb2e77578eb32be3ebbdb518aa5128810864759661f97494d3896651628
vcm_train_008315.wav,fil50_02977_ref_tagalog11_TEMPERATURE.wav,9b9edd51d0e57593d91fb2185bc54dfcc365e2ffc5a0295b00d90d02a29ff7d9
vcm_train_008316.wav,fil50_13780_ref_tagalog9_LIGHT_OFF.wav,eaec454d80b9a8b5758693e227a87ac04b77bad20132099276f45960ceace255
vcm_train_008317.wav,fil50_08791_ref_tagalog3_ALARM.wav,862ff2d7f1138d1ef4988da0b5c2c0bcb6653f5f6ff09c84f05a858363f978ce
vcm_train_008320.wav,fil50_04674_ref_tagalog13_NEXT.wav,5a36840d597b92ae4b4cd4be6774fe79c4e1dc0f7a27c0b0d68b6c7236d69ccd
vcm_train_008321.wav,fil50_09618_ref_tagalog4_BRIGHTNESS.wav,cebd24456ffdf3a354c5721d3a4f3babdb5b1bb4ebd0a248bb3b704502c91dc3
vcm_train_008324.wav,fil50_06365_ref_tagalog15_TEMPERATURE.wav,18264102a4bb5cbf60fc376bf62129ef52d865a164225846e0fba0644e528ca3
vcm_train_008326.wav,fil50_03788_ref_tagalog12_BRIGHTNESS.wav,ea9b31993b8aa3ff364506ffacef64d35fea0f14728076b501ac3b075f151bde
vcm_train_008327.wav,fil50_00489_ref_ilonggo1_TIMER.wav,37540aef94e0e8a909c45d646400bff95afdad72e2e4757196691693512e24e6
vcm_train_008328.wav,fil50_11311_ref_tagalog6_ALARM.wav,b0d83aec470469fb8c0393f42a8a19bbffef086bb3c9f47bec8bf359d8429333
vcm_train_008330.wav,fil50_02161_ref_tagalog10_CALL.wav,af05fee02947e6a69a92e14395324e725bfcad6a3020adb8bf1d2e92aaba52b4
vcm_train_008332.wav,fil50_02979_ref_tagalog11_WEATHER.wav,1c834da90a743e9466f65b40b5cdaba7889a036ec30091e59321d6b815a635a3
vcm_train_008334.wav,fil50_08792_ref_tagalog3_VOLUME_DOWN.wav,8b6b9fada23ff3064248fc14b3e202e11351a5f43336b44b8d093418cfe0efa6
vcm_train_008337.wav,fil50_04676_ref_tagalog13_TEMPERATURE.wav,4b09d777fd411c9995606f73c41d32b133f86970892a815732345c07f6610775
vcm_train_008338.wav,fil50_09619_ref_tagalog4_TEMPERATURE.wav,71808bebca28c5580d1e36bcc3f85abc4637ccb77ad2f1953f0eea3574cd06f8
vcm_train_008343.wav,fil50_03790_ref_tagalog12_TIMER.wav,1c324909fc8b50148ad6abe943357c6b162d07a02e50de16db4498e33bbe31ae
vcm_train_008346.wav,fil50_10479_ref_tagalog5_VOLUME_DOWN.wav,22c37ca8511abd5d7edf1cfb4d3145e2eba59087984f440fbe9dc01b2911c6eb
vcm_train_008348.wav,fil50_12158_ref_tagalog7_TIMER.wav,1e77b63ba74165d275d0362d7d3130d3de1f29ed8dd7cc12290eee8f1eca8f88
vcm_train_008349.wav,fil50_02980_ref_tagalog11_CREATE_REMINDER.wav,72a117409b60213af63c7ea7ab7ec29831fd99a82e66bbcaec3a104f5bb3c687
vcm_train_008350.wav,fil50_13782_ref_tagalog9_ALARM.wav,685d5af81664a80c0cd3088fcfcd8e8b2b5c9e32ba59337dfd5bfe2b45d9865c
vcm_train_008353.wav,fil50_07875_ref_tagalog2_ALARM.wav,84eeadeb9ea4f7bb91b70a0a9c67888cfcc491dd418584ec9b3ee022d86d469a
vcm_train_008354.wav,fil50_04678_ref_tagalog13_LIGHT_OFF.wav,d76902c2070cd91b9c381a4365122eced2f78151e37aa649849252f787202b4b
vcm_train_008355.wav,fil50_09620_ref_tagalog4_PLAY_MUSIC.wav,43f773ffba54556b7c8e239203ffc8af28681f5221d5909cae6a0d98f7691479
vcm_train_008362.wav,fil50_11313_ref_tagalog6_NEXT.wav,d92beb40df889d2696362e2a9062016c30983d595d717fbcd5484f2e30423158
vcm_train_008364.wav,fil50_02162_ref_tagalog10_LIST_REMINDERS.wav,7ce5b910d54e11d73cd27704505d60889481a8ac1e41a226e818b75779578c15
vcm_train_008367.wav,fil50_13784_ref_tagalog9_STOP.wav,ebf563baca3433396ee1ce2edbce43b7e061ed5896617bc648874d4bba90ee7f
vcm_train_008370.wav,fil50_07877_ref_tagalog2_TIMER.wav,39787a90260ab4af0de543cfbe03dc60b525f44b1f76afe54516496d1bb61b72
vcm_train_008371.wav,fil50_04680_ref_tagalog13_TEMPERATURE.wav,0909177f4438f7d724584a722aff460430a5ec21769ad99f4d00930b2064bec6
vcm_train_008372.wav,fil50_09621_ref_tagalog4_CREATE_REMINDER.wav,8bb1028bf615dc3d8cc3ff9d59833d08deda5ee913bbaac42a6e97bfbb8b8eac
vcm_train_008374.wav,fil50_05510_ref_tagalog14_TIMER.wav,8dfb2fbb1ea138fc524cb39678148cfe0c1f0d51f9fe639c1795db3dc3c2ea1b
vcm_train_008375.wav,fil50_06366_ref_tagalog15_COLOR.wav,3185518529fcda631ba3d5ae52cd003aa62287695fe606e99dddc79c60a6002a
vcm_train_008378.wav,fil50_00490_ref_ilonggo1_TEMPERATURE.wav,00ec6560ad465d1278961fa9e640d35c0bcbea7ace12fed8bdc3a793980536cf
vcm_train_008385.wav,fil50_08794_ref_tagalog3_TEMPERATURE.wav,2fbe7ccca8314850f3f34a1d8b74137e382c49fb1a25c0401c62043e2542c8e1
vcm_train_008388.wav,fil50_04681_ref_tagalog13_ALARM.wav,285233b7f286bfae0f8f0ae27167ba143b740a3f9f18377a9714c49f77d4eb85
vcm_train_008389.wav,fil50_09623_ref_tagalog4_ALARM.wav,83b9b8243aa7a2e363d16100ec3966d3a48f83ee2e979c6ceb432bc4b59d7a75
vcm_train_008391.wav,fil50_05511_ref_tagalog14_TIMER.wav,4ab270d7d0bad22a3b36488684f3b0d84add175df5bde02e7bc125071f652c3a
vcm_train_008394.wav,fil50_03792_ref_tagalog12_CREATE_REMINDER.wav,502adbd67f44c3980450e861db079306c7a97e7366b4f69ebb81a656b244e37f
vcm_train_008395.wav,fil50_00492_ref_ilonggo1_CREATE_REMINDER.wav,dd8fbdadcaae4fbcb607d22af707fe3ff2eff12c0ed31240beb1570914d7c563
vcm_train_008396.wav,fil50_11314_ref_tagalog6_TIMER.wav,eebf49216946576e09d5fc832473b0ab8ac83fa6cdf01fd264f21e064398ea9d
vcm_train_008398.wav,fil50_02164_ref_tagalog10_BRIGHTNESS.wav,c93e92a896656a58b1bd6b8ac178ec4414146eac068df1d97921f825f019f2e1
vcm_train_008401.wav,fil50_13786_ref_tagalog9_NEXT.wav,f7bfcb07e8e1494c42eef5e88c8ea339f8fd7126dce2281fcc3d9db7f2e22377
vcm_train_008402.wav,fil50_08796_ref_tagalog3_CALL.wav,083a8931e9e824df51d3605822e3eae85ec0516b16b67037f7d9053ac172c9ec
vcm_train_008403.wav,fil50_01344_ref_tagalog1_NEXT.wav,4bd5777837c8c3d580f34fc9205da4b7d8b28654760bdd464bfdc01cff46cfeb
vcm_train_008405.wav,,b42d4221e4899f0354a64422381e512461171dc90b7bf5a8e9a2f7323914f05e
vcm_train_008406.wav,fil50_09625_ref_tagalog4_NEXT.wav,d9f4dd4b9e50087036f6da3ed2398ff7c890acf834774638e60f7e2c06d6e5dc
vcm_train_008409.wav,fil50_06368_ref_tagalog15_VOLUME_DOWN.wav,789a50119417b44f5ff33c5973aa2aeaebfda8d6b1d033888193e7c79e798e90
vcm_train_008410.wav,fil50_07106_ref_tagalog16_VOLUME_UP.wav,fc1f78d001a80ecb7f4bb0ce2c76d05ab5c8c1c28ded1c05457884d3e13cc765
vcm_train_008411.wav,fil50_03793_ref_tagalog12_CREATE_REMINDER.wav,516540d48bddc74dee2875cb5cee78e3d06fd917f055da8ff8de17ce96c93e06
vcm_train_008414.wav,fil50_10481_ref_tagalog5_TEMPERATURE.wav,789c43aa452f79a431a9fb0144945ee29931cd5571f8c61960a5e097fb8a2a96
vcm_train_008416.wav,fil50_12159_ref_tagalog7_TEMPERATURE.wav,5ca67841d59e1526bc54377635a4de68a6ae330113441af12dc17b694358b550
vcm_train_008417.wav,fil50_02982_ref_tagalog11_BRIGHTNESS.wav,ccfced6a2ca89771e7a42e7225aef41bb830b889b47c0ef8d39284b0fea7a269
vcm_train_008418.wav,fil50_13787_ref_tagalog9_LIST_REMINDERS.wav,c1a7f1faa74ac6bf5f5357d87c6b6cb1c49247cfe96b67eb112a744fcf59ef4a
vcm_train_008419.wav,fil50_08797_ref_tagalog3_LIGHT_ON.wav,8bd637a959b20e4d22306d0b7f052cbb7bde5c60c681297c1a29c6e903b94161
vcm_train_008420.wav,fil50_01345_ref_tagalog1_LIST_REMINDERS.wav,0d39c9de13d0930f9dd022dc23d0dbb7aa83777f6c29323749453c2d746274d2
vcm_train_008422.wav,fil50_04682_ref_tagalog13_ALARM.wav,c1105bd8a157cd1c98a6c3347bee244ffd5e6e3dd0336dfe49bfe8cd1e95de5b
vcm_train_008425.wav,fil50_05513_ref_tagalog14_TIMER.wav,a47a0023079f382244fcc9c4777c6a9f5a267202ea6f7ab3103487760c99e8f8
vcm_train_008428.wav,fil50_03795_ref_tagalog12_ALARM.wav,81f878ba0842b08756244314616be12f9733f6f8404e1177c1a6c5dbbc455f95
vcm_train_008430.wav,fil50_11316_ref_tagalog6_TIMER.wav,131560fc4908046654313f56622afd720abad8a17e68605dbab877acf093e856
vcm_train_008431.wav,fil50_10482_ref_tagalog5_LIGHT_ON.wav,efd1f38b77e366746b0ef92dd29d71d43947e0c192d8ae39ba384eac41a91a77
vcm_train_008432.wav,fil50_02165_ref_tagalog10_BRIGHTNESS.wav,ff45149941238cd07dd8df962d2ce320801cfbd5868c58c7197cc1e1b658bef4
vcm_train_008434.wav,fil50_02984_ref_tagalog11_LIGHT_ON.wav,665857077d35eb95ebf2c12978848d5d1ec1451369567075bf955a73616cf179
vcm_train_008435.wav,fil50_13789_ref_tagalog9_PLAY_MUSIC.wav,9f2d344fe722bc84be5751344f9dedc73c3b1ab9bcaccc444c47a1414c6cf09c
vcm_train_008436.wav,fil50_08798_ref_tagalog3_COLOR.wav,ce62ecffcbb5d05f4660ff37d0647d24a352e00e283319c571d28d0c45ca2c51
vcm_train_008437.wav,fil50_01346_ref_tagalog1_BRIGHTNESS.wav,6c7839cb22d60d1bf21db32d25ea8fe8b061eb77dde82428f78cb9657919d983
vcm_train_008439.wav,fil50_04683_ref_tagalog13_TEMPERATURE.wav,668b02c4405c69e4c1100ac4f9eb043e14735c5a0d44db5fd054b44790058f08
vcm_train_008441.wav,fil50_12992_ref_tagalog8_NEXT.wav,317c4df6800226ab26691c9f2b0c8a7df8d3dc2bfac001e3b7539a58709c10fb
vcm_train_008442.wav,fil50_05514_ref_tagalog14_CREATE_REMINDER.wav,e17582aeb5cc73200de0c41cc53aab57ed4f1e27c5be0fe63ea6fa8911f42721
vcm_train_008446.wav,fil50_00494_ref_ilonggo1_LIGHT_OFF.wav,d10d758c3d90124c46854bd873b1911cff53bc39fcf0c95952313e0be3459d55
vcm_train_008447.wav,fil50_11318_ref_tagalog6_TIME.wav,7c4567c9ac6bb4adc4785a8edf226ec1158a657bb37d5f13418f9bd93c47ebf4
vcm_train_008448.wav,fil50_10483_ref_tagalog5_WEATHER.wav,7b3a330fdf9a5c287d784047ed22bedfb0f5598ba64d9cee9d852ad9ecee3511
vcm_train_008449.wav,fil50_02167_ref_tagalog10_ALARM.wav,e28778902e69e40487bae0b800fbf93f928b657feac7e99fad054094e7550e9f
vcm_train_008453.wav,fil50_08800_ref_tagalog3_VOLUME_UP.wav,691e55f6b7697093592cbde46903e18e70f3f0f2b6174328019b759d3a2752f7
vcm_train_008454.wav,fil50_01347_ref_tagalog1_TEMPERATURE.wav,78b194c136766e2ceaa4c0838316f51866dc712f8ce1762ac149b28c876efed6
vcm_train_008455.wav,fil50_07878_ref_tagalog2_VOLUME_UP.wav,62508094d654f0acfdfd93a0252dfde68963dbd99aa636262283eb545c2e5f81
vcm_train_008456.wav,fil50_04684_ref_tagalog13_VOLUME_UP.wav,5e420f7c30eda310fa4ae703694ae4a46d53fab0d457eb84815d07b44de8e07a
vcm_train_008458.wav,fil50_12993_ref_tagalog8_TEMPERATURE.wav,cb3bffc997aa16bcdbe0d71108584fc29826c873eb4ab63d905574f4c030008d
vcm_train_008459.wav,fil50_05516_ref_tagalog14_WEATHER.wav,8738efe2829e4d0591987061d5841dc3279df253ce8893068b20c968b0047d53
vcm_train_008460.wav,fil50_06370_ref_tagalog15_TEMPERATURE.wav,808a50ffccfc7f0f3dac827c3ac953e3a02f4c717f7c87b7efc73a5acb9a152e
vcm_train_008461.wav,fil50_07107_ref_tagalog16_NEXT.wav,cdd07f4b0c966128ecafc6385029137a21f08f892557a2aaec76e8ce3407fa90
vcm_train_008462.wav,fil50_03796_ref_tagalog12_TIMER.wav,df569052a31131788b8db899e1e322b38dfb5c857bcf3842ffdf572bfae560e4
vcm_train_008463.wav,fil50_00496_ref_ilonggo1_PAUSE.wav,216f73ce44152de95293a3f12c014ad940cb33758175fe2d218f7c91b9447c18
vcm_train_008466.wav,fil50_02168_ref_tagalog10_CREATE_REMINDER.wav,21168f4ff3d36b23e4dc59da441d1df313205ba3d64b4b7da64709df9e319166
vcm_train_008467.wav,fil50_12160_ref_tagalog7_WEATHER.wav,2198f8023eb48d9f2e7b1100f148367203658411a8e0a85d6e158b42bf58378f
vcm_train_008469.wav,fil50_13791_ref_tagalog9_LIGHT_OFF.wav,0f2e26be66a49ddee63fec53c95aa1736032471ab5f3d9bab9f3e4e798048073
vcm_train_008470.wav,fil50_08802_ref_tagalog3_PLAY_MUSIC.wav,94e20788eb9a051e01135e697d79963f06f55fea4f54bb4d87aa9489bef97d8a
vcm_train_008473.wav,fil50_04686_ref_tagalog13_TIMER.wav,514a1cc78e06bbfa4c8fbe8f6df5d0c56c0e7c592464c87cad9448aa7258e159
vcm_train_008474.wav,fil50_09626_ref_tagalog4_CREATE_REMINDER.wav,a292a1d266ee56aefa15b3aec888bf87beae112f24b4b4e3f3d183098672eb9e
vcm_train_008475.wav,fil50_12994_ref_tagalog8_MESSAGE.wav,3cee8d6b17a86eb1b698bb2fba73c15fd0a47b8a0da60d5c50851774ee6a0049
vcm_train_008476.wav,fil50_05517_ref_tagalog14_STOP.wav,4bfd38c0edd3b0a02ab0873909bdeae3e18e32c65b734c9619269b5fa11d2034
vcm_train_008479.wav,fil50_03798_ref_tagalog12_CALL.wav,7cb73221e0470364720dc91864eff2289ceec85252989d818f96e397e8c7b868
vcm_train_008481.wav,fil50_11319_ref_tagalog6_ALARM.wav,06eab090bdcb9029e8a79e6f89a0aead6ef18558a8ed88ff85c156272f32bbf6
vcm_train_008482.wav,fil50_10484_ref_tagalog5_WEATHER.wav,da77afbab61ec3d77d2f7d15bdf1c95acc93c1c748ab7e1d6c4855af99aa05ac
vcm_train_008483.wav,fil50_02170_ref_tagalog10_PLAY_MUSIC.wav,7ab2e5043bcbdcd4ccfdd2475106f4a9d7e23230ff2ef76ae064cd4b88ee3c8a
vcm_train_008485.wav,fil50_02985_ref_tagalog11_TIMER.wav,153f0d98e1c7a48be500c95523ce646358bff8af48d1b16f2eb1f00e9328b9bf
vcm_train_008486.wav,fil50_13792_ref_tagalog9_ALARM.wav,736841df693417f2e2aa3f6c0e36b6a6d25ab131363c5c136b83a370aa1281a0
vcm_train_008487.wav,fil50_08803_ref_tagalog3_STOP.wav,e04a5805727ea0d05f4629ad79a131605a447e13f44249ee4bd446558ae676ad
vcm_train_008488.wav,fil50_01349_ref_tagalog1_WEATHER.wav,fb716b4fc60ef098103ec0b499d1d25370ea28993212d6cd0eada7f176d97cca
vcm_train_008489.wav,fil50_07880_ref_tagalog2_TIMER.wav,9a0b78b0f6a27107d85fbbb7154a626bf9210d2abab1d0d51a086b1b8f5697b2
vcm_train_008491.wav,fil50_09627_ref_tagalog4_TEMPERATURE.wav,96e919da4335c497858a176a72196e696163dd8bfc484b3a5502d0becb0a399b
vcm_train_008494.wav,fil50_06371_ref_tagalog15_ALARM.wav,26b5f83105810667f26e3698ef260ba46288960c5c13bb02f38c9659e643bd8a
vcm_train_008495.wav,fil50_07109_ref_tagalog16_ALARM.wav,306f153f095ad4665e1680f826f52126c13d7019cc732f7b7f65519501bbbb2e
vcm_train_008501.wav,fil50_12161_ref_tagalog7_MESSAGE.wav,a0f79bbee3f0f6b1e67e0b420b0c0183cae3f670bcff817450b3eda4b2e2f681
vcm_train_008503.wav,fil50_13794_ref_tagalog9_TEMPERATURE.wav,0f9daa654e0d5f74875d3e0dd434769e03218f134a9ca0e6c80e50fa37adb1e5
vcm_train_008504.wav,fil50_08805_ref_tagalog3_ALARM.wav,738ecc061c3a795f46c2f9d55a695c6fda13d8ea4e8c8e6a23a094b1cd0e911b
vcm_train_008506.wav,fil50_07881_ref_tagalog2_TIMER.wav,802ca98278b4a4e817396672151a8fe3329dd623759485d821d62f2d20a53f3d
vcm_train_008507.wav,fil50_04688_ref_tagalog13_COLOR.wav,4f6196c2ecb44517e99adbaa23f1d8d78cdeb7f6668222b7ae4197fea92468ac
vcm_train_008508.wav,fil50_09629_ref_tagalog4_ALARM.wav,fc39d55f2b5f17e6b8903a478be2b8e905c14920cca638ce0a22368db3bee95a
vcm_train_008509.wav,fil50_12996_ref_tagalog8_STOP.wav,36aaade75d57ab9a1bdf0a5f78a5820badc2a095dc536f8c888c511e51f857d2
vcm_train_008512.wav,fil50_07111_ref_tagalog16_LIGHT_ON.wav,8454eee59e6831d9ea1d3f6afbe9cf519991387fe48ff289cf2aaaacd9e673ef
vcm_train_008514.wav,fil50_00497_ref_ilonggo1_LIGHT_OFF.wav,c92a1fe83e91dccbe458a9500c95733def215a5fc15854d9a620782cd32cb0c7
vcm_train_008515.wav,fil50_11320_ref_tagalog6_COLOR.wav,f7f41d7cf740d1faf188f633f0457edeeac5331b632abc266a525bb7aff9a144
vcm_train_008516.wav,fil50_10485_ref_tagalog5_ALARM.wav,12be416616c2cc7d0100d24dfde8546984fdd5aca011cef888968505a5969a7d
vcm_train_008517.wav,fil50_02172_ref_tagalog10_CREATE_REMINDER.wav,74cafe45db1a1fdd2e27651053dc6d7ab65a7fa4221555a78ea32458e071b7f2
vcm_train_008518.wav,fil50_12163_ref_tagalog7_STOP.wav,898703b6f31f0e583f4b7b296e11c75f27002473eb9ed9e18dba6f90602aa0b2
vcm_train_008519.wav,fil50_02986_ref_tagalog11_COLOR.wav,b282a5f14f034b2e105f6ab516a8d3ed1200b1b30d74afdeb17849db9e274de4
vcm_train_008520.wav,fil50_13795_ref_tagalog9_TEMPERATURE.wav,a7ede8bd30557d502b61b83832bc942bac562aabd6ac7e2f0e2b59c961cd0265
vcm_train_008522.wav,fil50_01351_ref_tagalog1_WEATHER.wav,b8225e8f2ff83cdd8dd5b4cf7b13137d57a3526d12c3520bfee5790464a74e87
vcm_train_008527.wav,fil50_05519_ref_tagalog14_ALARM.wav,1d42af61308d02758115571ae0b046a1ad31ddea40aa222110eab00c34ea5c3c
vcm_train_008528.wav,fil50_06372_ref_tagalog15_COLOR.wav,f5a7cc6709b4d8d0351cc0169ffab02c56f8327d36f1a7be8ecb32073605e03d
vcm_train_008529.wav,fil50_07113_ref_tagalog16_CALL.wav,f72b4a4298ca6da0801b902c892db7baab0a733f5566c85fbd72ddcc0dc747cb
vcm_train_008530.wav,fil50_03799_ref_tagalog12_VOLUME_UP.wav,24f3b8da2af9ff64d1375e4f308eb8fb726ffd08d42b3776c27512bc8d67ebeb
vcm_train_008532.wav,fil50_11322_ref_tagalog6_CREATE_REMINDER.wav,86521a99570b9654a10c05fa776a5a3a867ff8cbf85b08e0f121ec64b2335014
vcm_train_008533.wav,fil50_10486_ref_tagalog5_VOLUME_UP.wav,c60899ad1c53c4f3db99cf709d2e88362e76720f8f78c5645247c79736bafd77
vcm_train_008534.wav,fil50_02173_ref_tagalog10_NEXT.wav,377ecde23b5e5a6ca5406d7b9f1e352b5416750d719132a8c8e95dd69ccecad9
vcm_train_008536.wav,fil50_02987_ref_tagalog11_LIGHT_OFF.wav,a0bf42c158efa30c019c0d00460c5a5b0f8fe0d9fa730599fab413ad0dcf6099
vcm_train_008539.wav,fil50_01352_ref_tagalog1_STOP.wav,6a1b5c19e89680a6036b609a09355af8d26dc50dd0d7870cf66e21747577a813
vcm_train_008540.wav,fil50_07882_ref_tagalog2_VOLUME_DOWN.wav,6775f97145d988164b2f057474becc73f1c7d8f1f876747b100ac714630795cd
vcm_train_008542.wav,fil50_09631_ref_tagalog4_BRIGHTNESS.wav,b99f9cedcf4ef48a88090ec19b910568fb4478dc944f370fd053caf65d33a4ce
vcm_train_008548.wav,fil50_00498_ref_ilonggo1_TIMER.wav,d9def7956c98df9fcc91738bd57ed24f4e7a954ae41d1351ec51fd26c4beccf3
vcm_train_008550.wav,fil50_10487_ref_tagalog5_STOP.wav,a92db2cf669195e97120e42bde98ca8ce71e6f01e370bd5ee1eb54427ed84106
vcm_train_008551.wav,fil50_02174_ref_tagalog10_COLOR.wav,7753abe5f68d56bd589f9d1af88e4263d82cf5ca67f049815155bdb63fb1ff45
vcm_train_008553.wav,fil50_02989_ref_tagalog11_LIGHT_ON.wav,8aa36024d0144279aed39dfd8357159fe923d8e56d2842d4566316ee3c81285b
vcm_train_008555.wav,fil50_08807_ref_tagalog3_STOP.wav,b7c18d5778f32437377cc62f02a39697c9c3d7b621fa59e3b57271a60c9319a0
vcm_train_008556.wav,fil50_01354_ref_tagalog1_VOLUME_DOWN.wav,e7addb584bfd93fb9e77c2d0dc631b99c72cf480d5bca9c0992067bb5607d81c
vcm_train_008557.wav,fil50_07883_ref_tagalog2_BRIGHTNESS.wav,59ef4935b65af671ca3d840747162c8cc9bee0696af7f501e9db13cba4ed3918
vcm_train_008559.wav,fil50_09632_ref_tagalog4_TIMER.wav,56b865f161749f2c5e6179baefc267e1da2025ba22ff0f3ad61dd2fd65aba6f6
vcm_train_008560.wav,fil50_12997_ref_tagalog8_BRIGHTNESS.wav,dbb8c2474f6d1a470d662cc7fdbb26194ab584bd4bf675df503b1f9bf71b1f12
vcm_train_008563.wav,fil50_07115_ref_tagalog16_WEATHER.wav,49dc325979ea29b07e215c36d1e511e8d047831f240f4945e0cee82ef5c8731b
vcm_train_008565.wav,fil50_00499_ref_ilonggo1_COLOR.wav,8ef725a02afdcb8593dde4cf2e2b831b2d12348aa90f46c7e1c0e2428c663795
vcm_train_008566.wav,fil50_11323_ref_tagalog6_CREATE_REMINDER.wav,64e8d306812bbab7905a6a5ce41e85059dd9eb9ccddb9cea3996f8254b2f81a5
vcm_train_008567.wav,fil50_10488_ref_tagalog5_BRIGHTNESS.wav,97b6cc811b30724d768726ab37688975cc9e2d74efd77deca50b3f937f1a3c5d
vcm_train_008569.wav,,96cf6bbdb21e654a185966c9c1172ab87feb015596b95fd7a1f90bf01bae6eda
vcm_train_008571.wav,fil50_13796_ref_tagalog9_TIME.wav,50e6c658084f20aff93c2ac1a1a2d201533cd9d51636b14ad11c2b50c0cf2c6a
vcm_train_008572.wav,fil50_08809_ref_tagalog3_NEXT.wav,7382c02cb846ce4e1c16b310ea414e800f2b93e4c1cadeec59877952cac454f9
vcm_train_008574.wav,fil50_07885_ref_tagalog2_LIGHT_OFF.wav,6a4a506bd31244a2691c9bba4c43ba6c49d0d603e5edef6b345e7c4329b03278
vcm_train_008576.wav,fil50_09633_ref_tagalog4_COLOR.wav,21abecbaf076ed85ef96d84e637c477fd4f17ce2b3e474faa82aaebac526da64
vcm_train_008577.wav,fil50_12998_ref_tagalog8_LIGHT_OFF.wav,ea5d169dfe4da65e39dec273b0261d2af0cc6dccd5f3a9f071193de880c43467
vcm_train_008578.wav,fil50_05520_ref_tagalog14_BRIGHTNESS.wav,099cd005e4c52dbec16dead7e3c32f57e9f71faf00a88ca496b23e423a8ef8fd
vcm_train_008580.wav,fil50_07117_ref_tagalog16_TEMPERATURE.wav,a40dc06f375b0935dae11558470b117f961032c6a8b6162593ba0bc698dce3b4
vcm_train_008581.wav,fil50_03801_ref_tagalog12_CREATE_REMINDER.wav,92509e3c4fc49a86eabd60ea4ca1df29a0cc66b2e69d0484b931036f9da650e0
vcm_train_008582.wav,fil50_00500_ref_ilonggo1_LIST_REMINDERS.wav,3fc69397da1525784d383bce950d55d7a46ad40efefd2b1d71c021fd08b2d6b0
vcm_train_008583.wav,,f1232e655a8283b8abe91925bf2992b16e0522cf83d11671340365bdcec6d9f7
vcm_train_008585.wav,fil50_02175_ref_tagalog10_PAUSE.wav,aa158c329003c72dd98115205e2c3adbe329455cb7b316a6766b1573d94e9b9a
vcm_train_008587.wav,fil50_02991_ref_tagalog11_PLAY_MUSIC.wav,b253bfa8d4dceaeb7ff25e817ddfaceb0de4f9d61a02c9bf9f4dbab23fddf161
vcm_train_008589.wav,fil50_08810_ref_tagalog3_WEATHER.wav,c352685f9823a031cb09876061a66b33b174ac1d51a9245fdcceace7da67e628
vcm_train_008590.wav,fil50_01356_ref_tagalog1_VOLUME_DOWN.wav,d81d7788a6ae4621768e4996cbf1ab79e3c05ce5a8c70de8fb21438b4fba4246
vcm_train_008593.wav,fil50_09635_ref_tagalog4_CREATE_REMINDER.wav,1399c77cd6e78d7a2bf4a7ef6a36c12d293ae140a484bb9690f53348e2829196
vcm_train_008594.wav,fil50_12999_ref_tagalog8_TEMPERATURE.wav,1fd6b9f04a019fa83633bd9f381bda1b33fb1bae9d23860773e2ad69245b470c
vcm_train_008597.wav,fil50_07118_ref_tagalog16_ALARM.wav,361c3f629aa25c65fffe47bf897a5f8f327e6a1e6902884c6078c44196a115f5
vcm_train_008598.wav,fil50_03802_ref_tagalog12_NEXT.wav,996e43f98468a2457601e7445698cb9f85368253125a71b7463f441f078b5d2c
vcm_train_008599.wav,fil50_00502_ref_ilonggo1_COLOR.wav,ff315647ad2afb2058d4fac1bdaf39b0eb1b8b94b394d481c9a9f15418f1ac11
vcm_train_008601.wav,fil50_10490_ref_tagalog5_VOLUME_UP.wav,19a526119839a5d1c6c0893db2f2893b75bc3a3673ee4acb528fd9e3c1a197ed
vcm_train_008603.wav,fil50_12164_ref_tagalog7_STOP.wav,a1e7fba3b684563358946c2a3a50b114a0d8628eda6688d793f379cfe63298db
vcm_train_008604.wav,fil50_02993_ref_tagalog11_TIMER.wav,742b1d533e6675a5e281347f9a8a398c44ff8cb0906a3dde7cf4179468ae3c86
vcm_train_008605.wav,fil50_13797_ref_tagalog9_CREATE_REMINDER.wav,fd9be2af0094c7a79693a3dff5cdd22c748632c351e38548666ad0d7b4fc4f59
vcm_train_008606.wav,fil50_08812_ref_tagalog3_PAUSE.wav,be8b5dbde4fb8a62384d2ad6162542da73a58d2b258e295e91444f8413b65834
vcm_train_008607.wav,fil50_01357_ref_tagalog1_STOP.wav,67c11370cdce08dd7fe9876114cf29cb8357d1eba8424f4f4cf4a592cbe67108
vcm_train_008609.wav,fil50_04689_ref_tagalog13_PAUSE.wav,a81ab51afe89cd2af9c29529c9008bb7690efc2fd662c0c8f9893bf5d89cd618
vcm_train_008610.wav,fil50_09637_ref_tagalog4_LIGHT_ON.wav,c2dfa08d00b2fdb7493c0371a1783ce91b00a84f091d17e24311337602f7d186
vcm_train_008611.wav,fil50_13000_ref_tagalog8_COLOR.wav,16a484b997e5de12fcf108ada902fc4c24915fe3e2989197cf886774158b03c1
vcm_train_008613.wav,fil50_06373_ref_tagalog15_COLOR.wav,ddc784800e9f26f5708f88166ac4ad9d549cda6ee9f81aadbf537edcf1247b0c
vcm_train_008615.wav,fil50_03803_ref_tagalog12_CREATE_REMINDER.wav,1fb95249132bcdbc5755fd9ce714f1eed1af5cdf7a05d9c432c5edd17cda8548
vcm_train_008616.wav,fil50_00503_ref_ilonggo1_COLOR.wav,9deb00ed2fa26897ce07b4e483a451d8c83ea9a56bd17a33aa97369ddce654a2
vcm_train_008617.wav,fil50_11324_ref_tagalog6_PLAY_MUSIC.wav,25ba48c124098cae8b538a6e101b4f696472396ef93a006fcc27d7a6b6717d54
vcm_train_008618.wav,fil50_10492_ref_tagalog5_ALARM.wav,5cc11a4e6e9b7b32d1943b1cd29c26a98bf9e11ce3db19f6957c48765aa13aa1
vcm_train_008619.wav,fil50_02177_ref_tagalog10_COLOR.wav,db62ccd2cfaf486ce9e69036cda27a22fcd61c2491203c6430e70c98709b6181
vcm_train_008620.wav,fil50_12165_ref_tagalog7_TEMPERATURE.wav,0cd4515de56eb4164bfad8151ddc3bb873342d12ae38deb1dda7a197d7b2fc5b
vcm_train_008621.wav,fil50_02994_ref_tagalog11_TEMPERATURE.wav,3398d7c04fb165d5c53d3f771ae6f03c6a939c451d7fc0dd053f98b84eee7fa0
vcm_train_008623.wav,fil50_08813_ref_tagalog3_TIME.wav,002e80a540f64033f0984a44f91f847db9a289c69d7225a5fce2a7bec7cb7fad
vcm_train_008625.wav,fil50_07887_ref_tagalog2_ALARM.wav,02e9df17948a13f376fff3f2088181a603501305a99c17b9d6517636fd568c86
vcm_train_008626.wav,fil50_04690_ref_tagalog13_LIST_REMINDERS.wav,5d724b1fe52f9ae9e68d7b87d311a936ec9c36a3833cfe1a964a787f70b41e6e
vcm_train_008627.wav,fil50_09638_ref_tagalog4_CREATE_REMINDER.wav,e350c9528b5e8059cd80b60edbda1c7ce5ea590db4800046dcabebe7d3b1663e
vcm_train_008630.wav,fil50_06374_ref_tagalog15_NEXT.wav,5ba884bc0236f064149694d64eb2c7521fa5fca3c4e4b0ce99c991bdd867c16c
vcm_train_008633.wav,fil50_00504_ref_ilonggo1_PLAY_MUSIC.wav,2486b931e59a4b8e20e43f67f5471e54d130aefa790393a7035fb74c6acec773
vcm_train_008634.wav,fil50_11325_ref_tagalog6_PAUSE.wav,b491f85b4af1aaa01f7251e205beba6cd25a1985c34d77581d80c1265210d274
vcm_train_008635.wav,fil50_10494_ref_tagalog5_LIST_REMINDERS.wav,4407cd3862f76eac1780f28e78b11090cae1dff4ffb67b787d945a89db3666a5
vcm_train_008637.wav,fil50_12166_ref_tagalog7_LIST_REMINDERS.wav,44100fb7002bdcf2faa82b721ad01292cf2ee964545fe568b2a631aba216e156
vcm_train_008638.wav,fil50_02995_ref_tagalog11_PLAY_MUSIC.wav,a1f464f66686911bb85c97f99537e7c176bffa7471df4f3d82050db4f0267d39
vcm_train_008640.wav,fil50_08814_ref_tagalog3_VOLUME_DOWN.wav,91d71acd6ae4f1152512fb9171ca9d37a9609c078e0b1847a8101fbc5b9260c6
vcm_train_008641.wav,fil50_01358_ref_tagalog1_LIST_REMINDERS.wav,c56386451122d92f82931d2c83c27fab89cd12b16016ef62060492e93d48c835
vcm_train_008643.wav,fil50_04691_ref_tagalog13_ALARM.wav,43cb972449d74e7c9ec131595fa97922e7e81e1c7201f77585f58a13879646bc
vcm_train_008644.wav,fil50_09639_ref_tagalog4_TEMPERATURE.wav,620d5c699a2dacba88ff7220226d8a740bd4d8b752b49a8125a45161a5a1a731
vcm_train_008645.wav,fil50_13002_ref_tagalog8_TIMER.wav,4e38343b4d3752094f7290c9447c92d4cacd372d8617c43d63d64579260f05b0
vcm_train_008647.wav,fil50_06376_ref_tagalog15_COLOR.wav,cdd5bcbebd90c4cb82681d822da669f545b1910ada410261ac885f3a44f5a3ad
vcm_train_008649.wav,fil50_03804_ref_tagalog12_TIMER.wav,c0441a27f03ab2f0cd6b8e858b0074970eb4ba33a969914cbd73a325eb02a153
vcm_train_008650.wav,fil50_00505_ref_ilonggo1_NEXT.wav,a49721a736494218723fee11851bdab59c8a59c14b0fff2826fc9a8e02e973b1
vcm_train_008651.wav,fil50_11327_ref_tagalog6_TIME.wav,151633095e47609d24757afe34768312e98d5571d156a75349c9ffadf92b2d48
vcm_train_008653.wav,fil50_02179_ref_tagalog10_NEXT.wav,986784845041089209dc95c04892b2c08672f278058c80f1b26be9e938b79623
vcm_train_008654.wav,fil50_12167_ref_tagalog7_VOLUME_DOWN.wav,51fa74c4e4dd20a3ad8ed483e9653efa94180b8698eeb4e8bfd45007615ab54d
vcm_train_008655.wav,fil50_02997_ref_tagalog11_NEXT.wav,50ff5864d7f42697eba0595a3377d7bf1229c435b59463e635bbc9ffd297ba6f
vcm_train_008656.wav,fil50_13798_ref_tagalog9_NEXT.wav,eb1b4d9544630918d70e2d7f966a00c68ba03e197d6f80974fbceabd71781eaa
vcm_train_008658.wav,fil50_01360_ref_tagalog1_LIGHT_OFF.wav,7449ac62dd62469ff874a70f2136c3bbc2aefcd68f972099e242c41a5aae8b4f
vcm_train_008660.wav,fil50_04693_ref_tagalog13_LIGHT_OFF.wav,f92142b6e7a51db4379455fcbe41278d7f0abcb6957f9eca7d17ac9afb8d2a37
vcm_train_008661.wav,fil50_09640_ref_tagalog4_STOP.wav,a58d6f27793ed3317338f51213f89a90408541069da23855e286dc5909bebfd5
vcm_train_008663.wav,fil50_05522_ref_tagalog14_ALARM.wav,fdb38828cd388ce5f6a8dfa5bacaf5c416ad2778045182e0b13ef643a9d4060f
vcm_train_008664.wav,fil50_06377_ref_tagalog15_PAUSE.wav,adf0d4fef6cdcad6a86b898ee028b0831f594cecfaa204d487d1ad3c6ec96670
vcm_train_008665.wav,fil50_07120_ref_tagalog16_CREATE_REMINDER.wav,42c08246a160c14158f609a01b1c55ddf0a1e07d7ef0989aed20931f059e99ae
vcm_train_008666.wav,fil50_03805_ref_tagalog12_CALL.wav,61040287cc04cb42d582b797ab6d65627c28720646b26cf53098b007dd82bf54
vcm_train_008667.wav,fil50_00507_ref_ilonggo1_COLOR.wav,0a1c5d2054ba49b60288a4b21209ac18ae96134ce29de9ecb59eb66a19cf95e9
vcm_train_008671.wav,fil50_12168_ref_tagalog7_TEMPERATURE.wav,efaab8f190defd2336b39860813acc7058f9ca06a7a5f6b815efcde626c1924e
vcm_train_008675.wav,fil50_01362_ref_tagalog1_NEXT.wav,306c4e284ac47815a9b903d1ff498720e963bdf86f978c8ce7610d04e7ca17cc
vcm_train_008676.wav,fil50_07888_ref_tagalog2_TIME.wav,7eacb22da49958678ea3c8f802a1edfbde26589a29d242c75033c995c0429ba1
vcm_train_008683.wav,fil50_03806_ref_tagalog12_CREATE_REMINDER.wav,66035010176c8e142b2ecde17e1d32fde22329404bafa8982ac6935a166026d9
vcm_train_008684.wav,fil50_00509_ref_ilonggo1_COLOR.wav,7a6fa1520d67295395806da2acaacd61726a0fb6647516ab917b835289106dbc
vcm_train_008685.wav,fil50_11328_ref_tagalog6_LIST_REMINDERS.wav,d8d025db47fcb034e8e1bf05a3289e2e17784c7f9fb594625e680cfa25958121
vcm_train_008690.wav,fil50_13799_ref_tagalog9_COLOR.wav,7f981db12c19e40f6cb8efdca5f044a31177bd9c69ea2f6130362378b426400c
vcm_train_008692.wav,fil50_01364_ref_tagalog1_TIME.wav,9f966d70c0cd6fa8a886a3714177565ff0d280489653fc5eeabb938ae60584b4
vcm_train_008694.wav,fil50_04695_ref_tagalog13_COLOR.wav,2d612f8303434c6667235560339005b865a0b1c851402bd2ad42503af381ab32
vcm_train_008696.wav,fil50_13003_ref_tagalog8_WEATHER.wav,d4c9427d565153b9113a5ca417b8733b04c4bfed50e05a452f0406a46aa44502
vcm_train_008697.wav,fil50_05523_ref_tagalog14_TEMPERATURE.wav,77d600f78ef8d51e6827ee47e3f34578757ce1b7afeda216fdc11efd73efc80b
vcm_train_008698.wav,fil50_06378_ref_tagalog15_VOLUME_UP.wav,379daa600abd1516bc8223649d13ba8d53da6605c08ea8b983543c12a39c72a8
vcm_train_008700.wav,fil50_03807_ref_tagalog12_WEATHER.wav,ec44d53400008ffbfcc139c07ce8ebbb06d32cbc0420bf3b9bceda73b133d026
vcm_train_008701.wav,fil50_00511_ref_ilonggo1_BRIGHTNESS.wav,86b2db184e7c2594d3e6e037268f2aa8d2b25fe7fe91f748c578c06418e254f4
vcm_train_008705.wav,fil50_12170_ref_tagalog7_MESSAGE.wav,90ec6bf5ab3aebd8afb2ca2e376ec2d7c5b8dde21d807a646e970a38a39d8af5
vcm_train_008708.wav,fil50_08815_ref_tagalog3_PAUSE.wav,65aa732dc7955b9b3254f049aa56c9fd89928dc5c5188c2fbcfc5a15c3fe9ae9
vcm_train_008709.wav,fil50_01365_ref_tagalog1_TIMER.wav,62c5418efa9a0743e6e611931305d41b7fa7f9355e0709418bab37961330b131
vcm_train_008710.wav,fil50_07889_ref_tagalog2_CALL.wav,5f4bc7909a4aa35a81aa558f2b1f69c93c60aac01305e85752628618b89108d8
vcm_train_008711.wav,fil50_04697_ref_tagalog13_VOLUME_DOWN.wav,34b10be1269e6b4fd9b1d37dfafec5c910eb93cd575e6bcffee73cd8b2b70793
vcm_train_008712.wav,fil50_09642_ref_tagalog4_PLAY_MUSIC.wav,23351a37d6aa695e807a74d098d02e62fb3701aaa974ad8c39a0669ed569ce3e
vcm_train_008713.wav,fil50_13005_ref_tagalog8_BRIGHTNESS.wav,f9996ba67885abfb6792f2518aed25702ddecf7c77ba44d7ccf6b716cd2cc773
vcm_train_008717.wav,fil50_03809_ref_tagalog12_WEATHER.wav,7402ff7f913c90a46031abbf94a07f853fdd888c933d2b023f2c8236c8ac9c84
vcm_train_008718.wav,fil50_00513_ref_ilonggo1_ALARM.wav,7e90c34a2792f6b1166a64e2ee5f77484e688f9a53d92cfedab0ecedddbdb244
vcm_train_008719.wav,fil50_11329_ref_tagalog6_VOLUME_UP.wav,82caa93e2de4a539168139fb3d985d79804959ee16209310875d22e99244ac75
vcm_train_008720.wav,fil50_10495_ref_tagalog5_PAUSE.wav,830eb1efaaf9c7393b1c9a1e2ca4e1780e87ef288f63ea4d1c3122113117c873
vcm_train_008721.wav,fil50_02180_ref_tagalog10_TEMPERATURE.wav,f1047f73732b3162670d99374a42bf77f962e7b69276d6643d69d416da114598
vcm_train_008723.wav,fil50_02998_ref_tagalog11_WEATHER.wav,29a5464281c8bac7056a47899bce32cfbd17617bcfbb354a63e53cc92382b966
vcm_train_008724.wav,fil50_13800_ref_tagalog9_COLOR.wav,6f075f1256f830e88fa8cae04a36515509a278411b42a6306564585ba940a8a0
vcm_train_008727.wav,fil50_07890_ref_tagalog2_COLOR.wav,5e65c6f1771cee4f52ae4adf885804d1a3c70172489bf2055b756ddc1623e65d
vcm_train_008728.wav,fil50_04698_ref_tagalog13_TIMER.wav,c0293d2de3f350dd3093d38578e3dd6e707349b2739ed6d8e13ca2b08c8eee21
vcm_train_008730.wav,fil50_13006_ref_tagalog8_CREATE_REMINDER.wav,1f760b218b53fb2a2ce41aa3a954ebf891bbf49dd0cd09c2fbce5957c906dfbb
vcm_train_008736.wav,fil50_11331_ref_tagalog6_TIME.wav,083332102a4565050856e3478ccecd699a0962ec2a1f2cd36e42e63fccbe6c6b
vcm_train_008738.wav,fil50_02182_ref_tagalog10_ALARM.wav,1e640f5fdddcb4ef6c94ed83ab9bf6604f3a6ce3edcfc33ebe567d8f121e0a41
vcm_train_008740.wav,fil50_02999_ref_tagalog11_LIGHT_ON.wav,753d95169756a9fc43b9d2a10195eca8fdb51ced7f83783f19948674efd9d1da
vcm_train_008742.wav,fil50_08816_ref_tagalog3_ALARM.wav,4cd2ac1dc3d83e4c0d0998fa29ba9a443497834b92b962083bdef80f212033a2
vcm_train_008743.wav,fil50_01367_ref_tagalog1_TEMPERATURE.wav,f3fc6d4e288555366a2764218ceda47b5ec1f6bc9e7f1e142d031c0d66624710
vcm_train_008744.wav,fil50_07891_ref_tagalog2_TIMER.wav,e8a80ead3fa3904a11666e1240fe0a12b11c325cd292c6c1cfd996378587a190
vcm_train_008745.wav,fil50_04699_ref_tagalog13_WEATHER.wav,0e9d7fd9e4a8ad05e60165bc0e0a1e2bd49eee928333d5ee60bad14e81477c55
vcm_train_008747.wav,fil50_13007_ref_tagalog8_ALARM.wav,39833156ff65875df1c6cfbbb9ed4a3cecfb05771586fd01cccda9ff59a5859c
vcm_train_008748.wav,fil50_05524_ref_tagalog14_COLOR.wav,f8bfc4bc932a489dbff376c978014ea9df4c89a0162d4d6d0d3018aadd66946e
vcm_train_008749.wav,fil50_06379_ref_tagalog15_STOP.wav,47beaf24284e004c3f182ae4f13fa7468a9ebca8fc43f68bfe184889c5da5e08
vcm_train_008750.wav,fil50_07122_ref_tagalog16_NEXT.wav,9338df79a8d73d76d6dd5371c00ed7a322ed5ed55ac79fbbf7a464c6b3c91e54
vcm_train_008751.wav,fil50_03810_ref_tagalog12_TEMPERATURE.wav,cecd290170ceb075e5df7194d4f5672959d62c9c4c35fd9cad5da3ba7aba7a42
vcm_train_008753.wav,fil50_11332_ref_tagalog6_NEXT.wav,2bb602de31dd1484bc57d09f3a02720f0deeec08c66550ccf45f0fae582bd90f
vcm_train_008754.wav,fil50_10496_ref_tagalog5_ALARM.wav,f02577986ed61e93c2a9b85d8fbe168e944fef056d197d3bf94337187693a2ec
vcm_train_008755.wav,fil50_02183_ref_tagalog10_VOLUME_DOWN.wav,c319d54967c3482831f6ce523dcfd50495fb1cc64c85afa83b066018023117a5
vcm_train_008756.wav,fil50_12171_ref_tagalog7_LIST_REMINDERS.wav,bfcc26bab9d4edfcd0e4cd71eac578ce2516fe0cfaebe476e90eb1b131861d80
vcm_train_008757.wav,fil50_03000_ref_tagalog11_VOLUME_UP.wav,0f9b6797bcaa9805025a25508428aa1591a09d9de3bfe69fe32239cb680ea48c
vcm_train_008759.wav,fil50_08817_ref_tagalog3_PLAY_MUSIC.wav,128290cb262d0c8982bef6fcdecf08a8dee7e81fcd814568b535bb077bf6233c
vcm_train_008761.wav,fil50_07892_ref_tagalog2_ALARM.wav,32f1e21e2b8b8f1264c05144aff22230c4f23391c1958eb11cb2a2279f731137
vcm_train_008763.wav,fil50_09644_ref_tagalog4_CREATE_REMINDER.wav,dd01046b85675b59c83a8102ca3a56ad03ce1efd9cba0e269ee2b34630bf9242
vcm_train_008764.wav,fil50_13008_ref_tagalog8_STOP.wav,956e924a6047be06d2b1fe08577204131885a2bd1710e1d853ef30d739a0971d
vcm_train_008765.wav,fil50_05526_ref_tagalog14_ALARM.wav,7c6e8d5279e23ec96b1afbc9307d882975943d803201d585f4c2b84908568cea
vcm_train_008766.wav,fil50_06380_ref_tagalog15_COLOR.wav,8073ce93a3f900f019032b4c88a21f1ad234435659340f091298b478aac09178
vcm_train_008768.wav,fil50_03811_ref_tagalog12_PLAY_MUSIC.wav,c185f8a3f2fb2c74a0024102fea510ef1463a277e465f93637bf292c465d5017
vcm_train_008770.wav,fil50_11333_ref_tagalog6_CREATE_REMINDER.wav,66eda97ab6c94b814dec159506687618d6482835f28404733c59100b1761270a
vcm_train_008771.wav,fil50_10497_ref_tagalog5_COLOR.wav,02fedf5716a1033887d3200f1d7f522465675e151e3cc500fd7ca992d50e7611
vcm_train_008772.wav,fil50_02185_ref_tagalog10_CREATE_REMINDER.wav,0128c9ccb15ec8e9b1c3bbd4d710aa5574aa39b8318c702df3360f4270a18c5d
vcm_train_008773.wav,fil50_12173_ref_tagalog7_NEXT.wav,870698f65a532b931138b89e5f3d8ef6dca0fe4d5c8c8aa3d4236fbfa4e4f36a
vcm_train_008775.wav,,29a6af40aee2561477cb9ada73fefaa45a0465774ca862184d32ac5b39655129
vcm_train_008778.wav,fil50_07893_ref_tagalog2_CREATE_REMINDER.wav,0edc13783cfc92fa64f08c3fa269f617f7db3569385e66c0aa3bb00bff4dc4eb
vcm_train_008779.wav,fil50_04701_ref_tagalog13_COLOR.wav,4bb960d762352d31dca5e2a3454cd7e96753a72ad66f31fdb00304b63e336a40
vcm_train_008784.wav,fil50_07124_ref_tagalog16_CREATE_REMINDER.wav,b90118016affbbcd8e3748adea7e86b5bfc84de0305654c6c0ca9973eb921d6e
vcm_train_008785.wav,fil50_03812_ref_tagalog12_ALARM.wav,736d8a7177012cf8ee3f591524bbfc288e931902ded1da6a2218a5ffeae5ff62
vcm_train_008786.wav,fil50_00514_ref_ilonggo1_LIST_REMINDERS.wav,3e7963b5f03c2b69ef16e68136cebb74debf7f2c131cd1cec4f9e8daade18642
vcm_train_008787.wav,fil50_11335_ref_tagalog6_LIST_REMINDERS.wav,6ed65d71b709bf38fca1d5281383a9829b28f695496202d5a1b77deeca56a06d
vcm_train_008788.wav,fil50_10498_ref_tagalog5_ALARM.wav,c9b27217a350bb634ad07249e10496c5a9b63e94f0397472b6d6dae450ec3f57
vcm_train_008790.wav,fil50_12174_ref_tagalog7_VOLUME_DOWN.wav,1d36877e40eacee6001ed227fa10b483fd06025e30d6b20cb26e064e3910e640
vcm_train_008792.wav,fil50_13802_ref_tagalog9_MESSAGE.wav,308fed9ef8fc0b92f5c5a20c075cfab755f645575957a9aa61e874d6bd88479c
vcm_train_008795.wav,fil50_07895_ref_tagalog2_NEXT.wav,a705918ab92975002469e29e301746f9c443b9e8139a8fef078ba6d9daedbaef
vcm_train_008796.wav,fil50_04703_ref_tagalog13_LIST_REMINDERS.wav,63bae090fa6eb7b636294a86889815badff0692635b08bf49b9ff9e8b68cea87
vcm_train_008797.wav,fil50_09645_ref_tagalog4_VOLUME_UP.wav,a4f2e8fff5675068ad1d2d70d20f16e347f5ca9bf120e240ac5ea798d46ce002
vcm_train_008798.wav,fil50_13009_ref_tagalog8_ALARM.wav,a92f360985e4c218cfcbc2ab04c0e76760c020940ce672d7fe5a6bf5ccaa6baf
vcm_train_008800.wav,fil50_06382_ref_tagalog15_TEMPERATURE.wav,3bbd91ad87ff1bf8d22900172fabccaa470bbac866a605b1d7d2e03168bf2376
vcm_train_008801.wav,fil50_07126_ref_tagalog16_TIMER.wav,e01a25b2f1cda7f728161d7ca9ccc121807c01056629a9f65065736f8ef79e44
vcm_train_008802.wav,fil50_03813_ref_tagalog12_PAUSE.wav,1621ef6002381be96b87478cb9c98a7f4195c21e322d9a573a7a1b143424434b
vcm_train_008803.wav,fil50_00516_ref_ilonggo1_TEMPERATURE.wav,bc92c94f89bbf2f106999fc0416d23bd7a3f8c8849f3336be85d43be8c0e878b
vcm_train_008804.wav,fil50_11336_ref_tagalog6_PLAY_MUSIC.wav,b06bb3573f57ff931c329eb2a4ea9b74ca24849406738e2602e47e81c86f6053
vcm_train_008807.wav,fil50_12175_ref_tagalog7_TEMPERATURE.wav,a4a12ff78377546b555d518d764a045a4f5e1d8101877e95dd7d4fd79541a111
vcm_train_008809.wav,fil50_13803_ref_tagalog9_PLAY_MUSIC.wav,59bcd88d78c9d732011c66666e511aac70e6a74fe25f133e7dfcf0f8b67dc3fa
vcm_train_008810.wav,fil50_08819_ref_tagalog3_STOP.wav,ad6d179302a5b5a8b3e1f9dd0cf95eab341b035a0d674d68edd31d4e13fb1221
vcm_train_008814.wav,fil50_09646_ref_tagalog4_BRIGHTNESS.wav,d87b58381c174e2eab900c071dacd44ffa3391e9fec8686a3f8c1d3361acd8a2
vcm_train_008815.wav,fil50_13011_ref_tagalog8_VOLUME_DOWN.wav,57acc1b8e829b1f132a1dfcd58f11920eaa62e2825a850dc482246e49c8f9647
vcm_train_008817.wav,fil50_06384_ref_tagalog15_TEMPERATURE.wav,09ddf565ac901cee148a1cd93ecd303e58a17cd25b9f997b8c6568ed4fe10318
vcm_train_008819.wav,fil50_03815_ref_tagalog12_CREATE_REMINDER.wav,921d30a8b5671ce6c273673a45f75a2735d2562d20c1dedb7433dbad2e4e1ca4
vcm_train_008822.wav,fil50_10500_ref_tagalog5_COLOR.wav,f5abec6656ce1f852044790e778db42faa2bb76bdc725053affc1032bc83cfd4
vcm_train_008827.wav,fil50_08820_ref_tagalog3_LIGHT_OFF.wav,7f718d80f69458f19ac94329ee331b7bfc617f50fa3c03350c0927b67cc813f2
vcm_train_008829.wav,fil50_07897_ref_tagalog2_VOLUME_DOWN.wav,f85d751032ce7bd300bcaaee4cd2e51b7b1b2e2c11710d02cc415791c4b22619
vcm_train_008830.wav,fil50_04704_ref_tagalog13_WEATHER.wav,79d6c6d17995dfd37dc1b475ccb6e72ca23a6439ac83ed926ae1f267d5c08039
vcm_train_008837.wav,fil50_00517_ref_ilonggo1_ALARM.wav,bb253ce8e0781da057e5b3df394390e52fa09f9a25c4c5183e7e24b160301860
vcm_train_008839.wav,fil50_10501_ref_tagalog5_LIGHT_OFF.wav,6282d6e660af9d31e7843879e6abba6b4c252eba43cffecb234d7cadb47c0001
vcm_train_008841.wav,fil50_12176_ref_tagalog7_MESSAGE.wav,7a19b375ea7a7be2960c58b823ec74323eb21554a78c262cf9af13bae49c7724
vcm_train_008843.wav,fil50_13805_ref_tagalog9_NEXT.wav,956fa8270d92d0f11e6a93303db1197e534be4cee7a00c7f9815aadfbf9b5094
vcm_train_008844.wav,fil50_08822_ref_tagalog3_NEXT.wav,865d9ec6bc85f74cf8ea93468e40b017c12fecc87e2b3bd4720867cb9f9e94e8
vcm_train_008846.wav,fil50_07899_ref_tagalog2_COLOR.wav,cd5cd22c08cf2469e108e29a1e1d58b12e557f0ce0777a435b34956d9dd4abfa
vcm_train_008847.wav,fil50_04705_ref_tagalog13_NEXT.wav,9046659297174ac7a4cb7f79d1ce35cc562484b6336bafe4163e006afeee3fc9
vcm_train_008849.wav,fil50_13012_ref_tagalog8_TIME.wav,4fbc3d935e5f48f241ef1345c1fd47a0d8fae9bd5cc0073b8ba2c1488ea5b3c4
vcm_train_008850.wav,fil50_05527_ref_tagalog14_CREATE_REMINDER.wav,53b4896d823e3e7ee9d627dd2b53eea14a3c58c82a69d291fa709ace952bc033
vcm_train_008851.wav,fil50_06386_ref_tagalog15_ALARM.wav,e4d397e085afe6af0941ca124f6290b18cda5a9e595fb8d0f462caa820440fa7
vcm_train_008852.wav,fil50_07127_ref_tagalog16_CREATE_REMINDER.wav,1e5b0d0827126be3fd5c01f9eb77826aa443bb57ff257dfb733fa7e36502e9a1
vcm_train_008854.wav,fil50_00518_ref_ilonggo1_COLOR.wav,955dfe80a3835413061d802faec5c84b9d07705285a95ba016fef5b2c541036b
vcm_train_008856.wav,fil50_10503_ref_tagalog5_TIMER.wav,f538f7d4b3e37cec3e4c9ad0ac98633551f64ef9102229e09bee00c89de88de9
vcm_train_008857.wav,fil50_02186_ref_tagalog10_TEMPERATURE.wav,400ae2f72b7272d140999ee121839e67ba95aeb3e63d74ab05d67360b9b72d53
vcm_train_008858.wav,fil50_12178_ref_tagalog7_STOP.wav,c8d3d5d1dd36e0bb2b070a3ea81693f71d76a911674beeb643c5a889eb319186
vcm_train_008859.wav,fil50_03001_ref_tagalog11_NEXT.wav,adcc9f13ac7972143b17e0d033918521fd7920381e832d788a5c948b875cbd23
vcm_train_008860.wav,fil50_13807_ref_tagalog9_LIGHT_ON.wav,4f44419352a4ee0ffbf4f8e3a4c3920c83a0445475b16c7a34d69e5a88bc3674
vcm_train_008861.wav,fil50_08823_ref_tagalog3_VOLUME_DOWN.wav,fa28e0e3ac0c2957d0347e29c5015d03e71654c099997c9b3af556145268feb1
vcm_train_008865.wav,fil50_09647_ref_tagalog4_CREATE_REMINDER.wav,7fbf1349646451b8643d762d52a5363a1049017d86c18f1553da704c9b2c89c1
vcm_train_008868.wav,fil50_06387_ref_tagalog15_NEXT.wav,9ef69ab7df91c8ecb0b6a44e7fe15ec7127c5474979c241eac381b78e6d38c7c
vcm_train_008870.wav,fil50_03816_ref_tagalog12_TIMER.wav,ed0a3b81c83fbada2450eb6262fc5b7bf9d5ac3ed37f48be8d5e12d3d23d9ef7
vcm_train_008871.wav,fil50_00520_ref_ilonggo1_ALARM.wav,f322f50647a79d85f6d32c4420ee742fbbc1796426ed1a048fc653c31ec1be24
vcm_train_008872.wav,fil50_11337_ref_tagalog6_TIMER.wav,a87cb0217b8f21e77e3bfb9b555bb4d64dbd9d84a3bd493a6c2fc72710e2110b
vcm_train_008874.wav,fil50_02188_ref_tagalog10_TIME.wav,7e97e3208362f51cf8dd0f0a7a00c95b854524e41614b2b510df2d0f82f111d7
vcm_train_008875.wav,fil50_12180_ref_tagalog7_LIST_REMINDERS.wav,2d2c7b43aea1a313492c12a2c68d8a8b60c1763dcce32db588c06aa3e900e1f8
vcm_train_008876.wav,fil50_03002_ref_tagalog11_TIME.wav,c4f18bada09bcd164c24be6e7ff3958dccf7be00b4d79a1f9608dfe42af14145
vcm_train_008877.wav,fil50_13809_ref_tagalog9_TEMPERATURE.wav,90f60cc9019286bfe7905908f50403dbdf2ac13a2642dcdbacdd5be9dd6af6b1
vcm_train_008878.wav,fil50_08824_ref_tagalog3_ALARM.wav,b48a5d85bd6c6b08f0584d8b3a1326dd9f3822b62dd1cfd3f79458e63c123ae1
vcm_train_008879.wav,fil50_01368_ref_tagalog1_LIGHT_OFF.wav,d3d524077762f35da95a82a1d16e9db1b28719f85d8c54ef797c62308e0cca86
vcm_train_008881.wav,fil50_04706_ref_tagalog13_ALARM.wav,d596d80f0b1488796c34089198ff6d51107a77a57119f23dc3b0aabe72c1388e
vcm_train_008884.wav,fil50_05528_ref_tagalog14_CALL.wav,edd575943b52748873540ef7f9ae8a50c5697379635d7bb7f5583ed73025266b
vcm_train_008887.wav,fil50_03818_ref_tagalog12_COLOR.wav,1e438c06a827342ee74d13c3ca614b1f95ecde63ed3dff01dac3ea0de2b3e5ff
vcm_train_008888.wav,fil50_00521_ref_ilonggo1_PLAY_MUSIC.wav,2d4950e5b2d6d1a1fc9f77dc9dbc50b00a6a1dda11e5137ca791e45aa8ce4258
vcm_train_008889.wav,fil50_11339_ref_tagalog6_MESSAGE.wav,6581320c1eba7bc358fd85ed264bdc03b34c847c2201551c5a74ed726e9b4c8f
vcm_train_008890.wav,fil50_10504_ref_tagalog5_COLOR.wav,472bf71ca6199ff20e2adccaa46acb48f113c820c8e17d4c23ea94c2ab81e681
vcm_train_008891.wav,fil50_02189_ref_tagalog10_TEMPERATURE.wav,03a3f0ad77d701a3a403a81937969f5b1a0b71fcb728f5384ee9a049e8aaaef7
vcm_train_008892.wav,fil50_12182_ref_tagalog7_LIGHT_OFF.wav,4d8049bc9e3faebc39987d1b43d5a7927b265efbd0f3a54f37a5383fafe6bcab
vcm_train_008894.wav,fil50_13810_ref_tagalog9_CREATE_REMINDER.wav,18e66c1e3c2aafa7a57e5052bd3eca3c2d1cc52982530de065b2b952157461cd
vcm_train_008896.wav,fil50_01370_ref_tagalog1_VOLUME_UP.wav,6935c1d6e695dd7975ce3201a8a8bb29a3a964fbfa195a92642572fedb0235fb
vcm_train_008897.wav,fil50_07901_ref_tagalog2_PLAY_MUSIC.wav,5c62a29d9952bdf742c376ab227f743742e44958fbd931fcd437eaeb3f7fdd9f
vcm_train_008901.wav,fil50_05530_ref_tagalog14_TIMER.wav,5f17f2c6a2d81b61220185c1e6612b8629ee84d9f82349600975fa004d772f63
vcm_train_008905.wav,fil50_00522_ref_ilonggo1_CREATE_REMINDER.wav,761decf7831056b2c5d4a48a141f6216361efbdd5a04c456e2e76a0452e14f61
vcm_train_008908.wav,fil50_02190_ref_tagalog10_VOLUME_UP.wav,8630c2ad8c32f2804a001ee13def0491b033e1427620427f4ad990554b1ffde7
vcm_train_008909.wav,fil50_12184_ref_tagalog7_TEMPERATURE.wav,c4faf7e4ad430a7223d2e148416f164810422eae5b80273d9c2ebbaee7c4bbaf
vcm_train_008911.wav,fil50_13812_ref_tagalog9_STOP.wav,beda173af5a45e53f4a03c507e8cac8f03e3cd33a899f0c7039bbab532ab14c7
vcm_train_008912.wav,fil50_08825_ref_tagalog3_WEATHER.wav,d4bb49831e8ea012bc9ca9be3c2e5428b72564788e6f1d7881c4795be708314c
vcm_train_008916.wav,fil50_09649_ref_tagalog4_MESSAGE.wav,9935ec20367ca3fcebd5222e334cae58552d6e46d863f0a712dcac15abbfca2c
vcm_train_008918.wav,fil50_05531_ref_tagalog14_BRIGHTNESS.wav,a1a880e13a41da8ce060425b26a63a7a793da6ac0b7dee027b42aed3d7fd1a82
vcm_train_008919.wav,fil50_06388_ref_tagalog15_LIGHT_OFF.wav,e4ebe1b876a4c9bc834f86b9c61bf657b35a93354a3ecd39733f3bcd0d2062a1
vcm_train_008921.wav,fil50_03820_ref_tagalog12_ALARM.wav,5b475ea305e881348e72094bd5eed14825e3600adea78cdbd621502fdc84a1bd
vcm_train_008922.wav,fil50_00524_ref_ilonggo1_NEXT.wav,b0c4f6c60b5034ae065033095564b4aa5f689a6e1919504e29a39eb2e1022ae7
vcm_train_008924.wav,fil50_10506_ref_tagalog5_TEMPERATURE.wav,8e40462355abfd4bd03a1d405532cb7af00ee5a0d050c5e276846cfcad0facd3
vcm_train_008925.wav,fil50_02191_ref_tagalog10_ALARM.wav,6c670bffd3db70511677579e11dd17c8ae553140afe5bb6dc5d30d564cd22df6
vcm_train_008926.wav,fil50_12185_ref_tagalog7_COLOR.wav,6d4e336dae1abc47f7bc1b3edc7dbc8bdc4f9fb5895fb3d04667ad41f8c6a52e
vcm_train_008930.wav,fil50_01371_ref_tagalog1_COLOR.wav,c4c0d572778733b0b915d8c79942cdf3da9969a4ef9c2e9fc5d85b45af152e37
vcm_train_008931.wav,fil50_07902_ref_tagalog2_PAUSE.wav,33dc27a7082c4e95175d67d86321b48b64f80199dbf0702aa15dd743e5a106b0
vcm_train_008932.wav,fil50_04707_ref_tagalog13_ALARM.wav,f91415d226374555d49c2a8ce82a272c99be09e978eec01be6cbb086838fd873
vcm_train_008934.wav,fil50_13013_ref_tagalog8_PLAY_MUSIC.wav,bae364d72abac07652935d5a338859147588be5e5e7ab484144804f05b7a4106
vcm_train_008935.wav,fil50_05532_ref_tagalog14_NEXT.wav,637e2aa95fe99b7fa6dd7f41dab732346f3c37620304c5d8d2f600c31790ba04
vcm_train_008937.wav,fil50_07128_ref_tagalog16_STOP.wav,e08563aafa4fc1c78a4595d3f5fcc8e7265899c611ceba77e42a03da39d7cf58
vcm_train_008938.wav,fil50_03822_ref_tagalog12_NEXT.wav,4ed800a571f4f937332720d7a5957405f1e455936218ba652df950b08c41306b
vcm_train_008940.wav,fil50_11340_ref_tagalog6_TEMPERATURE.wav,65902c4b8e58aa4221d8ad84dd8cfa132edaf9520a4a192bde39c61159c6577b
vcm_train_008942.wav,,a955adc0c9dc1808a7d5ff8798b2cab5696062d665d1ef741b501479870b4c1c
vcm_train_008943.wav,fil50_12187_ref_tagalog7_WEATHER.wav,a5f962b29812541bc8e97d800607a402b2d7965bf2f305d09c1ff1094741b549
vcm_train_008944.wav,fil50_03004_ref_tagalog11_COLOR.wav,edfabc9615e1d055d0ef38243408642b08ae71e65668be22eabc41513c8563a1
vcm_train_008945.wav,fil50_13813_ref_tagalog9_STOP.wav,83e2709a7249b6a9efead6b06a342bdd39faaa5b530faffc1c6c77a7958a24a8
vcm_train_008946.wav,fil50_08826_ref_tagalog3_BRIGHTNESS.wav,c89239b1063718580397197d9be88806b1becfcdf36b382b35964242f59629b6
vcm_train_008948.wav,fil50_07903_ref_tagalog2_COLOR.wav,018638717a294232effb8d5188ad445b9f5d710bac0d98606c5ae93dbbf74bc0
vcm_train_008950.wav,fil50_09650_ref_tagalog4_TIME.wav,7732bea008b0ad805b270b24c84e4387bf312c1091f45d617e82f4d66a204f63
vcm_train_008951.wav,fil50_13015_ref_tagalog8_COLOR.wav,7794c5e163e52e14bc8c1f5e548a41bf063b5af67ed370d72edcdbe9550af099
vcm_train_008953.wav,fil50_06390_ref_tagalog15_ALARM.wav,8e94ecd778167569ae8c21abc265384437963bb1089eca11993dc0064d690086
vcm_train_008955.wav,fil50_03824_ref_tagalog12_NEXT.wav,dba378ddd77aa510c7c53344369b99be1aeca2fd017b4dd2f6083787b82fdb7f
vcm_train_008957.wav,fil50_11341_ref_tagalog6_LIGHT_ON.wav,5835e3957b58137f903a47788cb910282fd39cc47eb549d4abdc34fab26ace46
vcm_train_008958.wav,fil50_10507_ref_tagalog5_CREATE_REMINDER.wav,07d84f567635a3423f8abbb97f81cfe4d15680a17786112f9f4942f987520c85
vcm_train_008960.wav,fil50_12188_ref_tagalog7_VOLUME_UP.wav,60674567f82c7e72d2708a6fd8ea7cc22c0ae1cdb9aa054c5217b3d9f4230bd6
vcm_train_008961.wav,fil50_03005_ref_tagalog11_BRIGHTNESS.wav,2fa15ea6d551047adcdcd6b743099b2fec9e332f5c128903ca2d755462a0355f
vcm_train_008967.wav,fil50_09651_ref_tagalog4_COLOR.wav,2d3786ca6620ac62d8e2f4043a22921b1a65c763933f817255df33f76bf5f889
vcm_train_008970.wav,fil50_06391_ref_tagalog15_COLOR.wav,4ef637a26310fee81573fe8ee6ef3e80ceca456ac93e60f44808899ca23777a2
vcm_train_008972.wav,fil50_03826_ref_tagalog12_TEMPERATURE.wav,d7553a2efc8a2dcd9487dbf2156e6749cf6ac4673c514192204562039df1081b
vcm_train_008973.wav,fil50_00525_ref_ilonggo1_ALARM.wav,5279929b224e48f0bb344de026b89d16ce7092f44e032f871481ce6ebb56cd19
vcm_train_008975.wav,fil50_10509_ref_tagalog5_TEMPERATURE.wav,61338b9b6a2cd8c00f8537a6ab58011ed1a7bf32fe92576701d9da99de6379df
vcm_train_008977.wav,fil50_12190_ref_tagalog7_VOLUME_DOWN.wav,830d0b362dac49117ee26a971de2b61195f7a2d46e129295843efc60f322460a
vcm_train_008978.wav,fil50_03006_ref_tagalog11_VOLUME_UP.wav,10255700dfae3d7ca488a136482fd8b02a87a422fe1116379c4572fa04e31509
vcm_train_008981.wav,fil50_01373_ref_tagalog1_TIMER.wav,66d23f642df4be5946511c2a47c0021a246ff10f560e0c685e4c4e2f5f8417e5
vcm_train_008982.wav,fil50_07904_ref_tagalog2_NEXT.wav,0ac5e8f6d1c07f14bc681381fe68a79dfeb0541f09f95aefaafff1564b03ecde
vcm_train_008983.wav,,69a68f8820b60a00cc2d0bb661cc1c351492c69645e753e5564d7642d9829a00
vcm_train_008985.wav,fil50_13016_ref_tagalog8_COLOR.wav,604edf9e85ecc5b6892a871cc26bb9e984b97b5c182dad0df8c8457f2c01b6b0
vcm_train_008986.wav,fil50_05533_ref_tagalog14_CALL.wav,5812afba32bfbeeafa29fc3b1f1c767a3b9f4fa9d3ad1e74c5b22f457bb12c70
vcm_train_008987.wav,fil50_06392_ref_tagalog15_BRIGHTNESS.wav,6af4ba21881c7cae4cea04a6203bee2d2e106441aa430e6f68fcb07aa0bd59db
vcm_train_008991.wav,,5f9da15d95a78e74b2e9bce306d2d1ef6c830a26068b473fd1e5337e45b2e599
vcm_train_008994.wav,fil50_12191_ref_tagalog7_TIME.wav,00103b188dab7e45fea06012a7054b70e543d7081f8c1e46bbb7555cc1ba2de8
vcm_train_008995.wav,fil50_03008_ref_tagalog11_NEXT.wav,164ca2faded26dcecc95f3673a291aa84fbe4df0b9477b880852467d511046c5
vcm_train_008999.wav,fil50_07905_ref_tagalog2_PAUSE.wav,2955871f2e0df691d5559a6b162f0abc64ce9c9e5bbb86b4c159d03f6a71d2be
vcm_train_009000.wav,fil50_04708_ref_tagalog13_CREATE_REMINDER.wav,2c8e8566213e8e6596c5b3896687cb3f6f1ca02ff5ea6a19f6860a2771f1b11a
vcm_train_009001.wav,fil50_09653_ref_tagalog4_TIMER.wav,c96e13f081cee18f7960f5502c6f344ddb9183c85ec099bf777e990973203360
vcm_train_009003.wav,fil50_05535_ref_tagalog14_TEMPERATURE.wav,775ddc74096e823f4ce4abc2b23b63ce3048d756618911cbaf24134c2a413e2a
vcm_train_009006.wav,fil50_03828_ref_tagalog12_COLOR.wav,6ef49b9a5d528ae55216c1d4b62b36aa47e95ba14c46985f03ec21dc301b3662
vcm_train_009007.wav,fil50_00526_ref_ilonggo1_MESSAGE.wav,405031c22bb25142d9ded075470b172814959a6d7e21469ea19e7b1fd205ccc5
vcm_train_009008.wav,fil50_11343_ref_tagalog6_TIME.wav,884117b7ce429e123962238df5c9fd86489e1943a724668768ccdf3f46db0171
vcm_train_009009.wav,fil50_10510_ref_tagalog5_COLOR.wav,3b1c0f322f7cbef38fe79aaefcd470b633311a3dde6bb84c66a232996fa0e12b
vcm_train_009010.wav,fil50_02193_ref_tagalog10_TIME.wav,316b4d49f5e3c71adc1bff0ef82cf33811e87e498e43cea2765449d80662da8f
vcm_train_009012.wav,fil50_03010_ref_tagalog11_TIMER.wav,3633536dfbc55af97773387e614d498f26f61839cbf88abf8e6833c2c4fbb62d
vcm_train_009015.wav,fil50_01374_ref_tagalog1_TEMPERATURE.wav,8b4d6a5eaa28c2749f0e557fd80e2adad65c551a167c51253a851dc6f6dc30f6
vcm_train_009019.wav,fil50_13017_ref_tagalog8_COLOR.wav,a5d2e3ffac941de2b841019a62d268892a25927d68f0a4dad18996eb8f5b2240
vcm_train_009021.wav,fil50_06393_ref_tagalog15_BRIGHTNESS.wav,ecaeb37b4e2bb030d7e5c8d25722fa96c481ec99f38cac78a9cb12448aca2300
vcm_train_009022.wav,fil50_07129_ref_tagalog16_VOLUME_DOWN.wav,f9cb9ef05070f22701a5bce00b58d9e5ff3a042e686c09e113a6202f3f70a7e9
vcm_train_009023.wav,fil50_03829_ref_tagalog12_PLAY_MUSIC.wav,0eb3efc8ff2e5cbf9e4be4d326786d9297875fc3e25b98fb93b109e1684e8293
vcm_train_009024.wav,fil50_00527_ref_ilonggo1_VOLUME_DOWN.wav,3c9ee97fb758f697f12aa22fe804338698644b389990ea4a112d12dfeaed98be
vcm_train_009027.wav,fil50_02195_ref_tagalog10_ALARM.wav,386fe39541e85e088a1865306794a250f9b1d64070b632d1c40a43c6311b7b26
vcm_train_009028.wav,fil50_12193_ref_tagalog7_TIMER.wav,680be05a0573d5ed3a632bf03a938cb8e414016e25431649738439879557f865
vcm_train_009029.wav,fil50_03012_ref_tagalog11_COLOR.wav,6ffb5223660963eab693778bdf04fc8e16a081e545e78d5a017b1ed07318ed1a
vcm_train_009030.wav,fil50_13815_ref_tagalog9_COLOR.wav,af82cb8ec805e3796a071df1adeb834aa0e51baeb95916aacf879f7c287851fa
vcm_train_009031.wav,fil50_08827_ref_tagalog3_ALARM.wav,d58fbb531b3c1480fd57647fc3606b3b6ee84a65a4f2bccf4f6b2894327d5fd2
vcm_train_009034.wav,fil50_04710_ref_tagalog13_LIST_REMINDERS.wav,0ff30a7e3dee3fd00d1e1286117f46235f39172194959ff72fad5224c2af8e24
vcm_train_009037.wav,fil50_05537_ref_tagalog14_LIST_REMINDERS.wav,f23885ba3c9a51172eb6589c4c5e332248becbba8973a1b2f845fc4a0795c903
vcm_train_009040.wav,fil50_03831_ref_tagalog12_ALARM.wav,e95ba1f6ed4db0df73f8945063b133b0c2bf2a2ae5a2f0d8682e7f1a64d8a070
vcm_train_009041.wav,fil50_00528_ref_ilonggo1_ALARM.wav,b9bbef6349c7333ac57594fcfdaa8b621aef450bbd9b60c8ff26c52f5f27d687
vcm_train_009044.wav,fil50_02197_ref_tagalog10_TEMPERATURE.wav,e6e72147fb032aab80b1c9105073b54d45d21db5ed4bf0e4c7de544a8057df19
vcm_train_009045.wav,fil50_12194_ref_tagalog7_CREATE_REMINDER.wav,10027655596b6af78635e274fe156da153b0ba1a178ac065be5be0ac353d2d2e
vcm_train_009046.wav,fil50_03013_ref_tagalog11_TEMPERATURE.wav,6cc2217a76684b226f31de710cfe27b7e7aed72f9ac7fac8882306f823f709e1
vcm_train_009047.wav,fil50_13816_ref_tagalog9_CREATE_REMINDER.wav,d68a4083736ae85b2320e3b4c942da18e6dda058361052b8fcfdb239816f3408
vcm_train_009050.wav,fil50_07906_ref_tagalog2_LIGHT_OFF.wav,460cc7ef1c6c3ba9f5d6750539ba11b6ee241b4a73de4c00de7435d8413cc615
vcm_train_009054.wav,fil50_05539_ref_tagalog14_LIGHT_ON.wav,cdb7620b4cf5ed960ad8a040316e6ce240a319a38956df4f89e97060da851e94
vcm_train_009055.wav,fil50_06394_ref_tagalog15_COLOR.wav,5ba9f17d647be8860b4b07378e4723ca43e65f5a66f674a2e7e56ab426c6f15b
vcm_train_009057.wav,fil50_03832_ref_tagalog12_CREATE_REMINDER.wav,eadf903182e1e715423840e4a5dd2c3aa60c8c674c739aff04ac1fc26c005ac7
vcm_train_009059.wav,fil50_11344_ref_tagalog6_COLOR.wav,4982a36a1d7c19a141953c71ab72ed2f9d39cb7e7a2701776a314269b4686a0d
vcm_train_009061.wav,fil50_02199_ref_tagalog10_STOP.wav,612cbb1d0e262ff48b24f815eece23361016d5017b1bb7f5241d126ef174b6a3
vcm_train_009062.wav,fil50_12195_ref_tagalog7_TIME.wav,b53cfb58f71f5e8fdf31b91140d5d65fb20fb012d117f6d0bc40072f2d24558f
vcm_train_009064.wav,fil50_13818_ref_tagalog9_ALARM.wav,e5460e4588755bdb7fba8940f9556f7bafeb57fd860c8cd758dcfde919a7963b
vcm_train_009065.wav,fil50_08828_ref_tagalog3_VOLUME_UP.wav,b93e582792a0b5d6ce7d115147b9d140f1b6355e9848d9affef945432b0c7a6d
vcm_train_009068.wav,fil50_04711_ref_tagalog13_PLAY_MUSIC.wav,465b21a8a6a3ff06f6ea6e723ad8f27730eea31edf5801e02c00bd22d0466623
vcm_train_009069.wav,fil50_09654_ref_tagalog4_COLOR.wav,de327b929a936e75e1913098820770fbbec0bd2bdb06214f99cc2f7ec0b892d3
vcm_train_009070.wav,fil50_13018_ref_tagalog8_STOP.wav,b0a19638fa353e1a354fef5444cfa88402f23cb0539e87c35d411a6e56bcbffc
vcm_train_009072.wav,fil50_06396_ref_tagalog15_COLOR.wav,e84d481b197ffb3a87a50581eef92af0894566d402edfdf6c4337cfc8b67d927
vcm_train_009074.wav,fil50_03833_ref_tagalog12_NEXT.wav,3a7b5176238b907aefe653a2167e50c2baf8d27c99a57d1105a313cb094d2090
vcm_train_009076.wav,fil50_11345_ref_tagalog6_LIGHT_ON.wav,d2875b21b360387f769cd11ce58eb7fd932f87c5d568cb53b3d98e6a3ed8a7db
vcm_train_009077.wav,fil50_10512_ref_tagalog5_BRIGHTNESS.wav,b7203a3df51f8306165bc572571a63b513dc9b392cdc2ef9fa9d72d03fb08f33
vcm_train_009078.wav,fil50_02200_ref_tagalog10_TIMER.wav,96201e5acf8f01b6e5c4954648bdbbdd8b95092a4a745d52f7bbfc8b46b3e4bc
vcm_train_009080.wav,,e2ced0f7a0b3745f774524fe5bf7ae4a14bb4f03cec2c02841e4e1b0a8465d12
vcm_train_009082.wav,fil50_08829_ref_tagalog3_CREATE_REMINDER.wav,3a5c20437d3b674766b8245d398684b2fc9e82ee92da11603df12653e9529a41
vcm_train_009084.wav,fil50_07908_ref_tagalog2_BRIGHTNESS.wav,fe5c82719f82df52512b02452001df361ed99098ecb33a42824d1db8abda4e83
vcm_train_009085.wav,fil50_04712_ref_tagalog13_TIMER.wav,2bc6f121a00244ae43342cc046c47a6d013ff5b1509da169a882434a71460f2d
vcm_train_009086.wav,,21133920c789ef43a17ab6b182a02d8eeead9f1e2b821490101348c4d2bbc1f6
vcm_train_009087.wav,fil50_13019_ref_tagalog8_VOLUME_UP.wav,62b3d0fb972f00b22d340db32ffc98bc22b3f49e1fe3acf1ea4031e821eb834b
vcm_train_009088.wav,fil50_05540_ref_tagalog14_TEMPERATURE.wav,217fdecadeb402be7305753150c518424afef6186a938afc147287b60d3fb76b
vcm_train_009089.wav,fil50_06397_ref_tagalog15_WEATHER.wav,b9225ae926eff0e97f646dadf1be1b962f8bd8a5e9934080f79f4c3d5dd3c9ef
vcm_train_009090.wav,fil50_07131_ref_tagalog16_BRIGHTNESS.wav,eefb2a8e2f4a8a3e069afe31b7e588de80a6e8f6f3b15e182f488dfd2e274d54
vcm_train_009092.wav,fil50_00530_ref_ilonggo1_BRIGHTNESS.wav,7cfe6ea17b6ee01a65693d2d1b5a49115e463ea89fb48da427a9246ce1398843
vcm_train_009093.wav,fil50_11346_ref_tagalog6_CREATE_REMINDER.wav,b6faf9c187aa9be82facdee8ca095439bac5b5dab615c1f17eac1a6616cf4b50
vcm_train_009095.wav,fil50_02202_ref_tagalog10_COLOR.wav,b65fe33fa8209c00b7a13df14fdd4cf8a701193872782595cdaf3d0aeccd7e98
vcm_train_009096.wav,fil50_12196_ref_tagalog7_STOP.wav,77a2013c2fc47d29a95abeb4c6b5492027de9aa2a54c65f9c6589e6ad112bbe9
vcm_train_009097.wav,fil50_03015_ref_tagalog11_CREATE_REMINDER.wav,c7e554b8b55fea40cc76eb7fb2729de2b3a634d84fc460037aa4ef7d67b86dcb
vcm_train_009098.wav,fil50_13820_ref_tagalog9_WEATHER.wav,9b80d3a569c2178970e149baf88e2ec3793f091a5ea8667a9723e6408af78897
vcm_train_009100.wav,fil50_01376_ref_tagalog1_PAUSE.wav,c03be9ed8676d881a7e87a6819de11bea907e2abcb0cff0f650a3dd4f9fd1316
vcm_train_009101.wav,fil50_07910_ref_tagalog2_STOP.wav,43241a53fc73dc2e0899d2adb7d7635ec896dabc0f1010aba110035e098ccb65
vcm_train_009103.wav,fil50_09656_ref_tagalog4_TIMER.wav,83a24f49a71d18969dc3746ffcca0312d62325a4fcee532feadf81cc214c0c57
vcm_train_009106.wav,fil50_06398_ref_tagalog15_TIMER.wav,21d753539ac09201da84a9038b2330d6f20a5396199c29f535069dc503a02bd7
vcm_train_009107.wav,fil50_07133_ref_tagalog16_CREATE_REMINDER.wav,1a0b6132e3275181f1c75f231bb5bdf42869f55e5b13ed62733bda7e0d3adfa3
vcm_train_009110.wav,fil50_11347_ref_tagalog6_TIMER.wav,a41d74f3a9eb5799f1d1f64ab616dd5d0427cb6dd8b6b9b9955557c736b6317d
vcm_train_009113.wav,fil50_12197_ref_tagalog7_STOP.wav,9d5d6d1ea5b9f2c3b02e46a18baa607040c59f6836197f389449b56fbb0f4c1d
vcm_train_009114.wav,fil50_03016_ref_tagalog11_NEXT.wav,b70930ec42ce4f9f74c034cb57bb3c0c04353e65555e67b1d710fa0cbbf658b9
vcm_train_009117.wav,fil50_01377_ref_tagalog1_NEXT.wav,656ccb0dfe2b8b45df75d26962f10ad7878ec3b043be035c6c22de0255b1298a
vcm_train_009118.wav,fil50_07911_ref_tagalog2_TIMER.wav,bce7951ee3df749770f95210e228dbaf72d6ec5b58d0c5dc04da1f0a3b5d0d91
vcm_train_009119.wav,fil50_04713_ref_tagalog13_TIME.wav,1474c8e5957ad47b4cd3818d214dca17e31e83180a72016327db0c8c3b473384
vcm_train_009120.wav,fil50_09657_ref_tagalog4_TEMPERATURE.wav,c874d083c0081415f9ce655b091ddb6ec54feec504209dc88a42a867788c1d2e
vcm_train_009123.wav,fil50_06399_ref_tagalog15_WEATHER.wav,6ecd7bdbb97c19774dd12244e036e4e68cfded529e3a2d0a2c52b709d2ddcd55
vcm_train_009125.wav,fil50_03834_ref_tagalog12_TIMER.wav,8ebcbdbd5a6336f33ca20e5e8bb19f4f9e901d1df9b492d1a37f8c33d01c012d
vcm_train_009126.wav,fil50_00532_ref_ilonggo1_NEXT.wav,ee90ecf788c9f5187422cb9677f90816e0492b135b6bd28dd9d904f1c8c15dec
vcm_train_009128.wav,fil50_10513_ref_tagalog5_BRIGHTNESS.wav,1786eef011c747f56fcb60f9844551dee6a6f48ffe7bc7c2b003d32efe5a6af7
vcm_train_009129.wav,fil50_02203_ref_tagalog10_COLOR.wav,6d4492b625619461109485034d9528072c670ab9936a874122b56217f12affdf
vcm_train_009130.wav,,b8bbb2fd21a453361d572d6a119ba19f21d06468faf660ea5eedf4f2bd8b0d0e
vcm_train_009132.wav,fil50_13821_ref_tagalog9_PLAY_MUSIC.wav,afbb55d28584f7830a9e7c63d7e765d938ed37c403949e84dc5a492dcf3d24b8
vcm_train_009134.wav,fil50_01378_ref_tagalog1_ALARM.wav,c6ce1cfecd6eb7b9c3edec4ca510841538fd02e1085facad5f2a36da5c9fb9da
vcm_train_009135.wav,fil50_07913_ref_tagalog2_ALARM.wav,72d3b25acdb2c86953d01210787e52763d0279dce7654d5feaf6ac2d9a06c3f9
vcm_train_009136.wav,fil50_04714_ref_tagalog13_ALARM.wav,6874ccead9d3586b5fc4f97fe0ef0fafd2b0a2363ef42dd950a1695831255b8a
vcm_train_009137.wav,fil50_09659_ref_tagalog4_BRIGHTNESS.wav,9090ebe7b79c6f7ff40b273c2273cfd32854d65cb3f814787aec3b3607ce05c7
vcm_train_009138.wav,fil50_13021_ref_tagalog8_MESSAGE.wav,c325d2eba5384903b73fbc1e4fadfec7f6f524f9ad855b117d92cff28effa414
vcm_train_009139.wav,fil50_05541_ref_tagalog14_TIME.wav,8e1357cdf859e24f07068e10ebe4beb864f55e7ba3f5ed3606abc83ca8b3fe8a
vcm_train_009140.wav,fil50_06400_ref_tagalog15_ALARM.wav,93029e30af078593089d165db528b9d81571ba6975a40477abcdbef9068fa2be
vcm_train_009141.wav,fil50_07135_ref_tagalog16_VOLUME_UP.wav,ebea6075461ef8bb46f34e5c1d634510574958c306b032367acb3191ad067ffd
vcm_train_009142.wav,fil50_03835_ref_tagalog12_PAUSE.wav,a0d255c7fdb5846210c9bf2e5ccec3fbe3631fb68bc104c41a96f48c8a16b2a4
vcm_train_009143.wav,fil50_00533_ref_ilonggo1_ALARM.wav,ecc25d11bbfa46c2dc9c67e627c228a03cb658053da9474ec4e5b68ae731a8c9
vcm_train_009145.wav,fil50_10514_ref_tagalog5_MESSAGE.wav,873b10c53c0fa8ae742c184990a05f3cfd4c52d7d1af47141a97d0e86b82f57d
vcm_train_009148.wav,,33741c9824036db5328d4eb35b1bbe5f2552c08e51a3a0e983d62f2ad86da17a
vcm_train_009150.wav,fil50_08831_ref_tagalog3_ALARM.wav,fdf06852ec7e6bab23c1588d0d4c8340df9e73c11b8ed78d02392ed1ee818686
vcm_train_009151.wav,fil50_01379_ref_tagalog1_ALARM.wav,8fc42a0df299ad3f39fa154d7eb9a511fc818e04b0a2a5d1c6217bba812ba2cd
vcm_train_009152.wav,fil50_07915_ref_tagalog2_ALARM.wav,6a53b5dcfac68e468f065afeb4ebb572923299220eca9927e57c48dafd564498
vcm_train_009153.wav,fil50_04716_ref_tagalog13_MESSAGE.wav,dc6c48e4d3e5833b8ac37d4c1ca4a663662eb3b1df424f69dd7d7670b30e17ea
vcm_train_009154.wav,,849fd8c65232718698b9e9753b90a72eb180010b20cfe810f6943ca1a096e751
vcm_train_009155.wav,fil50_13022_ref_tagalog8_NEXT.wav,1a64785bb5e271290e4740a64a06bc28d1b6963ce4bdb7c7fb1ec214b8ce8378
vcm_train_009157.wav,fil50_06401_ref_tagalog15_CALL.wav,b1d63d1abec87701c7dd62123f2b9ad7bfd4095bb92d30ddc289e21203c22bc7
vcm_train_009158.wav,fil50_07136_ref_tagalog16_TEMPERATURE.wav,92841a8c881304cc915f494d26f5fb6db3a13b033da232222e74c40caf313c9e
vcm_train_009159.wav,fil50_03837_ref_tagalog12_TEMPERATURE.wav,1e28a3ce59b9eddaddae3087cdd2b9e474317d2e95cde20edb6bdcfcb3352ee2
vcm_train_009160.wav,fil50_00534_ref_ilonggo1_STOP.wav,f0626395d5f9a8f08920e4e72e6f36c62c43baab07a5fa2557c1e59c02401046
vcm_train_009162.wav,fil50_10515_ref_tagalog5_TIME.wav,674ad414ee645affd7f4c7053baaf3a61af604e52ed06e3c5b3e52b2e0b28091
vcm_train_009164.wav,fil50_12198_ref_tagalog7_TIME.wav,aac99401df028573af2b5347cc448da805cf08dd542a2052cf0ace9073d1081c
vcm_train_009165.wav,fil50_03017_ref_tagalog11_ALARM.wav,9444a9613c39d7dbf1d28209a521ef08aff9f1ea76980c0ffcb6980a2bdf165c
vcm_train_009168.wav,fil50_01381_ref_tagalog1_TEMPERATURE.wav,064acd79e6d477747cb5f94d6f95d89d2c26927c10fd243e0d461e58acf0d897
vcm_train_009169.wav,fil50_07917_ref_tagalog2_NEXT.wav,03a99eb646936f707113935b4000c6ee1340f7e2bbcc22c9dfde7c503d4803b2
vcm_train_009170.wav,fil50_04717_ref_tagalog13_TEMPERATURE.wav,e5638163744a82c1b6742f9aee72b6b81a8c2c7992e50be58aae5b5269c39dbd
vcm_train_009171.wav,fil50_09661_ref_tagalog4_STOP.wav,10d9803f6e4c97b43b1a7dc5dd21a001c8a4d622fade829900deb3bd86eab2e6
vcm_train_009173.wav,fil50_05542_ref_tagalog14_LIST_REMINDERS.wav,6d9efa12c190c3af50fac6debc558d6af14da9feaec48a456515c09e9827c4c6
vcm_train_009176.wav,fil50_03838_ref_tagalog12_CREATE_REMINDER.wav,d64799dae58f62e686a1e09d64dad764639b8c00a35422a0227880b749b23caf
vcm_train_009177.wav,fil50_00535_ref_ilonggo1_NEXT.wav,76e68ec167153aeac1c2ae418854ba8c9589976932caeeb6c530b01373c32793
vcm_train_009179.wav,fil50_10516_ref_tagalog5_VOLUME_UP.wav,587420ab4b6017017cea32d95f2c7c3149106fab0c64d4e50d37036b538aed2a
vcm_train_009182.wav,fil50_03019_ref_tagalog11_COLOR.wav,be459f8f15f125711e24dcc67a45226873ade7e8df988ec558db15edb33bded0
vcm_train_009184.wav,fil50_08832_ref_tagalog3_NEXT.wav,e2de76d340d4abd98a51c4e0023100b4fc21ffc739e2854fdb77a37cde5d6d1e
vcm_train_009186.wav,fil50_07918_ref_tagalog2_TEMPERATURE.wav,f469c51ea0ab0e5b673ba9861b56fb3fe3a3ed022b92d9ec353f5c7a1a886e82
vcm_train_009188.wav,fil50_09662_ref_tagalog4_MESSAGE.wav,12f10580e4e7c81da4d89f208e1a9e78c36bb2a18bc84d1c21714c00e38c980d
vcm_train_009190.wav,fil50_05543_ref_tagalog14_TEMPERATURE.wav,bb0b08f93894a7337be906709c23ffdd819ea918daffe451df7658c3bbdf812c
vcm_train_009191.wav,fil50_06403_ref_tagalog15_COLOR.wav,1c5bc2be9fa439f46a2e1679ceab29bea82b498ddda013e1bdaa9cfc2a787b14
vcm_train_009192.wav,fil50_07138_ref_tagalog16_LIGHT_OFF.wav,9e4a460af856b198b3280274143059dbef4ed2d0d30d30390af8405c40e8e1c5
vcm_train_009193.wav,fil50_03839_ref_tagalog12_NEXT.wav,0cc6c21bdb39cf3b1796dc2dd86d51692dd42d4978c15bfd39618b1b34cefe2e
vcm_train_009194.wav,fil50_00537_ref_ilonggo1_VOLUME_UP.wav,2510643fb699091cf3ebea00881638719acaa122e440db7c5ee013f94f02732a
vcm_train_009197.wav,fil50_02204_ref_tagalog10_LIGHT_OFF.wav,86d9aca78ad7b3d45098f7b99afdb3112010f9a328e90bb47ca46640f851d62f
vcm_train_009198.wav,fil50_12199_ref_tagalog7_MESSAGE.wav,56a09646547488327ed2ef1f486af0a49c175fc7551806fe70b80cb78293e5c2
vcm_train_009200.wav,fil50_13823_ref_tagalog9_BRIGHTNESS.wav,e84b77f80c712b40c5f4b14f37e652757fafeaeea01a2b71558146e8fb2c8787
vcm_train_009202.wav,fil50_01383_ref_tagalog1_MESSAGE.wav,137941fef2c009041ae9d73684938562fc1784364320ef4800d01d35dcbdf3d4
vcm_train_009203.wav,fil50_07919_ref_tagalog2_VOLUME_DOWN.wav,f8d6cc74af9f31d72fc74cce6cb3ae75ee7d20ae67b5f7e68b94f65672b96d32
vcm_train_009205.wav,fil50_09663_ref_tagalog4_COLOR.wav,379bc0886dc67bd52d736832be83ad9020d71d2828bd29825c51199e15d964d0
vcm_train_009206.wav,fil50_13023_ref_tagalog8_TIME.wav,99e48b094c78aabecb7b7a174706a6a84051476b93080d613af8656e3bcb47ad
vcm_train_009208.wav,fil50_06404_ref_tagalog15_MESSAGE.wav,b8a2565149ad355ecb84a8ee2e844d9269bb9c668f221a9cbc3253554089c3a7
vcm_train_009210.wav,fil50_03841_ref_tagalog12_NEXT.wav,14cb0bb2525bf685f798c35a973b300a6bf7bb1a75ce605b9d5fa8e00ed123e5
vcm_train_009211.wav,fil50_00539_ref_ilonggo1_TEMPERATURE.wav,4822e1e96315d8916c154045a50a892593d739840d96c61a6c50b412e5d558e7
vcm_train_009213.wav,fil50_10518_ref_tagalog5_ALARM.wav,16dc6478ace70cb887cb234c98784ce1a35d76c7ada279a524e04a7fee49ec52
vcm_train_009214.wav,fil50_02205_ref_tagalog10_BRIGHTNESS.wav,018ef4416d53b7629c05d9c0dbd55b2242e054e9bfcd2f352b2a98832ba3a261
vcm_train_009217.wav,fil50_13824_ref_tagalog9_TEMPERATURE.wav,d907680b7d8c6d22916f2255d6f3a309c534c5ce9623eb2eaa73244f97344da8
vcm_train_009218.wav,fil50_08834_ref_tagalog3_VOLUME_DOWN.wav,16ffa21fedbdcaf1a8794f5f30e92e4e75d634f2bda58cdca2c3ae96690cbe08
vcm_train_009219.wav,fil50_01385_ref_tagalog1_VOLUME_UP.wav,bfc2b883c99ea07e4306ca06450f3172231668b47a6fbc141571fc7d218cc35d
vcm_train_009221.wav,fil50_04719_ref_tagalog13_LIGHT_OFF.wav,58f979a470ef41ec24ccecb0631db1ffc983bfc4d5d8061717bbb61f8ad8762a
vcm_train_009225.wav,fil50_06405_ref_tagalog15_COLOR.wav,551d955b15e0c0a837cbd3589eb5e5a7608e54b3e654459a79e5ad8653b45c3b
vcm_train_009229.wav,fil50_11348_ref_tagalog6_ALARM.wav,0551d7a814afc7fad62c5feb4381f5e8ee0a4e88f2e6add1c2694c55560d19c5
vcm_train_009232.wav,fil50_12200_ref_tagalog7_ALARM.wav,c4ae4a5da467b22475684c358d420476fb7e69b336dfae02411cdca365396117
vcm_train_009233.wav,fil50_03021_ref_tagalog11_LIGHT_ON.wav,cee657cfb13a1fdafe5e3b0a3b74050d164c812f979b949fb94a8163f5b6e1a4
vcm_train_009234.wav,fil50_13825_ref_tagalog9_VOLUME_UP.wav,c8cf1052ee38ffe9e72b2412f449eb7cf2beae214e78dd1d56f389d5a3c81b3f
vcm_train_009236.wav,fil50_01386_ref_tagalog1_COLOR.wav,d190aeb7268e3831b02d423b6f442c6ac3c1fd43fed26b5f3eb3d26bfcfe0665
vcm_train_009241.wav,fil50_05544_ref_tagalog14_BRIGHTNESS.wav,b848e481da003e0655000c9f5ad6ecc8b88fc987d0135d41381e3854fba655ee
vcm_train_009244.wav,fil50_03842_ref_tagalog12_COLOR.wav,bda47602b387eae941740f9237006b6f22cd8c746e1afd91f9a91e72ba75930b
vcm_train_009246.wav,fil50_11349_ref_tagalog6_ALARM.wav,0500b60cb6c1783640da45ce441761766e14b2e91cd863a014ee4d71ef9054c9
vcm_train_009248.wav,fil50_02207_ref_tagalog10_COLOR.wav,2ec83435f5d91bd9fd96fec4d4ea2d99fbaf5e6ec28a153dd911fb19ee2a8599
vcm_train_009249.wav,fil50_12202_ref_tagalog7_VOLUME_DOWN.wav,08c9bfbef0dc17f3ea75e83e8804174888bafd469954c9b69df3515c1f04483a
vcm_train_009251.wav,fil50_13827_ref_tagalog9_CREATE_REMINDER.wav,e21617633d7869513b8207eff97a24834ee93853ee45b3f26a06b8fef4227c30
vcm_train_009254.wav,fil50_07920_ref_tagalog2_NEXT.wav,c98e769bdd71472bd2bb9ef7ad6c15cd6e38c58dd6fb2a6f8f9fea0b3928e1e3
vcm_train_009255.wav,fil50_04721_ref_tagalog13_ALARM.wav,3cc55c17ab39289039bf1baddebec8fa851cfeb1fa79d9f0bd5231219062609c
vcm_train_009256.wav,fil50_09664_ref_tagalog4_COLOR.wav,9902e2a4c2408dab294658a085fda14eff4516a3252cddec892e3dc823498842
vcm_train_009258.wav,fil50_05546_ref_tagalog14_MESSAGE.wav,2ff52bd6a395269c766080fd8fe3404353bf4a5c92d1fd61ab4eb2c9f853f1bb
vcm_train_009261.wav,fil50_03844_ref_tagalog12_CREATE_REMINDER.wav,a89b206a12a4413b69bad9d5207ffac87f622cdbdf14209b66ec384fa0005666
vcm_train_009263.wav,fil50_11351_ref_tagalog6_TEMPERATURE.wav,1dfd9c65064c0b0a9ca678b588c04a84ff3a4bc2a46389af16c1c9a282de27bb
vcm_train_009264.wav,fil50_10520_ref_tagalog5_NEXT.wav,3ce000db746c2f44b91a03e77f50e06ad6de62b1885473c03d3efad96b5c8e35
vcm_train_009265.wav,fil50_02209_ref_tagalog10_NEXT.wav,9d2b899711db6ef771289a41427b3f251ce1a89907613cbaad430f87d4a06431
vcm_train_009266.wav,fil50_12203_ref_tagalog7_VOLUME_DOWN.wav,54f7ae003d209083a3d0ffec0651b0c4f6fcc70126f14ce1dd0cf25b355c9001
vcm_train_009269.wav,fil50_08836_ref_tagalog3_VOLUME_UP.wav,409ed784d8d4c3886d0be6d821179e2c68071b6aa1c1d7d71556305fd6631699
vcm_train_009270.wav,fil50_01388_ref_tagalog1_TEMPERATURE.wav,44500a453074cfe645754dae09cdaa17e12618f1e244af97b44cf8bf3e1d7865
vcm_train_009271.wav,fil50_07921_ref_tagalog2_LIGHT_ON.wav,fefab4e3e5ec7f07b28999527ee177ebbc5b6cf837a83a7dd2ca06c045026efe
vcm_train_009272.wav,fil50_04723_ref_tagalog13_ALARM.wav,9618d62cb36db132dcf7900ee8cf86c7c58ed0e20a23c3be5e7654888850bf15
vcm_train_009274.wav,fil50_13024_ref_tagalog8_NEXT.wav,68e796025279555e95f197a03e48d3bbebe69104e9ca5b1e1d4650399497cd56
vcm_train_009276.wav,fil50_06407_ref_tagalog15_COLOR.wav,ca82df129090ac0b29c7e79548ac550b9138f4fa4a4978c96a61a6e73fceef71
vcm_train_009277.wav,fil50_07140_ref_tagalog16_VOLUME_DOWN.wav,250921e292dce3e1b95d5cf90d251028a0392b17e8ff459cea3b01616b94a765
vcm_train_009280.wav,fil50_11352_ref_tagalog6_CREATE_REMINDER.wav,dc06854d9319038e86f0cac5d591bcdac0592faded54f3fbe17d4492efc93599
vcm_train_009281.wav,fil50_10521_ref_tagalog5_STOP.wav,621ef84eef79f9c47db680fec667a8715a9e167475cabb1c1a5fa998779403a3
vcm_train_009283.wav,fil50_12205_ref_tagalog7_COLOR.wav,0a2366210a70d43a1023c3c1fc3070519309004997ccdabaed267ca3e5e872c7
vcm_train_009285.wav,fil50_13829_ref_tagalog9_TEMPERATURE.wav,6560a2a31dc195067c5ebd17a119ccf8c1b274f54a0768b7e152b454e504bd56
vcm_train_009286.wav,fil50_08838_ref_tagalog3_NEXT.wav,eb8e919c5d8f250202e2c31cf467c9d54bc233a7fdcb72fc07434c8a4027f1f9
vcm_train_009287.wav,fil50_01390_ref_tagalog1_TIMER.wav,1f419aa1183e991ea369a8d9595251ceb6710f498fd0dc0261a66b8262e53786
vcm_train_009288.wav,fil50_07922_ref_tagalog2_TIMER.wav,61c7e56702bcaed600a72e0ea9f5e5cbd768af897745cebb32b81f9abb3e20a3
vcm_train_009289.wav,fil50_04724_ref_tagalog13_TIME.wav,9f520ead8080c748c4e5547a80d92d7c3e8b864dd3227c59596a64d73cff79d1
vcm_train_009292.wav,fil50_05548_ref_tagalog14_MESSAGE.wav,a51a7bdb4ba293384e54c59b128354f65a3c09de88124555dee5c9e401e05dc4
vcm_train_009293.wav,fil50_06409_ref_tagalog15_CREATE_REMINDER.wav,cd5d5751da511a5152897d5134c05c5376ad143cf401fbced598e017aa1b4045
vcm_train_009295.wav,fil50_03845_ref_tagalog12_COLOR.wav,276936db0473bdff8b01732ece19d8aabae91f45acfec596f199f5fb15d261d6
vcm_train_009298.wav,fil50_10522_ref_tagalog5_NEXT.wav,29a2230b1d4a468c2691eee09b6155b3bfb51fc9b4056bc3ad4f0a04a14f52b6
vcm_train_009299.wav,fil50_02211_ref_tagalog10_TEMPERATURE.wav,210119dcc90bdf81555c5cb5a4f606c7735243e6a19b7e200c934928714a5e0b
vcm_train_009300.wav,fil50_12207_ref_tagalog7_LIGHT_OFF.wav,cdfd1ce46774dfa58448aaddcfe3e1dc72885c5d9afadc4e8614fd38ada0f309
vcm_train_009301.wav,fil50_03023_ref_tagalog11_NEXT.wav,31fa604486f82f694d40fd1532a6fa35d0e64caef0cfb848cd430f8fb07a1785
vcm_train_009302.wav,fil50_13831_ref_tagalog9_NEXT.wav,7ed13c180339702c0b3078c585d387287010405053cc842a4417bbe856e2164f
vcm_train_009305.wav,fil50_07923_ref_tagalog2_LIGHT_ON.wav,7bc6a67775aedc3afddefe01cf933836e36c478e9aee82014a1749eaae8368bc
vcm_train_009306.wav,fil50_04725_ref_tagalog13_ALARM.wav,9dc9db7442996488744202d005815cd06181873fa81f766f1621be6c4649311f
vcm_train_009307.wav,fil50_09665_ref_tagalog4_VOLUME_UP.wav,19a0109ad281f342477994f7c0783a5545a45f4a20a5ffdc5729672bbb5dd198
vcm_train_009309.wav,fil50_05549_ref_tagalog14_COLOR.wav,6678441eaa593894224e434b2d4266b37782906840a78f54f18fd9bcdcff7ae8
vcm_train_009310.wav,fil50_06410_ref_tagalog15_CALL.wav,1a888cc8962d68ed773750372ab913949667757375a5187a0b71d6705c713595
vcm_train_009312.wav,fil50_03846_ref_tagalog12_COLOR.wav,94af04f54d9ce7465c87e593bea76db43f2dd812d00781e3e7cc68de8925133d
vcm_train_009314.wav,fil50_11353_ref_tagalog6_CREATE_REMINDER.wav,d753f830133753b3354ddd0caab4c35c34aa4a4ea52165754ad1b37c9040661e
vcm_train_009318.wav,fil50_03025_ref_tagalog11_STOP.wav,f0e13c67403624adbd3ab2f34b3eb74861e07eaf23e6836f8b3746fccf3854b0
vcm_train_009319.wav,fil50_13832_ref_tagalog9_TEMPERATURE.wav,62c8d480541220792d70f044ff825f5a58d8fe0e40d05ba461fc4a2d1ef8eb17
vcm_train_009320.wav,fil50_08840_ref_tagalog3_NEXT.wav,04762b08e41f7ef8d31ab571928fb97c08bec585aa8d5c11af034ddd7a30b230
vcm_train_009321.wav,fil50_01391_ref_tagalog1_TEMPERATURE.wav,51aab2a628654342334672ea0e45229fcfed9be0720a1940cab8c2f723d8e037
vcm_train_009322.wav,fil50_07924_ref_tagalog2_COLOR.wav,89215f2e71b297293e84743d89204b8c03c0c8a848cbc8f45f9bcf1d385c542e
vcm_train_009323.wav,fil50_04727_ref_tagalog13_ALARM.wav,c535a746325d25de67ac0543be16b20c4995dbca3a3c20fdf2c85b8016aaa9f0
vcm_train_009324.wav,fil50_09666_ref_tagalog4_TIMER.wav,8bb26bf2a067ba80a3c8ad307f6d7d446a8b229bc9518eafb7ad4bbe0950ffe2
vcm_train_009325.wav,fil50_13025_ref_tagalog8_ALARM.wav,577513b6731a934730464cc93f2dcb7fc3535f829106fb4c1a8a054775bbbefa
vcm_train_009329.wav,fil50_03847_ref_tagalog12_PAUSE.wav,fee614b43c4068fe8e9e96f7c4078b567df46b5b7198f2d00d57463601622204
vcm_train_009331.wav,fil50_11354_ref_tagalog6_VOLUME_UP.wav,5a6387e521d0015a02b60e0b0c0460705e4c19f1bfdc60eb965fbd052edf2b7d
vcm_train_009332.wav,fil50_10524_ref_tagalog5_NEXT.wav,75e7e294349d055c7d4dd2d67ac4318c0f9565a2ac24b6dca947ef43b6207d62
vcm_train_009335.wav,fil50_03026_ref_tagalog11_PLAY_MUSIC.wav,49ca57578511f8187e251fb57eaff7b0dc524d12ad44896852460b17bba29c6c
vcm_train_009339.wav,fil50_07925_ref_tagalog2_BRIGHTNESS.wav,8cc8a53d95217ded2c0eb3eaca528260c60daf90e0ccfa1e785c6ab7f12a2d77
vcm_train_009343.wav,fil50_05550_ref_tagalog14_VOLUME_DOWN.wav,fbcbf73ad164c879d82640f516a489dd2436b923f0c8615727c7e125ea826db8
vcm_train_009344.wav,fil50_06412_ref_tagalog15_TIMER.wav,c30000d452865b23e164259145640319cdb4245ea5d174b19a6973d1bddc9f50
vcm_train_009345.wav,fil50_07141_ref_tagalog16_TEMPERATURE.wav,f1eebf9ac4c3d812a0b504ca58f8b26f355771a13f6a2a0b9bd341d8e05197a4
vcm_train_009347.wav,fil50_00540_ref_ilonggo1_COLOR.wav,f3238f80b2edc5abf6071e5a90cfd543b3369f9347bc447aafceb184bdb6bf06
vcm_train_009349.wav,fil50_10526_ref_tagalog5_WEATHER.wav,164dd4aac725f8267b6a15579a51d8dd445f2efa03ccfbf0cce7ae3ee4dfb426
vcm_train_009350.wav,fil50_02213_ref_tagalog10_VOLUME_UP.wav,e85fcfe9753769c14e8538f3d9436bf4e5fc349205501bef5c4fb25e22b55e80
vcm_train_009351.wav,fil50_12208_ref_tagalog7_PLAY_MUSIC.wav,19035d23ea42cdf8d5575f29abbb272a6d272a7df622380811dc5bd3240e1ec5
vcm_train_009354.wav,fil50_08841_ref_tagalog3_TEMPERATURE.wav,c63fbb81f7aa583b52629d355e08ddd1674db64c23b2960b139e7f3cf95049f6
vcm_train_009358.wav,fil50_09667_ref_tagalog4_TEMPERATURE.wav,f5406efc88f7c917dffe07d3b71571d37811d4ce9acd85198c4b8bb741326d4d
vcm_train_009359.wav,fil50_13026_ref_tagalog8_VOLUME_UP.wav,391eeeb09bca213395292a389901ec48caf5fc0b351a5b0612ca36aa361f482d
vcm_train_009360.wav,fil50_05551_ref_tagalog14_NEXT.wav,c64a95abc3fc18853d3060955bde7d5cc3977c04dc1bf298763985b6f406c7a5
vcm_train_009361.wav,fil50_06414_ref_tagalog15_TEMPERATURE.wav,874378b25c4328d2e71d176ab5bff06aeeee97f24ee9991c1407919ea4c53bb7
vcm_train_009362.wav,fil50_07143_ref_tagalog16_PLAY_MUSIC.wav,f082f958fb427127334e9cb822ed0299d4818e0f131109b192bf34fe28e000d1
vcm_train_009363.wav,fil50_03848_ref_tagalog12_ALARM.wav,6c627eac39605174ab20ab16363183d7ca2a28f36a62d40f7db6ece6d11967ff
vcm_train_009369.wav,fil50_03027_ref_tagalog11_NEXT.wav,5a6f34fae8c3371fffe3149eaea2d811426770a102dd527d898f0ebccee65975
vcm_train_009371.wav,fil50_08843_ref_tagalog3_VOLUME_UP.wav,db17c6fe32728d5db07502e12c03b6cb79b18aec9904971b345ebb61fe5fc516
vcm_train_009373.wav,fil50_07926_ref_tagalog2_STOP.wav,ce964711da4e3dc3695aaa02444f5042e94eea48ad5f0e3edef33d268a867344
vcm_train_009374.wav,,ea80425ba56c697a7393ee3a223c20e2c20fa05082072f72f1f1e1c8f91a66e9
vcm_train_009377.wav,fil50_05552_ref_tagalog14_LIST_REMINDERS.wav,2d9832a3bad7ff658cf97e7a310724c86e99c66201822774a8653cdc12ba9623
vcm_train_009379.wav,fil50_07144_ref_tagalog16_TEMPERATURE.wav,1bb880dcbdd13d705d5f575738e760935a08e496b5a6ec3e6c37d6b32a3905ba
vcm_train_009380.wav,fil50_03849_ref_tagalog12_COLOR.wav,1078e54f50cad55c6303031388c7b45b1ceeef0e94ff9105e39d992507b5b493
vcm_train_009381.wav,fil50_00541_ref_ilonggo1_LIGHT_ON.wav,752e166935cd2605e39371a3297e2b7532acb0911da86ddb9b484b4b5557ca86
vcm_train_009382.wav,fil50_11356_ref_tagalog6_NEXT.wav,1de6d08f7542b59faf72f846534d8bc1cc6519d4125c62a5a1800e6ef3f8d4e1
vcm_train_009383.wav,fil50_10528_ref_tagalog5_ALARM.wav,44287804c0f6680202be7bb140b5cc76af90ab65cf2a3383d920471df11efd48
vcm_train_009384.wav,fil50_02214_ref_tagalog10_NEXT.wav,ad72c4ffbe892dfb357a664e3ad4a35d18a6f54a97cf236d9961c0d5b7dd09d0
vcm_train_009386.wav,fil50_03028_ref_tagalog11_TIME.wav,f65bd7f4ec7fc8633874c29762089fd4f457faf115e6f8a5defb6bf455c7a863
vcm_train_009389.wav,fil50_01392_ref_tagalog1_BRIGHTNESS.wav,d8d5f44653718f3d82b064518f1c8b9ab9285b315846dcd23982317690c038cb
vcm_train_009390.wav,fil50_07928_ref_tagalog2_TEMPERATURE.wav,98d1218f2a56f9eb514e1bbc7210f06cae4870febf89b6760582d695a5e16d9c
vcm_train_009392.wav,fil50_09668_ref_tagalog4_BRIGHTNESS.wav,ffa32f76134060ca7192d687dcc19dd66e0c752a8e80e9744dfa3eecccb7c42d
vcm_train_009393.wav,fil50_13028_ref_tagalog8_COLOR.wav,37c37e1bf5365f6824b3446d39b157c54daf9835067fde666b173d0932015963
vcm_train_009395.wav,fil50_06415_ref_tagalog15_TIMER.wav,ad855f21c175546386346836fc5b012e6952f4d0dd174cc73086c39856b9aea1
vcm_train_009399.wav,fil50_11358_ref_tagalog6_TEMPERATURE.wav,2809938510c452ec7e76fb59cb51dd8610fdc900dede02ecafe86b624d37424e
vcm_train_009400.wav,fil50_10530_ref_tagalog5_LIGHT_ON.wav,cb2451a6a0f6c11053955c6080298edac8619fa28f0122342c4c9d26854c1916
vcm_train_009401.wav,fil50_02215_ref_tagalog10_LIGHT_ON.wav,3ca21c0768d20cb5497e39c36e3af23ee60827f1bf34f102434b20f5b4ae1c88
vcm_train_009404.wav,,2f1be8dc3d908d2ded3a09b18576fe3c484f4b3b47c601dfcd55711c6beee7c8
vcm_train_009406.wav,fil50_01393_ref_tagalog1_MESSAGE.wav,03a88bb0003b020215a2d37ad4021b2df076ae70b8c1f47dbe9aad8bc91948e9
vcm_train_009407.wav,fil50_07929_ref_tagalog2_BRIGHTNESS.wav,148a7513663f70eeca7ae7a01fc86365b918dffda5a6ac0625eb603bb5c1ee84
vcm_train_009410.wav,fil50_13029_ref_tagalog8_TEMPERATURE.wav,77253c6d52270deaa8785974843054d468f5bbc543f86b538a21d449206b83ac
vcm_train_009411.wav,fil50_05553_ref_tagalog14_STOP.wav,a931bafafa06f1e3d03ce015b87469aceab4b92995fff8e665576d1a5f6395cb
vcm_train_009413.wav,fil50_07146_ref_tagalog16_WEATHER.wav,136e9920aad7eb676eef67e5297da82a83857ee807090cca69963215f1569d6a
vcm_train_009414.wav,fil50_03851_ref_tagalog12_TIME.wav,b8a5a2880697f1f705f074f42b4cfd0bf6d1626d6b91489063e04d9b8f5a621f
vcm_train_009416.wav,fil50_11360_ref_tagalog6_BRIGHTNESS.wav,7bf2a4a16f5e9348dc0a2f8cd7f576eeacc4b271848c6ec8ab5eff29451218ba
vcm_train_009419.wav,fil50_12209_ref_tagalog7_VOLUME_UP.wav,ceae6edb450e0ab1a6a0b20de07b9bdcfb2b39b1d21fda4bf68cb38b93a5deb3
vcm_train_009420.wav,fil50_03030_ref_tagalog11_STOP.wav,16b4ec63598e4abfe6af55998004c13a0e8624299c96cf9504d64bf33dc75a9d
vcm_train_009428.wav,fil50_05554_ref_tagalog14_WEATHER.wav,534d152b1288e03a834a470c865d0102da6f6bc2f2c2aa015ec219e7c582777d
vcm_train_009431.wav,fil50_03853_ref_tagalog12_VOLUME_DOWN.wav,30094741e15e5a2288d508c1ef0074e7ef4068c0e4351150f03e886ec9026f86
vcm_train_009432.wav,fil50_00543_ref_ilonggo1_CREATE_REMINDER.wav,57583a263ccf9209d6c4fa0818b6330687ef6c6264fdcbb363c2548e880c7dfb
vcm_train_009433.wav,fil50_11361_ref_tagalog6_TIMER.wav,9fa5f9afafe7ece999043bee08505b19a041675f84f94239e53198fe4cbe1352
vcm_train_009434.wav,fil50_10531_ref_tagalog5_LIGHT_OFF.wav,591113783c7d5d10415f3ca9de47eb3dfc7758142250aecc1f4026185cf5feaf
vcm_train_009436.wav,fil50_12211_ref_tagalog7_TIMER.wav,21544dee9337a9e2892b66ca9a8fa4a7b655302bd5a21871034773c1ab02598b
vcm_train_009437.wav,fil50_03031_ref_tagalog11_TEMPERATURE.wav,5ea299336a92557aad50404eec3db7690558aba3e450c5f727e4a5bb27cfce01
vcm_train_009440.wav,fil50_01395_ref_tagalog1_TIMER.wav,371c033920c7f7edc90ca707629d10ab2a03b39e56c5009b530cfbe59459f11c
vcm_train_009441.wav,fil50_07930_ref_tagalog2_ALARM.wav,12e6505308603e6db19171c61707fc0af2daff2050e42bb2bc54af99eaec0e3c
vcm_train_009444.wav,fil50_13031_ref_tagalog8_COLOR.wav,0898ea3b4d8a42cc29af2da7226e2f8810b85c18b01ba9d2c850a9f23c52e00b
vcm_train_009446.wav,fil50_06417_ref_tagalog15_WEATHER.wav,970eec93dcc0e764a1473fd3cf962abd8dc02d5d65837e42f67d9164c4a36ca1
vcm_train_009447.wav,fil50_07147_ref_tagalog16_MESSAGE.wav,4b0778783228b1b2ce3d49162534770d0857e59113ef71245fd45193849a05e8
vcm_train_009448.wav,fil50_03854_ref_tagalog12_TIME.wav,bb0cdb1d87837a1b4a0756af52086b7a98e26dd0e9206fa096871942a0896dd8
vcm_train_009450.wav,fil50_11363_ref_tagalog6_TEMPERATURE.wav,c7798cf1e6a3b103e9abbac0d91c65ce629d05fb8e67daf5432ae2347658eba9
vcm_train_009451.wav,fil50_10533_ref_tagalog5_TEMPERATURE.wav,0ce673cec12c40e53a21c367f32ed7a4fa4418fb2337c91da8c0558c54642b45
vcm_train_009453.wav,fil50_12213_ref_tagalog7_STOP.wav,3a846b269a0bc5c6642a6227e044e4509474ab86900db72eda6dd7082898631a
vcm_train_009454.wav,fil50_03032_ref_tagalog11_CREATE_REMINDER.wav,6484cbd64d3a828296dab0d6934bdcf3e3a30ac9f891f0ad806918e708f8a8cf
vcm_train_009457.wav,fil50_01396_ref_tagalog1_ALARM.wav,a1d8e1f3ae1f96c6b9aec21f4d679b08b44f42b10ab50812d822ed7d01d13129
vcm_train_009458.wav,fil50_07931_ref_tagalog2_COLOR.wav,3ea4c579892897ee695f8febac0770c19a11e344956452f5b1c21adf24b5bd49
vcm_train_009459.wav,fil50_04729_ref_tagalog13_VOLUME_DOWN.wav,b5cac9cdd875ea39d3d7669e8a72a81f958db9d51806a23cb73d88b9ee875455
vcm_train_009466.wav,fil50_00545_ref_ilonggo1_TEMPERATURE.wav,8e7ae7189bf6df2e7194a8453028de81119002f7946cdd95a93a66a66b677c71
vcm_train_009467.wav,fil50_11364_ref_tagalog6_BRIGHTNESS.wav,e80024e67b778f74ea9bbcd2a554473c2116f2fb48d07153dc96643b61e4f46e
vcm_train_009469.wav,fil50_02217_ref_tagalog10_TIME.wav,17c0e4748e6dc999ab63439cf27777a1f2d580dffe188ad10b7c7bb3852a435d
vcm_train_009476.wav,fil50_04731_ref_tagalog13_NEXT.wav,10da1e48fd9ef3aac053a6375b4f1f09dde8669e2baeae72dbb0f5c7a08290d2
vcm_train_009477.wav,fil50_09670_ref_tagalog4_LIST_REMINDERS.wav,e0b1656fa7a3d8a9894949979122a380df1a74bfd23029a283044cb7b042742b
vcm_train_009478.wav,fil50_13032_ref_tagalog8_COLOR.wav,5c0091b3abd81fd9934f1b5778a79fc7b1a43df92b0a6cbe37b166364617973e
vcm_train_009480.wav,fil50_06419_ref_tagalog15_PLAY_MUSIC.wav,e7027c48754bdd31ce719eea0892ea5a62c86ea20c67082f0fe42cdd514908af
vcm_train_009482.wav,fil50_03856_ref_tagalog12_COLOR.wav,b06bb64dad8f513ce53b7e2eba1d372bfba96f1c75db7931cc2ab7c48fb27ad0
vcm_train_009483.wav,fil50_00547_ref_ilonggo1_LIGHT_ON.wav,c3783fe8cdc27ca4e0b5280f0bd48e5c3f8f4f4834ba05c9d5b3311c8c9ce0e5
vcm_train_009485.wav,fil50_10535_ref_tagalog5_ALARM.wav,004141a3fd48e713dc584672984bf5dceb75aebc7aaff86280fe249fb6f9bbe7
vcm_train_009486.wav,fil50_02218_ref_tagalog10_NEXT.wav,ce82b7b01d746e9529b1db0d28ac797e55a10e968bc2fba10388d7554c4bb262
vcm_train_009488.wav,fil50_03034_ref_tagalog11_CREATE_REMINDER.wav,e69d922978a7fe59f112e161b5d9d1a350026f0cc6cf07adf2b3cafcd528412c
vcm_train_009489.wav,fil50_13833_ref_tagalog9_BRIGHTNESS.wav,19b3a1a3e2a2bca9797bc9e2bcb70161ff7a6ba0f2b0aacaeb5630418d9e0fb9
vcm_train_009490.wav,fil50_08844_ref_tagalog3_BRIGHTNESS.wav,06c08c8f4d56baf8be19a3c73c803a4ca727d5347e19574b2c30883422907f09
vcm_train_009491.wav,fil50_01397_ref_tagalog1_ALARM.wav,43eef190fb541a5501423e2c6a67e66c88b40bd1ef8fcad9ae7be814ba774741
vcm_train_009492.wav,fil50_07933_ref_tagalog2_TIME.wav,4edc46622955014c0f87e1634d714e4c16dd5785b08e1af416cc500366a60d06
vcm_train_009494.wav,fil50_09672_ref_tagalog4_WEATHER.wav,cbd7127a4c775b293f916ef225d65c862cf55bd011f4febdf82ab9e6cf52533a
vcm_train_009495.wav,fil50_13033_ref_tagalog8_WEATHER.wav,aa44869dae4c84a8139a4bf890e9151f85fae0553f049db23aff833ec5365f1d
vcm_train_009496.wav,fil50_05556_ref_tagalog14_VOLUME_DOWN.wav,b26ea6459ecc82193358241a3ed9e3422f7188e38953614bfa2821eebe4c057d
vcm_train_009497.wav,fil50_06420_ref_tagalog15_MESSAGE.wav,a175a41d531dafafaeb5ba17a9a5db4d93b8485c0f8f11d82547f286c0ac7747
vcm_train_009498.wav,fil50_07148_ref_tagalog16_TIMER.wav,ed56dc910e2fdf2bfad7f2a46ed0526ee6a8b4b509aec326ebdfa3d07f285d02
vcm_train_009500.wav,fil50_00549_ref_ilonggo1_TIMER.wav,c83cb0fd559bbaa013452f30b078b04c110e974c006d068a4e09817e5b747bf4
vcm_train_009503.wav,fil50_02219_ref_tagalog10_TIME.wav,cb0e2e6a0e97afafe46462f0b64ecbad9b1656429086a7b2ec1f642f31d0ee0f
vcm_train_009504.wav,fil50_12215_ref_tagalog7_STOP.wav,9e88b0cddf5baa24d2f4f6486f0756b73beddf0be749e48ac203e32021f3a93e
vcm_train_009506.wav,fil50_13835_ref_tagalog9_PAUSE.wav,378febc54e72ad12ef34ac89f137201bed149df250da2c8435e68d67f9834b62
vcm_train_009510.wav,fil50_04732_ref_tagalog13_LIST_REMINDERS.wav,87c6d81614b9c7aa4acfa75ab76ffeb4e4481462693a3dbb669082d8d001c06f
vcm_train_009513.wav,fil50_05557_ref_tagalog14_NEXT.wav,213ede496f0382ac9dfdda6c476d2c3b4d326707bfc4e655ddfefe08ab77d32d
vcm_train_009514.wav,fil50_06422_ref_tagalog15_LIGHT_OFF.wav,d9ea785f7616c8dc89eb8ca669c36b7dbdf181d1150911f72f6dc2910ce0e90b
vcm_train_009516.wav,fil50_03857_ref_tagalog12_CREATE_REMINDER.wav,373247b9dbc48b0c9674378a7a99d047f9f33badecc82c83638eb1b9b64e4484
vcm_train_009517.wav,fil50_00551_ref_ilonggo1_TIME.wav,bba2cfbafb19e30fe53f80d506ae84268bb2f3c22eda2666a85268066e85be62
vcm_train_009518.wav,fil50_11366_ref_tagalog6_BRIGHTNESS.wav,691404dd07513ff4a8e24a03645429333ef363130a7fce51587777f839160b57
vcm_train_009519.wav,fil50_10537_ref_tagalog5_NEXT.wav,7e0973e533b14ab28d26fd3c874dedd20bc29f20c0f1c29ac6d375e07016f87c
vcm_train_009520.wav,fil50_02220_ref_tagalog10_LIGHT_OFF.wav,ead6e829aabfedba6f351db32861da057618c5c69f775e1455cbf81498ddff06
vcm_train_009521.wav,fil50_12217_ref_tagalog7_VOLUME_DOWN.wav,f1023b9c7cde7cc0d3e7104134a859b852d4ce4da26a08e588fbc7e633e25a57
vcm_train_009522.wav,fil50_03035_ref_tagalog11_ALARM.wav,b425bfe70775a1f4a51002017521fe78d0fb88439ff7d98542931d96dedd2c1d
vcm_train_009524.wav,fil50_08846_ref_tagalog3_VOLUME_DOWN.wav,82d441191c9ee0b625ad40db014737d3717515d57181d4c06ec665664ec381e4
vcm_train_009526.wav,fil50_07934_ref_tagalog2_NEXT.wav,5a7e06f99cfc46e746a922b8bba7d68900256c5c801ffe8964f853d8994398df
vcm_train_009529.wav,fil50_13034_ref_tagalog8_CREATE_REMINDER.wav,ed65753ff0f91031f8d2a73dbf3a65d81bada64cff087d3ed4a4f2cff14437be
vcm_train_009531.wav,fil50_06424_ref_tagalog15_TEMPERATURE.wav,b0d25831171a2bb75d6f67d7115dbc9453d4c96db15394ce7d295d7f4addb6c3
vcm_train_009535.wav,fil50_11367_ref_tagalog6_BRIGHTNESS.wav,db19f31fd86f9929234f9eb449710ab7eff83d563af7cf469e6ad760ceafd83a
vcm_train_009537.wav,fil50_02221_ref_tagalog10_LIGHT_ON.wav,d1df176ecae357d3902355d2f35a17efc84afcb0b7e9ccaa1b68fe0550fbd17f
vcm_train_009538.wav,fil50_12219_ref_tagalog7_TEMPERATURE.wav,d99626d8778e145e63cdba4188301328b5e9f601836e027850c7220126ed5385
vcm_train_009541.wav,fil50_08847_ref_tagalog3_COLOR.wav,9f3c0735de0005411f7261c3a73249f68c8852fbf24101bc58addd331752ce41
vcm_train_009542.wav,fil50_01398_ref_tagalog1_TIMER.wav,a88f01a3f086ad6a8f5d1cf18861a9ce2e092603b864b10aec950625ab1d76d2
vcm_train_009543.wav,fil50_07936_ref_tagalog2_STOP.wav,7d7692889720ca2630abe364b3e3d6471fa6ee3d1ff32c51bbdb03d5fee46b74
vcm_train_009547.wav,fil50_05559_ref_tagalog14_TEMPERATURE.wav,5fcc9ac604dd497c98e789a7ebb6c20c399ff197cab4d1e0bd68420dc50a1814
vcm_train_009551.wav,fil50_00552_ref_ilonggo1_PLAY_MUSIC.wav,5982c0e31a80c026d0c4a14d6d6cb512cb8abe1f87e703d660ce1ffaf90a45c9
vcm_train_009552.wav,fil50_11368_ref_tagalog6_STOP.wav,23c4b5c45f1c906ee3c6b46be3d1bec52d0b570b7622e377de73aaa37e7745c9
vcm_train_009553.wav,fil50_10538_ref_tagalog5_BRIGHTNESS.wav,67515bc2b7caa2fc0e659309334faa7336f1df7748e15af09a42a86fb2e4aa34
vcm_train_009554.wav,fil50_02223_ref_tagalog10_ALARM.wav,a04847bf4eb48d1a3377d06bc73e531acfad0452326486f8be479381d882fcfa
vcm_train_009555.wav,fil50_12220_ref_tagalog7_VOLUME_DOWN.wav,4a8fb5de2baffe68aaac52d4d7946d8c05ae0ed8782d4ddc5576b87ae63c8f02
vcm_train_009556.wav,fil50_03036_ref_tagalog11_LIGHT_OFF.wav,8b7d7104367523e0a9b585386ab45341dd770f021d61fa51059f79a0f06e4f93
vcm_train_009557.wav,fil50_13837_ref_tagalog9_COLOR.wav,b2aa192c757954e8d8662a91dfdf58237ff528b678ee7fdb2addb485563e26b8
vcm_train_009558.wav,fil50_08849_ref_tagalog3_LIST_REMINDERS.wav,ffd497908947c1f245245533869ed9ebedbdc2ae67b838ffef3905538c92013b
vcm_train_009561.wav,fil50_04734_ref_tagalog13_PAUSE.wav,c0488f4e8a07c3e4d11faae300607b1f77940a08da3699ed77e4277148becb86
vcm_train_009562.wav,fil50_09673_ref_tagalog4_PLAY_MUSIC.wav,597ed2047ede2b15f0872b6d27086890d76fc7a394463517a7a0a97c770bf59c
vcm_train_009563.wav,fil50_13036_ref_tagalog8_TIMER.wav,8d12de8b171b1278d9d5a5631b07ae41c59a90300bd66faa359460963c1b98b0
vcm_train_009564.wav,fil50_05560_ref_tagalog14_TIME.wav,4541f0f40287057e1e989486ac68322f7b7a21119c432aba3ffb0ca4b6130d9a
vcm_train_009565.wav,fil50_06426_ref_tagalog15_COLOR.wav,683aa3892b7c258b060690f54dd414dc94abec0ea8fca871824bd72cacfd6131
vcm_train_009566.wav,fil50_07150_ref_tagalog16_BRIGHTNESS.wav,5b4a8d7b1a1e641b0840513f2619b8de0637b4f388ca2f5ef447c4d80406aa7d
vcm_train_009567.wav,fil50_03858_ref_tagalog12_ALARM.wav,ada1bb9c97593b35136cd4fdf7e40a6def2bc2ad1f9775cac457c0275c7c05b1
vcm_train_009568.wav,fil50_00554_ref_ilonggo1_CALL.wav,8ee0901fa5dd9a5e5925154b4a073ebce148e496a750c074f5daf3649667edc1
vcm_train_009569.wav,fil50_11369_ref_tagalog6_TIMER.wav,cc6af9820e70027074a46e6cc5d7b89e24e05a18890d0073a0ca22795791efdb
vcm_train_009570.wav,fil50_10539_ref_tagalog5_COLOR.wav,119949d081f6904ee5e1093a27e6b4a4b7a97a98504030f390716a9059ddfce4
vcm_train_009571.wav,fil50_02225_ref_tagalog10_TIMER.wav,d6b5d932a901d5673e9bc3659cf49d9d07a3924db774b840809b64f355428078
vcm_train_009575.wav,fil50_08850_ref_tagalog3_CREATE_REMINDER.wav,0407538334c6f6fc1f23e229673f23ef2a54981cbc8195bf1cf1e495d91de77d
vcm_train_009577.wav,fil50_07938_ref_tagalog2_LIGHT_ON.wav,fc0c83c0a3c9f891476b2152bcd0a2de403bc621bf45724d251812266e56d190
vcm_train_009578.wav,fil50_04735_ref_tagalog13_NEXT.wav,f823fd8d442159465ef4fb21da59d84782123565d7cf19493c7c6125479643f2
vcm_train_009580.wav,fil50_13038_ref_tagalog8_ALARM.wav,ef40b2f9e301eb6f8c13c1ab4ac9e52419a44eaeed8ec4a208e6b053b3ece0b7
vcm_train_009583.wav,fil50_07152_ref_tagalog16_STOP.wav,b61882e92b68eb71fa3bdebb84665e6fb008861305748dddb19321c8ce3ba443
vcm_train_009584.wav,fil50_03859_ref_tagalog12_TIMER.wav,f76d6ca7924f6146c202a724e18a568994aad7a8af17379a421b94ec248c7bbc
vcm_train_009585.wav,fil50_00555_ref_ilonggo1_TIMER.wav,d96fbfcff2b8e4068f546399c04f067c0f6115418a3fd734852377b68d56f0f4
vcm_train_009588.wav,fil50_02226_ref_tagalog10_CALL.wav,3d1fe6c213b12cc7ff6e29f9a18545b4cc99a595130a10e0ac96baa809da5619
vcm_train_009589.wav,fil50_12221_ref_tagalog7_COLOR.wav,1e32a2b94dc8b726bf5c06f37c0ff361256eb9ac74ba23e76d66e7762df318c7
vcm_train_009590.wav,fil50_03038_ref_tagalog11_COLOR.wav,ece391b49821c3a69bd940f50ab77c6c417ee10c73de59029ca4972be08878f3
vcm_train_009592.wav,fil50_08851_ref_tagalog3_PLAY_MUSIC.wav,2a7c2fb296654b2fd81224c8cecb27f8391b166e9b63f4554e529791cfa2aae9
vcm_train_009593.wav,fil50_01399_ref_tagalog1_STOP.wav,b71ec2615f4a9b146ac909ac632955987484d21320834e9cf67eed564caa6f27
vcm_train_009594.wav,fil50_07940_ref_tagalog2_CREATE_REMINDER.wav,0f7c33ab99d8c2472d9aa27279275b7576c343a6335dad9222e31c8a7bc43b00
vcm_train_009595.wav,fil50_04736_ref_tagalog13_ALARM.wav,32ff3f800732a04539a70640fb9426f829b89cd2f9c6eafb062e2f55086d6125
vcm_train_009596.wav,fil50_09674_ref_tagalog4_CREATE_REMINDER.wav,68a4074f0900aa326b968dea67aebbcc4e04c6e3967146d51540664cb829eab3
vcm_train_009597.wav,fil50_13039_ref_tagalog8_TIMER.wav,8a42da0894fd0344961e7f90ea34dbc0932c7f15447ae8b71b52d0dd0e165f49
vcm_train_009599.wav,fil50_06428_ref_tagalog15_PLAY_MUSIC.wav,258565ab47d8cfadf6ac4a75556bbb77d56a927e1551ec246446df023b677589
vcm_train_009600.wav,fil50_07154_ref_tagalog16_CREATE_REMINDER.wav,1d08be0451db7878578339a05c0abb1f51d2a8df31f06bea047a3846e2f23a31
vcm_train_009601.wav,fil50_03860_ref_tagalog12_ALARM.wav,2cf3e4b9de6d73220d6e77384bbdfa3877eef7c43ac8237d9830ecef53b0c6d0
vcm_train_009605.wav,fil50_02227_ref_tagalog10_BRIGHTNESS.wav,ab022e39e7632dc45eea623a3499b44cc63979db84faab8ef85a0a6a1ee13874
vcm_train_009606.wav,fil50_12222_ref_tagalog7_COLOR.wav,3e43836188f7b7fbc98f76e094d30c0e09a64495596caf43a4a624b23d88b149
vcm_train_009607.wav,fil50_03039_ref_tagalog11_BRIGHTNESS.wav,f41f2e09833e137d27e940f58db4a1786ca4b6acc01fb20167828ed9b65f5539
vcm_train_009609.wav,fil50_08852_ref_tagalog3_PLAY_MUSIC.wav,0ceefae2955ec918cd64ab58d3c138b3840d166ef0752094b6391798b7d5989c
vcm_train_009611.wav,fil50_07941_ref_tagalog2_VOLUME_UP.wav,c112a9f94d3653d303e006541163181bcc4174921a5ecaf2e6217bc1110c0102
vcm_train_009613.wav,fil50_09676_ref_tagalog4_PLAY_MUSIC.wav,ef9f7c8080ad460b02494e3353cf81730cb4d0d4323c838497fa19058cb0ec82
vcm_train_009615.wav,fil50_05561_ref_tagalog14_ALARM.wav,38b5f23de76ceaed80c9dba6081ee2fd186373d826cdb915f7c12fe24a86c3a2
vcm_train_009618.wav,fil50_03861_ref_tagalog12_COLOR.wav,67011f02b3188e1d87466c7141dd60628a14436d00c9aa9682b2c62cb63f2a31
vcm_train_009619.wav,,1e5d19f1a73953926cdf1f1cf9060ffdd2462942ba5726d48b869b538f776056
vcm_train_009620.wav,fil50_11371_ref_tagalog6_COLOR.wav,f2bda51e4ed2b2288aefbe0216782ae49b1f7fa657ba12a3d03a2acb183af2ce
vcm_train_009621.wav,fil50_10540_ref_tagalog5_COLOR.wav,a329e18044fd9237494824451a09cd9795fd98f4de73421e7b7bba32dbfca372
vcm_train_009623.wav,fil50_12224_ref_tagalog7_BRIGHTNESS.wav,6fea5c8ae3d6a96014ee8450850324daa0acdf5b3d805fae819916825d0d3334
vcm_train_009624.wav,fil50_03041_ref_tagalog11_COLOR.wav,958738fa887efc49aa446ecd5cc3dbd8fddb8ac3ca8d62eaa036d869968ba7ca
vcm_train_009626.wav,fil50_08853_ref_tagalog3_VOLUME_UP.wav,2c4949cac09c44014dbd3291aefed6f8140b98d32290fffc81eb79f1ee6586d9
vcm_train_009627.wav,fil50_01400_ref_tagalog1_BRIGHTNESS.wav,fc2efb6a22d33800ef0fe31dfa084a573d4e29b0af44dbb643ef0adca1ef757d
vcm_train_009628.wav,fil50_07942_ref_tagalog2_MESSAGE.wav,7eb47360203db1a9a51d1d29c9584a128719952482bbf32efcac8bf31d510fd7
vcm_train_009630.wav,fil50_09678_ref_tagalog4_NEXT.wav,93de665bea2a1372b999a90841e48f7101370a79e81a24a88387a84cb47ddfab
vcm_train_009631.wav,fil50_13041_ref_tagalog8_TEMPERATURE.wav,018854823384562601edefb008469f86fb925b3d514df42cc7bce3707fd614c0
vcm_train_009633.wav,fil50_06429_ref_tagalog15_TEMPERATURE.wav,fab7d822931b09a1d11957babf628cb8eba8ceab9beaa3b8604f99821109d28e
vcm_train_009635.wav,fil50_03862_ref_tagalog12_COLOR.wav,ff88495f936da2117ead2d71fca0bce47632b536ea6976854a8ebf5ab7888a13
vcm_train_009638.wav,fil50_10541_ref_tagalog5_LIGHT_OFF.wav,4f3ddc5c660ad12c55957581bc30ce2dbaa73a9f1b8daf38d2348c639a1ad04b
vcm_train_009639.wav,fil50_02228_ref_tagalog10_LIST_REMINDERS.wav,5a97bed425b422210ebbe401f102d64d43d174e9b3a8dc25fde8f64ef4c06534
vcm_train_009641.wav,fil50_03042_ref_tagalog11_TIMER.wav,aef5897739feff7d7f3587049a308eeb1bf714e9ee066a8cae0650832ab4589c
vcm_train_009642.wav,fil50_13838_ref_tagalog9_CREATE_REMINDER.wav,dc8509dc2d8651975d3fa35416048c101000bcfd7ea48cb4344dd01c4f73acb2
vcm_train_009644.wav,fil50_01401_ref_tagalog1_TEMPERATURE.wav,40e71cc31d357d527f41744fae92c8ef7e0d42dc31cdda73c99da96f7606c194
vcm_train_009645.wav,fil50_07943_ref_tagalog2_ALARM.wav,eed593a642acbaccd33d63a240bd5ad622deaa4dff2c0096d2d97305270a0ef6
vcm_train_009646.wav,fil50_04737_ref_tagalog13_STOP.wav,efc66340650d98a42f7bf4aa48d022eaed1fceb60d735ecdbb2bdaec6f1bd89e
vcm_train_009647.wav,fil50_09679_ref_tagalog4_TIMER.wav,16e350e5b1b5f6c178ca12f1fd6129e18b71587856f0e530cfae8355b2bc9a36
vcm_train_009653.wav,fil50_00556_ref_ilonggo1_CREATE_REMINDER.wav,cbce6e30d627a064c2aae0e6a0b6b3d9652fd3e0a7f980834733c6b42c5f60c6
vcm_train_009655.wav,fil50_10543_ref_tagalog5_WEATHER.wav,f91e7169d7cc45811bcef57adf4c47080eb141bb4b66fb87fa0598d62d646ec8
vcm_train_009656.wav,fil50_02229_ref_tagalog10_ALARM.wav,9410f61dd272c60d9b7f92393155e716c1aebe2658c197bbae731bc4e042dda0
vcm_train_009658.wav,fil50_03044_ref_tagalog11_NEXT.wav,04bd4a00894264a7ff120882d7bba86d6cf10f4d7911dcb208eee6036a791861
vcm_train_009661.wav,fil50_01402_ref_tagalog1_TEMPERATURE.wav,15b57c5b1beff83e7ec83cc3b1acaf8d764c2540a9bfe6fafc9a1726562fc343
vcm_train_009662.wav,fil50_07944_ref_tagalog2_ALARM.wav,69dc196bfc6cd29d90ac74c36e7a36a1f2f57367366d7b7d875d3839bfa3811d
vcm_train_009666.wav,fil50_05563_ref_tagalog14_LIGHT_OFF.wav,c6cf98b662807272842465c2f2958cd8ba5705a1faf71f4611839e5eb136789c
vcm_train_009669.wav,fil50_03864_ref_tagalog12_LIGHT_OFF.wav,e87546e29e4db3439d68c3b657ef8ef43901906f96d87a74a94ab604df8c35bc
vcm_train_009670.wav,fil50_00558_ref_ilonggo1_TEMPERATURE.wav,cdee79d36e84f90edfd85eef2553aa580078437c6599561ec590a8aa6d31dc6f
vcm_train_009673.wav,fil50_02230_ref_tagalog10_TIMER.wav,c283b7ea69fa1f1b24a1ec523c44486422ddc06d43a18ca540c5ade3b9a19516
vcm_train_009674.wav,fil50_12226_ref_tagalog7_COLOR.wav,3b651345319bcba4e2bab8d3ca7f9cf102b4dea46ae6289a421586b63fdce13b
vcm_train_009680.wav,fil50_04739_ref_tagalog13_BRIGHTNESS.wav,a758350c62389eeffb5efbf1b5d4b8f26388bfe532042c84ade6ff8b65099110
vcm_train_009681.wav,fil50_09681_ref_tagalog4_ALARM.wav,229535c67fdc4ab8e9d51a4219c3afac8360c93f4b6827fa954e95e4d712abcb
vcm_train_009685.wav,fil50_07155_ref_tagalog16_NEXT.wav,9c0ce6c1b996be6f2b79e251f13f83a23e95bb284d1a4ea5614fd16b857d0082
vcm_train_009686.wav,fil50_03866_ref_tagalog12_TEMPERATURE.wav,7fb876e32cba31e0b57d0ce4e3436c1125f1e90e2c246459c0aeddc804ca4d9a
vcm_train_009689.wav,fil50_10544_ref_tagalog5_PAUSE.wav,e4ddb82c1dba3d59455dabfa9c62490a9969dd742786ca8630a47b74d61e5708
vcm_train_009691.wav,fil50_12228_ref_tagalog7_TIMER.wav,cd9c514075f9eb04fe02a344154653438e22dd93e46d89e1f625353115326c33
vcm_train_009693.wav,fil50_13840_ref_tagalog9_TIMER.wav,413d75b728c13434c5c2638b4d179e864416ddb096234c510921769f3547664d
vcm_train_009697.wav,fil50_04741_ref_tagalog13_TEMPERATURE.wav,245ad4c4ff968def7fd329ee7fe095b1d0e1225bb157f83568917e875e02e349
vcm_train_009701.wav,fil50_06431_ref_tagalog15_TIMER.wav,4399c8afbe91bc0f310f64457837f14860df9b4277bd5dd2f531daca013b1ec0
vcm_train_009704.wav,fil50_00560_ref_ilonggo1_TIME.wav,5ec09004239d39b3963c5e17eb2db2c8402d7d873fa9a8bb8f372781269cfce5
vcm_train_009705.wav,fil50_11372_ref_tagalog6_COLOR.wav,68143294a2c8e114638a164dd0a815cf5c387a4396645538325ef9b059ec7a12
vcm_train_009706.wav,fil50_10546_ref_tagalog5_ALARM.wav,65026c6884d9824d56808e03a0ea73a56fe4c0bfb752fc27f82fb9a1c41eafdb
vcm_train_009707.wav,fil50_02232_ref_tagalog10_ALARM.wav,c5e45e7497bad4022b5188ad686031c82fb904e004587c31ccff492531d86d3f
vcm_train_009709.wav,fil50_03046_ref_tagalog11_CREATE_REMINDER.wav,47ff24d672fb4d6c4976cfb32e441724b474417966b58f18844bc9d23d9e0291
vcm_train_009710.wav,fil50_13842_ref_tagalog9_COLOR.wav,22a5e59bde5051ebf318b845d62dcc04f24dcb0f2313c293e02beb8d2df2bc7e
vcm_train_009711.wav,fil50_08855_ref_tagalog3_CREATE_REMINDER.wav,4e395ab70f281649b48daf2b73e744aa9be657c053bd9cb7b9d91151ef768eae
vcm_train_009712.wav,fil50_01404_ref_tagalog1_WEATHER.wav,b6d305afa7e0459ab53d60e7e36440efebf2b9097d2131d2864b732ce78fd5fa
vcm_train_009714.wav,fil50_04742_ref_tagalog13_CREATE_REMINDER.wav,35ae2fe5c0f53de1045ffd080338d84c130be7d26f900e45ef344f10101735ac
vcm_train_009715.wav,fil50_09683_ref_tagalog4_LIST_REMINDERS.wav,e02c5b14771b198c0ea3e6306b965d32ed18d9c9103484c54f91456b0ed5d4d9
vcm_train_009716.wav,fil50_13042_ref_tagalog8_TIME.wav,50ea88f3dc51f3cd6db126f396abdae940295056cce218769aaa82ed8dfc4349
vcm_train_009717.wav,fil50_05564_ref_tagalog14_LIGHT_ON.wav,857cf7c0ab11de4da25d802eb18f1165369ad5113a47dec1f9225b60151cafed
vcm_train_009718.wav,fil50_06432_ref_tagalog15_VOLUME_UP.wav,1331686f6fcf4b9f3b2d27a79db5ac2fa6b8518bb7e8a7d3e23526b71f0f1a7a
vcm_train_009719.wav,fil50_07156_ref_tagalog16_TIMER.wav,65774d61c8aeddfaf086dba448d08d51f7bcbf4aac76dca3e4cd799795e8724c
vcm_train_009721.wav,fil50_00561_ref_ilonggo1_WEATHER.wav,fd8488e2825799763053b8f4b96f84733a325af135f62fdf848d3d931fbb06ae
vcm_train_009722.wav,fil50_11373_ref_tagalog6_COLOR.wav,1d46a028d6a9fac1c255539f3b16a28e60950afa6bb7810cad582b925892ec90
vcm_train_009725.wav,fil50_12229_ref_tagalog7_BRIGHTNESS.wav,01796e2dceee65a62731976b3928624a29f17d856f2d59e6bb86c60da2c4c24b
vcm_train_009726.wav,fil50_03048_ref_tagalog11_ALARM.wav,d3df591571c95900ef09400139c5a64b85df7b6718e4f174fc369ec8231ef8bc
vcm_train_009727.wav,fil50_13843_ref_tagalog9_ALARM.wav,1743d1e039bb19a243f79e39e1f6505204e7ef56e44beaebbbe855e75b725b03
vcm_train_009732.wav,fil50_09685_ref_tagalog4_COLOR.wav,02ebe7236a737fa9afbd411355382f882c0b2cfe70607e10fd166b0d5e02dde5
vcm_train_009733.wav,fil50_13044_ref_tagalog8_COLOR.wav,c3305a2f71285c2eb7e0882881ea04f41fd695c45ac7c319670e57f10890e4e6
vcm_train_009734.wav,fil50_05565_ref_tagalog14_TIMER.wav,23aff316475a4825d1a5b01bd0c691a7afe6bb0184713fdea787919a1660991f
vcm_train_009738.wav,fil50_00562_ref_ilonggo1_TIMER.wav,9581eed1f9f4a67db4710512f5ab2e4f5232553e5b708717643bfc9453f62c96
vcm_train_009739.wav,fil50_11374_ref_tagalog6_WEATHER.wav,e2b62dbfb9dd8d4e9cb90e62a3573d2fc4779ef9825b42a0563758fccea7c69d
vcm_train_009740.wav,fil50_10547_ref_tagalog5_COLOR.wav,d80150f698e56d1a87da2f0df90014fed79d647d927e70736fc679b23397f668
vcm_train_009741.wav,fil50_02233_ref_tagalog10_TIMER.wav,f2ff76de3c6cfd64276a4e1ea0a1a60c6cc24f1937b2b99168310953e4539140
vcm_train_009742.wav,fil50_12230_ref_tagalog7_ALARM.wav,40bfb4aa0a42e6a251586dbf69906c7de3fdbee3be5bc93814aa881d5f4fc40a
vcm_train_009744.wav,fil50_13844_ref_tagalog9_TEMPERATURE.wav,c860a446531d221f019665aa54fabfa21f692611fb87b96f00fd8c4310fdb495
vcm_train_009747.wav,fil50_07945_ref_tagalog2_TIMER.wav,b9b480c3c9bfdc57beb43ef035fca5cdba4258376d9b54082f8c0cfe08267f08
vcm_train_009748.wav,fil50_04744_ref_tagalog13_LIGHT_OFF.wav,1b3d6add4ea91224bf2c10a9d47230df96b63fb163340646e7121b293ea382e1
vcm_train_009753.wav,fil50_07157_ref_tagalog16_STOP.wav,de2afe624738a7b3308b5d70997ea425f13f18fb792696ed630f1c2213587a2f
vcm_train_009754.wav,fil50_03868_ref_tagalog12_LIGHT_ON.wav,9b699d894f629e326ceb616e71846714fe2761001e34a621a357c7f2c4fb9113
vcm_train_009755.wav,fil50_00563_ref_ilonggo1_NEXT.wav,3df9834756433a30642c7789e3d3daded1b14e1e08a8e1807f787da2d78ae77b
vcm_train_009756.wav,fil50_11375_ref_tagalog6_PAUSE.wav,00e93c06acd25de64f4f685c841b0b44d9e587dc2d3edace854c3dd59c024abb
vcm_train_009762.wav,fil50_08857_ref_tagalog3_CREATE_REMINDER.wav,4bc1fe4b602e5d56ba02c77efe2eabffe20523735644caceef24f32d1f6a6990
vcm_train_009763.wav,fil50_01406_ref_tagalog1_TEMPERATURE.wav,b1051d2aa58dc23e003708fb367f8f4bb8ab3d0fb6ba37599ab3a246f0dc8f62
vcm_train_009764.wav,fil50_07947_ref_tagalog2_ALARM.wav,d97e564179525f686232fa9befd5b67290927a75e7692fc4b31c4bce294baf8e
vcm_train_009765.wav,fil50_04745_ref_tagalog13_TIMER.wav,49f6650ca6955073858518dd2d0d10bb63306545a15d0000d3aa365b8767dd0b
vcm_train_009766.wav,fil50_09687_ref_tagalog4_TIMER.wav,8505af9d88f4bbe06fbb4cfa0cb0d91dcfd9e02c51b44465c58be792a672920e
vcm_train_009767.wav,fil50_13045_ref_tagalog8_TEMPERATURE.wav,e30d5832732ea607f634dab689a82263639dcc4dcc25ca6720f3b5cfa1460b94
vcm_train_009768.wav,fil50_05567_ref_tagalog14_LIGHT_ON.wav,00de0370b5affd1289ec9d7ae75b8a1084d6e0ac402d59ae8bf6eb81e69bfd8a
vcm_train_009769.wav,fil50_06433_ref_tagalog15_PLAY_MUSIC.wav,84e5c141bc1b83ab5ef72aab73af1190061df23c2764cc40be78f8a686448e5d
vcm_train_009772.wav,fil50_00564_ref_ilonggo1_NEXT.wav,61157633e0f6ffed629dc5d652de886fc7968bdc104492baa1c753fffda3d5bb
vcm_train_009774.wav,fil50_10549_ref_tagalog5_BRIGHTNESS.wav,8081a3803e300642f6b68dc1c820566bc8df776727e536887c5c4f6876a070ec
vcm_train_009776.wav,fil50_12231_ref_tagalog7_BRIGHTNESS.wav,4e61e7130e5306f8fca0a9792da36451e0e25e1a53be88b892f79b1209fb9567
vcm_train_009779.wav,fil50_08859_ref_tagalog3_COLOR.wav,e722d3b0de1a936767f5e0a287f0210beac435f12ffeca97f30b73f543894b64
vcm_train_009780.wav,fil50_01408_ref_tagalog1_ALARM.wav,449966c7c05feb3430b990613b76efd73a085e39a29668151603de74cfab4920
vcm_train_009781.wav,fil50_07949_ref_tagalog2_TIMER.wav,966b07f199d41189d9b447b8fe0208b98a98b26d6874ef9e803948806c48ad19
vcm_train_009783.wav,,a2bb50c22836345c4693ff09b3e82bdd8d6694ad4d2dfca27521d18a5603d219
vcm_train_009789.wav,fil50_00565_ref_ilonggo1_WEATHER.wav,53ee7863b4cdf238844180f0b16b13ddce412f16d785e67d1bf0b67f5aa861be
vcm_train_009790.wav,fil50_11377_ref_tagalog6_NEXT.wav,3248ebb4f04c41e270ada7a03496d10b3197bc3397638823defca390ff9bd9d9
vcm_train_009792.wav,fil50_02234_ref_tagalog10_STOP.wav,5bfb7539c101e16fa416945fa2ed426c0d85e4d13e63513fabadbe84de6de7c9
vcm_train_009795.wav,fil50_13845_ref_tagalog9_CREATE_REMINDER.wav,03a1b045ad6c82fee383ccc394551a65a11900d94eefe0e69ba0026a1bd8c35a
vcm_train_009796.wav,fil50_08861_ref_tagalog3_ALARM.wav,4de244dcf43cbf6aed30f7f3a25528aedefe079967081f85ac0a8d8256c2806d
vcm_train_009797.wav,fil50_01410_ref_tagalog1_TIMER.wav,2785f7678e63a4676f48694aed10e05fef6feb7bf68accb6cd8c35446d573bff
vcm_train_009799.wav,fil50_04746_ref_tagalog13_COLOR.wav,e84f55181628d750e520c30ee823472ce9c84775d62d757f536e9ede9a96bb63
vcm_train_009800.wav,fil50_09689_ref_tagalog4_VOLUME_UP.wav,d05b7a8543d7a580ca8badba6b582571830d49f46ff593b452386ceb15c405e6
vcm_train_009801.wav,fil50_13046_ref_tagalog8_TEMPERATURE.wav,63e44c18b69b32ea904d5b24f8c6ea3fe2590d04398295062897865c2e017c14
vcm_train_009802.wav,fil50_05568_ref_tagalog14_NEXT.wav,5300a4e38916aa698704dd093e7dc929871524ef8ecb6562c733254fe56ae535
vcm_train_009803.wav,fil50_06435_ref_tagalog15_TIMER.wav,fd56e3c933be7c222cf83f1bac822f1d6a7c8566bbb27b92f8d78f03a81d7f7d
vcm_train_009804.wav,fil50_07158_ref_tagalog16_TIMER.wav,5e57f1942f73d4845deae64e1648e84633be480ce834a41ff209992ea2fc2583
vcm_train_009805.wav,fil50_03869_ref_tagalog12_COLOR.wav,259081b522f2cabbdfe291b657f452ce60d5ce193544ca9cd7ebc912fe3ff951
vcm_train_009806.wav,fil50_00566_ref_ilonggo1_COLOR.wav,b545d64794f53b06447dc1a789e30c5de8cc4b74c22c934985408356abd37955
vcm_train_009807.wav,fil50_11378_ref_tagalog6_PAUSE.wav,35e1e928ae35c8674dc3fefe2767d06576a5b0dbaf64fda114caf3252b2d903f
vcm_train_009809.wav,fil50_02236_ref_tagalog10_LIST_REMINDERS.wav,1ad25553288e06bed884b791e84fa338ad5b8e82115fe3facc6030ac5141fe6d
vcm_train_009812.wav,fil50_13846_ref_tagalog9_BRIGHTNESS.wav,a4a91758bfe72ce772a0a68181a2bfa9e61513f839a577314683fe304067a777
vcm_train_009813.wav,fil50_08862_ref_tagalog3_STOP.wav,db31ebbf044a9b0d934033b7e8eb785cd16a88925ba078910ae1688b31f5986e
vcm_train_009814.wav,fil50_01412_ref_tagalog1_TIMER.wav,df070a2340509c3912a884ce63f14e4576cff533ec26f41c5fb962789e7e3266
vcm_train_009815.wav,fil50_07951_ref_tagalog2_WEATHER.wav,b6ec3c801f15bb82a677316a43bd59367d47f588c9d46c2297afe7351822ed8f
vcm_train_009818.wav,fil50_13047_ref_tagalog8_LIST_REMINDERS.wav,45b104d0cab9d2d3566e0177c1218d2a92e1eaa42a304ee6963925a3fc0dfe78
vcm_train_009821.wav,fil50_07159_ref_tagalog16_VOLUME_UP.wav,a53e8adcd2484629fd76ca7a4d25e5355c749fededa9b2496f4de19b21b7d511
vcm_train_009822.wav,fil50_03870_ref_tagalog12_PLAY_MUSIC.wav,785b85613fd2a246cbf0ff6891168a2dcf09337b8708d355cddae37f6f937b73
vcm_train_009823.wav,fil50_00567_ref_ilonggo1_COLOR.wav,b60d67f37b0613a8efbfae9cbdabf2f17e481d7241a465eb23acf0d937ff5a87
vcm_train_009824.wav,fil50_11379_ref_tagalog6_STOP.wav,b4bf5cc2e965e93f542f10e6eab01f9282730f9b6bdff7fa4e578f7d56a2a6a6
vcm_train_009826.wav,fil50_02238_ref_tagalog10_LIGHT_ON.wav,e34dc27416b5ed2ca37dadaad6a47251c746171ffcddd44dec9a5ae85ed78f54
vcm_train_009827.wav,fil50_12232_ref_tagalog7_PLAY_MUSIC.wav,a7548782d792b31d4607cc94bddf0c27870ca3d75e8958a9733f5bb1368f48d2
vcm_train_009828.wav,fil50_03049_ref_tagalog11_TEMPERATURE.wav,1556ffd2ab13d7a12ac6db0639054da1fa7f46d7b0625a0e75e2f4d39bf387ca
vcm_train_009832.wav,fil50_07952_ref_tagalog2_TIMER.wav,e4e7b4d64a7d2afd5f89ca7c84c6e795961f0728b332d82f3c90b2070fe3c92e
vcm_train_009833.wav,,4d0164f9c3f2499e8d6cf72ada0bd50c14119270639f97c393c4c050963df69d
vcm_train_009834.wav,fil50_09690_ref_tagalog4_LIST_REMINDERS.wav,f5a8cb352500c9a00668aa1ed9698217aab85bcdd8c2e804aed788ec8d05b399
vcm_train_009836.wav,fil50_05570_ref_tagalog14_COLOR.wav,5d854eac217401c6b56cde9200f62f4bc8142ca060d0087ae5c3d1dae5dcefd2
vcm_train_009839.wav,fil50_03871_ref_tagalog12_LIGHT_OFF.wav,ee5c803f98d61f536894795a3790746d1ca2c379d2b836ae0303fc5abe542d40
vcm_train_009840.wav,fil50_00569_ref_ilonggo1_NEXT.wav,1848a98809c6339641c8ca3ff7a730d1ac7639062314f572cfa1e45f8dba8e37
vcm_train_009841.wav,fil50_11380_ref_tagalog6_COLOR.wav,d5ef98a6190c1f6fee0d4d2be8596fc40d3b4ad4d2f698ecd2b6491d0a53f3dc
vcm_train_009842.wav,fil50_10551_ref_tagalog5_CREATE_REMINDER.wav,5741a82de95588ea12a624705e344c3ccdaca9fd6f614eb090fe30ea7722550b
vcm_train_009848.wav,fil50_01414_ref_tagalog1_ALARM.wav,d8b232f720f09f3adcaf152895891e08c683c0c17eac351052828c8e5f278fe7
vcm_train_009850.wav,fil50_04748_ref_tagalog13_WEATHER.wav,6c3d19084b873e32d5132c8b6c80e07b2e0889012f978a2c4707b9d1d2972526
vcm_train_009851.wav,fil50_09691_ref_tagalog4_COLOR.wav,55e6f0ada482ea13fab528a77a0c4eb0b9a629f192b5331d5c00d2de3c6b1038
vcm_train_009853.wav,fil50_05571_ref_tagalog14_LIGHT_ON.wav,52bddecddb3609cea2a60feac759d25aa0fe661b96e26c91e6fe025dcd6a596d
vcm_train_009854.wav,fil50_06436_ref_tagalog15_VOLUME_DOWN.wav,b59189452bcedb0e1dc93cec5d1eb22ad69cd37fe17fafeb625531bd0b6857d4
vcm_train_009856.wav,fil50_03873_ref_tagalog12_COLOR.wav,2f89bc955287bf1811464acb219fb9bbb52c73f2357990af65008421f708bb4b
vcm_train_009857.wav,fil50_00570_ref_ilonggo1_COLOR.wav,652466ee8b49a264d89fbe6edebfaf142be19640be879d216561f108ce1c792d
vcm_train_009858.wav,fil50_11382_ref_tagalog6_COLOR.wav,dae9e7e273d95abadc90313abcab511364cd3d9bc2f1204b525ee9b92bfffb1f
vcm_train_009859.wav,fil50_10552_ref_tagalog5_NEXT.wav,9861de49c733d745895f6b32970591fc4b07019921868ec7ab76405cd7b2dc98
vcm_train_009861.wav,fil50_12234_ref_tagalog7_VOLUME_DOWN.wav,9bba12e969618b9272f71d1172dd72b20426e5f2f84a5853c40511b0036ca083
vcm_train_009864.wav,fil50_08863_ref_tagalog3_STOP.wav,739ee105e6f6d5e6ce567497a3bf9e1359e0d2fb4f77183c409b0d5e15c24071
vcm_train_009865.wav,fil50_01416_ref_tagalog1_NEXT.wav,c66dc4efd55dcf4384c83e0141d3c8201f93d4e44703100c15bd3663922f1393
vcm_train_009870.wav,fil50_05573_ref_tagalog14_COLOR.wav,5ce99673074e3b4fb449a9aa1199c4df134906a9104b2b5e9b82ae26d58c9a03
vcm_train_009871.wav,fil50_06438_ref_tagalog15_NEXT.wav,4afc8d996de20fbd0e9c5ccc2d4baf0361da234be56d5533cdbe00a106d1a996
vcm_train_009873.wav,fil50_03874_ref_tagalog12_PLAY_MUSIC.wav,7d87f997258c0f757cc177f5df3e17edd7d3eebcdc358f32e4e06065cb4a8080
vcm_train_009875.wav,fil50_11384_ref_tagalog6_PAUSE.wav,3fe96f189e8b7d4a210198ab7063e9282cfff48db1067e45a5e2e14f48c95a90
vcm_train_009876.wav,fil50_10554_ref_tagalog5_VOLUME_UP.wav,35595d0c474fa099c82f6e37ec35411358cb293a29665ac7658f72d50e3cba07
vcm_train_009878.wav,fil50_12235_ref_tagalog7_VOLUME_DOWN.wav,cc8535a49a579194ad9526218b41fcdf1044e9af84f181ae6da37e0a6b7f1cdd
vcm_train_009879.wav,fil50_03051_ref_tagalog11_CALL.wav,61a1e14f8d53d5bff9234bf5a2255429fffcf6b94865eeb8e0945117b54f9e9d
vcm_train_009880.wav,fil50_13847_ref_tagalog9_ALARM.wav,577c4768950d91fb6dd599acd22edfd5abee20963fcb3ef2d3bb334f18598bcb
vcm_train_009881.wav,fil50_08864_ref_tagalog3_STOP.wav,ba56cd4e18905ec6e8b20bd24dbedbadf486714ec8e6e40d20a71f7cba8367c1
vcm_train_009882.wav,fil50_01417_ref_tagalog1_NEXT.wav,6e071cd0aa84e98314f78296d8a822b3b7a9e2e3fe7d0cd471a5567478503258
vcm_train_009887.wav,fil50_05574_ref_tagalog14_LIGHT_OFF.wav,ba37b5d338690a717277fbd25ea78d3101411a109f111423b15e49b4b70e1143
vcm_train_009889.wav,fil50_07160_ref_tagalog16_ALARM.wav,caa02568ff2eb1e55fef0a30d909f1163e8b08a03f78c3c300054eba395266d8
vcm_train_009890.wav,fil50_03876_ref_tagalog12_CALL.wav,9c0345d9130901e7f7461609266b8f5b3f666122b951eba982a24df23caccf11
vcm_train_009892.wav,fil50_11386_ref_tagalog6_LIGHT_OFF.wav,2c34d3c9c50bafaa251d361755b7fed6dcee98e347e0c904e4ba02df9f0342aa
vcm_train_009893.wav,fil50_10556_ref_tagalog5_CREATE_REMINDER.wav,d291d06e1e8790fef6994c5c1cf2916659bcd99329ea3d512cbf03f212ae9851
vcm_train_009895.wav,fil50_12236_ref_tagalog7_ALARM.wav,53b69272f9a76fae27d58a1df278baa25b54dc902de1b5ac1affdfd6eca612b6
vcm_train_009896.wav,fil50_03053_ref_tagalog11_TIMER.wav,88e7304d2d04fb383072214efe6abc1bf9def6301f600fc5de95a62ebcd966c9
vcm_train_009897.wav,fil50_13849_ref_tagalog9_STOP.wav,fcbd2f8547c890537a5a1db624afdc08778479ee4121f01ce81126dc4ff36a2f
vcm_train_009898.wav,fil50_08865_ref_tagalog3_TIME.wav,a380e3b38364b053e03ce83c240682ed8b0bb95994b7663c512a5498e4c0b866
vcm_train_009900.wav,fil50_07953_ref_tagalog2_TIMER.wav,56f43706a23747242978f24ff36334e61175c2454bcc27c3268a3fb06b289cd5
vcm_train_009901.wav,fil50_04749_ref_tagalog13_PLAY_MUSIC.wav,5341a28a466477c6167bc7f0355bb2d04c8b3f39eb4e02bba5a0310ec9aa3a81
vcm_train_009905.wav,fil50_06439_ref_tagalog15_LIGHT_OFF.wav,184d682bed62c7dc65d684c08f953dd1de8003170cbdbe1eddb8f4de39275d2d
vcm_train_009906.wav,fil50_07162_ref_tagalog16_ALARM.wav,72cc895dbc6ea99f01c153667e17875206f77bb880eda2c46f77dd699e08ba1a
vcm_train_009907.wav,fil50_03878_ref_tagalog12_PLAY_MUSIC.wav,0ea53187b7cb5dca72ea718131c47cc369661ebf28316cad0c4d457c8537a1b5
vcm_train_009908.wav,fil50_00571_ref_ilonggo1_MESSAGE.wav,295e85c063d73d2d066ec1cebd317245f127e7bd9c749810d520cc3d29c74c79
vcm_train_009909.wav,fil50_11387_ref_tagalog6_CREATE_REMINDER.wav,ff449e6856500aef28789138fae1567cd16f9838f711be96bbdfd3df6aa195d6
vcm_train_009910.wav,fil50_10558_ref_tagalog5_STOP.wav,ff68d418324fef6f6f0b1da474d6f8d006a2595fc23613c70c7afbb7fd96b0d2
vcm_train_009912.wav,fil50_12238_ref_tagalog7_TEMPERATURE.wav,0f724ce107c1238c3d4e5d5d5edf719b35883b37d94a70995c48df24dfd7c565
vcm_train_009914.wav,fil50_13851_ref_tagalog9_LIGHT_ON.wav,2ea3fc11e0232460e8d31c5d071bca03e24ce2b4d77d5f9152daef5de5391bb2
vcm_train_009915.wav,fil50_08866_ref_tagalog3_CREATE_REMINDER.wav,0382a22b7963eda570544b22a5369a2d36244345485894d178c53dd7514409d2
vcm_train_009916.wav,fil50_01418_ref_tagalog1_NEXT.wav,591024b25b2bb644b28cdfd3c42f8b2880333ba2cfea6e46b158471f8ca956ac
vcm_train_009917.wav,fil50_07955_ref_tagalog2_TEMPERATURE.wav,bf0de32aa4ce8d87629a2feecd7ed0b749640cc5bc42c89b2dbfe9b56be20068
vcm_train_009919.wav,fil50_09692_ref_tagalog4_VOLUME_DOWN.wav,f9e8d29360b57dde9f8dbd8918299220463d3ac7c508037d7752341389163fb6
vcm_train_009921.wav,fil50_05575_ref_tagalog14_NEXT.wav,c464f1a5bd4667000eb13eb0e1d20564d897f5c6063a4c2e93c699d5ebffa105
vcm_train_009923.wav,fil50_07163_ref_tagalog16_COLOR.wav,427f260a85ba35947648ab188d5db5875adcf718e601292927920326e1c79924
vcm_train_009924.wav,fil50_03880_ref_tagalog12_PLAY_MUSIC.wav,e877d4f0f6c4b3634d23133628dcd59bdf5e46f31b16636d476e70b71c507d96
vcm_train_009930.wav,fil50_03054_ref_tagalog11_WEATHER.wav,ab17097c3429f8c870ca3da45fbb48362feebe267375a1c1d02297cbeba97a23
vcm_train_009931.wav,fil50_13852_ref_tagalog9_NEXT.wav,d4797affd752cd8465dcef6022c03d0cefb1eac8c926f186334dbc6b6ddb26ff
vcm_train_009933.wav,fil50_01419_ref_tagalog1_LIGHT_OFF.wav,70498aab588095e1c30c22dfda5f318392aa8cc353d54f88a04d1312fe76ea39
vcm_train_009934.wav,fil50_07956_ref_tagalog2_BRIGHTNESS.wav,bb5dca6c8a9948b739b55bb2ed159b23a0c948673f69f9df4ce8eee00442c075
vcm_train_009935.wav,fil50_04751_ref_tagalog13_NEXT.wav,280cff7355d75226d9bc0deefd9e10446e98dc29c35b489f6f9ba3f1d1fcd497
vcm_train_009936.wav,fil50_09694_ref_tagalog4_ALARM.wav,920fe8839f47f3427a0afcf8fb3f125d795343ba210ac4ce903cd8e8c69387b7
vcm_train_009937.wav,fil50_13048_ref_tagalog8_TIMER.wav,32fcdcec6f473c1d4f7ffcd4f3c0281754e23a2313cb19ef6b6219f902b5b2d7
vcm_train_009938.wav,fil50_05576_ref_tagalog14_WEATHER.wav,39caefec1834203f5ee1a2b71f70e4331c199d43c01d492a4e041d6b3f6b046a
vcm_train_009939.wav,fil50_06440_ref_tagalog15_ALARM.wav,331d8d17677d8798337380829613913ac55bf37fbef295371511293ae93aea53
vcm_train_009940.wav,fil50_07164_ref_tagalog16_TIMER.wav,98894e748fc4e60ea4e74c2e7d5ee2255e4599591a433c637ea559807bbbb73d
vcm_train_009942.wav,fil50_00572_ref_ilonggo1_COLOR.wav,dfd6d547ab386d5309a2632ff398cacf830db702e04b41ed6a9b4179478969a9
vcm_train_009945.wav,fil50_02239_ref_tagalog10_CALL.wav,e87e128ac4b2d5b13220f945abdd88c99ca202e41d867474688c6b5dc03e5a55
vcm_train_009946.wav,fil50_12240_ref_tagalog7_VOLUME_DOWN.wav,bdfa5194220f9b4d35a4160f1d889747fc2a5af158370a5ca1629b2ecadc4b92
vcm_train_009947.wav,fil50_03055_ref_tagalog11_TEMPERATURE.wav,4588b99490623966234b9a8ff7391d6f07fec5c8ec381abe6c0e787f47796298
vcm_train_009948.wav,fil50_13853_ref_tagalog9_NEXT.wav,65fd16407f6eb28d08f2cdb416ac2742d6ef093bfc3ced21b7d0c6915501a7b0
vcm_train_009949.wav,fil50_08867_ref_tagalog3_ALARM.wav,309df564e06dba4e78910170a6636f75a1fb394f95de9b962b4aeecf35b20655
vcm_train_009950.wav,fil50_01421_ref_tagalog1_TIMER.wav,cb4a25599680f09bd10083234a6db550721cd3d9841336dd382410ba7f04493d
vcm_train_009952.wav,fil50_04752_ref_tagalog13_WEATHER.wav,1a4a5a46dc3a4a70c3453b0ee9e56afbd74164f9871c6c8903bc1943d48a44bc
vcm_train_009954.wav,fil50_13049_ref_tagalog8_PAUSE.wav,63806109a284b0dc3db7113c4aa50f919caf34e767b5e0e5b1fe83710f9b3cc9
vcm_train_009955.wav,fil50_05577_ref_tagalog14_STOP.wav,098555b7bdbdf92807c2ef5a88fa4df2027ab713d2af8e22b39b343edc66de3c
vcm_train_009956.wav,fil50_06442_ref_tagalog15_VOLUME_UP.wav,1e435f37722b72d66a253f82473f8e193a07b6a5891682f8d89d1b7dc7c55876
vcm_train_009958.wav,fil50_03881_ref_tagalog12_TEMPERATURE.wav,07ed7769b14a4b9086c260855b917011c1fa577c60a714e2df729f263b6d7f21
vcm_train_009961.wav,fil50_10560_ref_tagalog5_COLOR.wav,7a892310a5b8135afaf39b2f0927b4dfb78299d675395a3bb1d95fbffcc4bcd5
vcm_train_009962.wav,fil50_02240_ref_tagalog10_CREATE_REMINDER.wav,f4840baae82b068d8938d33eb8bf25987dcf924a66e6b272f49f13e8ea253c96
vcm_train_009963.wav,fil50_12241_ref_tagalog7_CALL.wav,96ac16b14e192ef41a8d4db1d25aa514c16771eb8a7031abb0da5ed520a5d957
vcm_train_009965.wav,fil50_13854_ref_tagalog9_BRIGHTNESS.wav,91f891ad8b8f9e8fa2dbc0913c9a88e15e1a0286eb1777d8c2ddc2fffa4acd9d
vcm_train_009966.wav,fil50_08869_ref_tagalog3_ALARM.wav,f7a6e7f119c8da48ab75772c5d9e576d31080b208d47eaaf22d10e09cfbe1bfe
vcm_train_009968.wav,fil50_07957_ref_tagalog2_NEXT.wav,97926196d97f76d87a3efebd8ebdb88fb5cbddb79cbd29e6799f35f8f43ee2cb
vcm_train_009969.wav,fil50_04754_ref_tagalog13_TEMPERATURE.wav,beeaf17df893c0bd60fef31b5b09ee6338b726848c9191bdd40e60d05677f5d2
vcm_train_009971.wav,fil50_13051_ref_tagalog8_NEXT.wav,680a089f774852733439fc853cfdd38a02a505ef618769d0e2c2c0e7269a2fee
vcm_train_009972.wav,fil50_05578_ref_tagalog14_CREATE_REMINDER.wav,f3bf11859eed7e8a879b74095e4d6bcc24274da83c1c80b60cdc0fd4ec79f073
vcm_train_009973.wav,fil50_06443_ref_tagalog15_VOLUME_UP.wav,6dbaf82468410febb60007729295aac6bb581940b1ef641050568dcdf1e44b5f
vcm_train_009979.wav,fil50_02241_ref_tagalog10_TEMPERATURE.wav,9220ec30d4aa02450034f89a74cc82771dfd00f9b609b399521ef56fca807786
vcm_train_009980.wav,fil50_12243_ref_tagalog7_TIMER.wav,d577f2fb93c6401923941b079ec605d089df4a369c7d75c12f51712cfff1ed79
vcm_train_009981.wav,,b0c0465843c7d683beb99a5e9258ff31ede36a86aa1e90e8a72cf5bc96845234
vcm_train_009982.wav,fil50_13855_ref_tagalog9_NEXT.wav,c40a415d8a8e69454f7a84096411279c51e84e97810d451d6ae71e332f79375f
vcm_train_009984.wav,fil50_01422_ref_tagalog1_TEMPERATURE.wav,ce8b5a40778e783a3c8b75d328144aa5cdd1500129531959f5145b88053edb97
vcm_train_009985.wav,fil50_07958_ref_tagalog2_TEMPERATURE.wav,11491d4d4056b19ba6e90ad82c1f6c49c68bd69fd52bcd101566983840269166
vcm_train_009990.wav,fil50_06444_ref_tagalog15_LIGHT_OFF.wav,9f31272a2bfbad2fb0e9c1175b1f4e44df5f7ecb4942d1d0d501c5fc2187986f
vcm_train_009993.wav,fil50_00574_ref_ilonggo1_ALARM.wav,15a2ed2e5377830e7e73166291d0fa797bb0d71c7071ee9f17b6d0055f246244
vcm_train_009996.wav,fil50_02242_ref_tagalog10_TIMER.wav,8eb319091684aad3c3888be72dad930031133a2c8897b2b9316dd84b9515d4c3
vcm_train_009998.wav,fil50_03057_ref_tagalog11_NEXT.wav,adac2740e3d3eda149c4c3b6c36a22ec2ae262ea62ef1786bd35f7d7f5a8288c
vcm_train_010000.wav,fil50_08870_ref_tagalog3_BRIGHTNESS.wav,80aa5f3b227ee719fdfbd333a4bd72032a21e635111560b99ab4ad0bdb55ed89
vcm_train_010001.wav,fil50_01423_ref_tagalog1_COLOR.wav,6cc9f393779b98185c3fc93a251d2a0f02ec36998a4a38c194309a64de20845d
vcm_train_010005.wav,fil50_13052_ref_tagalog8_TIMER.wav,ffc40f9810eb8176152a940dd4c4e705f85b1487ff7fa8d45753a732ffab9c5f
vcm_train_010007.wav,fil50_06446_ref_tagalog15_LIGHT_ON.wav,72aab98eec6e281422444a80fb21e522e9927e4ea2217909f6b1570576ca9e4e
vcm_train_010010.wav,fil50_00576_ref_ilonggo1_VOLUME_DOWN.wav,a134aba3fd39cb3662188b99816ade90c7dfdeb23b998bfd6e8e2e10cbd8cd1c
vcm_train_010011.wav,fil50_11388_ref_tagalog6_TEMPERATURE.wav,368f3c07daf633093c41489b78ed533f4552e94668e3e14c85fd565f52d6a339
vcm_train_010012.wav,fil50_10561_ref_tagalog5_NEXT.wav,31ba353fb046e0af0cb53370833102c8a54ec0b138e1d174f8d8d88dbee7eac5
vcm_train_010014.wav,fil50_12245_ref_tagalog7_VOLUME_DOWN.wav,ae685ec3fc22280ba6950e8fe2304720aad528c235a3e05aad08daae5e8f9cf5
vcm_train_010016.wav,fil50_13857_ref_tagalog9_LIGHT_OFF.wav,e9007c28887dcde2ce72dc9869a094edbaa20e02ca9d3030b75744e7ab684ebc
vcm_train_010017.wav,fil50_08872_ref_tagalog3_TEMPERATURE.wav,2c9ae3e2c1a896029250f46581220d9c003d39a5c69d9268831457a3f9ad0257
vcm_train_010019.wav,fil50_07959_ref_tagalog2_TIMER.wav,eb8588a5fe2a818f8e73d0f9af2009f6e056bae6ac7e1c0e665be5fa89013d6d
vcm_train_010020.wav,fil50_04755_ref_tagalog13_TIMER.wav,f699f295c0b7d21ef1ce998de133925a33818e82b220cad06e7098668a741cb5
vcm_train_010021.wav,fil50_09696_ref_tagalog4_STOP.wav,e4ef163a0a9c78e8ad8cfd2f1428e2eabd6a116682cc8f9d99b27875c45353fa
vcm_train_010022.wav,fil50_13054_ref_tagalog8_LIGHT_OFF.wav,ad5bf5a7bb16b7560bdf8f684e7a177382c16399a7ab9aff3fbe14f109d77929
vcm_train_010029.wav,fil50_10562_ref_tagalog5_TIMER.wav,3a3c2cf8cecc244ed16a7b7eee72a558defc69d10a1a798c03e3cd460da035c8
vcm_train_010030.wav,fil50_02244_ref_tagalog10_PAUSE.wav,8773733cf200ab7c0b814db4ece4e32d9ea8a15d728a56298339bd16430652e5
vcm_train_010031.wav,fil50_12246_ref_tagalog7_TIMER.wav,bea9f9deb53bf477fea9ac26e8dbc3d392111041c59a1cc9c5f509a38fcbfdbc
vcm_train_010032.wav,fil50_03058_ref_tagalog11_CREATE_REMINDER.wav,f052032953e08dc5f9f5b0212b5d826052cc10c2eee65941f2e912bd282a7981
vcm_train_010034.wav,fil50_08874_ref_tagalog3_VOLUME_DOWN.wav,d1a0e8ac03d42c7e28aa031ffe82150abda2dd38166528e7b500d661781ae830
vcm_train_010035.wav,fil50_01425_ref_tagalog1_TIMER.wav,57e4362fda3449f067db57e77683fa4f2d134703789afccf68fe84b0eb9fe631
vcm_train_010037.wav,fil50_04756_ref_tagalog13_LIGHT_OFF.wav,b7dcf1d4010b60c5ae097b65d5cc553ac09902948f7897f74cb4cf815e5bc1d7
vcm_train_010041.wav,fil50_06448_ref_tagalog15_NEXT.wav,f3fe3174f17154b460da12916a41a0e4bc743544530ba8ee32af81a4ba296932
vcm_train_010044.wav,fil50_00577_ref_ilonggo1_NEXT.wav,4f0f2733f07a34bdf9127188625b625bfe33252149a22bc6785a1052879bb864
vcm_train_010046.wav,fil50_10563_ref_tagalog5_WEATHER.wav,19ebfa7d39e93b3dd1a5b116f9f3836818f602a3cd77529922935c6583f1e181
vcm_train_010049.wav,fil50_03060_ref_tagalog11_NEXT.wav,18c54f6d7475de5ffd578e5ae1516e586a7b32f0d4e7d32d7f252cecf8d64724
vcm_train_010050.wav,fil50_13858_ref_tagalog9_LIGHT_OFF.wav,9ecfeb45634ed768be20c3940eb58021678ffd62b5dc16a1e9d0aa698249b654
vcm_train_010052.wav,fil50_01426_ref_tagalog1_BRIGHTNESS.wav,8c5cc7abd9c63715d8ad9c16a9fd674750dcd4ebf41c07ea466dff3325c3207a
vcm_train_010053.wav,fil50_07960_ref_tagalog2_TIME.wav,9d1aa06123547eb44ba243976ab8f2f23101d70594000ddc20d101f6b82bf0a7
vcm_train_010054.wav,fil50_04758_ref_tagalog13_MESSAGE.wav,0573fb510b3004db9ad39ec4af7a41e9d532ef5bdbc9db106d5b2f032faf0fad
vcm_train_010055.wav,fil50_09698_ref_tagalog4_NEXT.wav,2fa7c5451f70cfcdb1907d9f6862ca54469592f781a07c159b5fab3d24e04e05
vcm_train_010057.wav,fil50_05579_ref_tagalog14_CREATE_REMINDER.wav,e470b6bcfebb021748840d24d8c7900448305c4927896df337c9d96101134e57
vcm_train_010058.wav,fil50_06450_ref_tagalog15_CREATE_REMINDER.wav,24bec0eceb5521df12d28f4ef59212af21fb4049531e78d8b500e94803c4240e
vcm_train_010061.wav,fil50_00578_ref_ilonggo1_TEMPERATURE.wav,258ae3cebaaee2931bc13544258a04da94d4bd3906eddb9076b5260beec7a916
vcm_train_010063.wav,fil50_10565_ref_tagalog5_LIGHT_OFF.wav,7210f7184e0ab0084bedc647f95c36c197bf660ac3fa2ca6a70ed1f6fd830b57
vcm_train_010064.wav,,a5fcd316d7af37e85c4e3da7975723109c39ec9cf27fd39c1cbe5ddead59768a
vcm_train_010067.wav,fil50_13859_ref_tagalog9_STOP.wav,656b41b2108a00461366804dbb4ba1f58848963409f7ca501e841833c20bdd1f
vcm_train_010069.wav,fil50_01427_ref_tagalog1_CREATE_REMINDER.wav,679acc1fca98eef4e357c1d90da61366793704f95b1caed988f8ec1313132338
vcm_train_010070.wav,fil50_07961_ref_tagalog2_TIMER.wav,d40f0847605dca17d0d826ec6fc7e7e919e21423d7914ee2455903b7d5178b6a
vcm_train_010072.wav,fil50_09700_ref_tagalog4_VOLUME_UP.wav,5d45b73182d427839ec440fc398a2b6c577e5e461d8c78130ceb93fb97f9baa9
vcm_train_010074.wav,fil50_05580_ref_tagalog14_COLOR.wav,2f957f6234fee372099059a79bd12e913bbd21da0dfa0a215cfce926f523ba8c
vcm_train_010079.wav,fil50_11390_ref_tagalog6_ALARM.wav,eedb2a8785bd31511eb5ee2d3117167575f40bc976a9ce8616a86c9622d5dd20
vcm_train_010082.wav,fil50_12248_ref_tagalog7_LIGHT_ON.wav,0a819a1c7819ae1c21b25777645de6da716e571f738b8d2973dcdc54151c3b31
vcm_train_010084.wav,fil50_13861_ref_tagalog9_ALARM.wav,fe56525aa5b2222ab66d2262a97020263dd12b88f1ea8e0ee2b4cc9cc62829cd
vcm_train_010086.wav,fil50_01428_ref_tagalog1_LIGHT_OFF.wav,515d2016d7de347849b8d0ba8a235546584a07e3a466c63b25a8a9054fb3acce
vcm_train_010088.wav,fil50_04759_ref_tagalog13_LIST_REMINDERS.wav,2987232749a64123cabb0b48e2ceb1a5222e6aade95a601f4282c929a6ef9e68
vcm_train_010089.wav,fil50_09702_ref_tagalog4_PLAY_MUSIC.wav,d8b0e8bb7552465f408bc84d098525a83e6a9cd12edd6a0d17ef8d32c5c8195b
vcm_train_010090.wav,,f538b64e2f8b6ac57154e59c65640111191c7c7d34ec4042a5d616cf78b5943d
vcm_train_010091.wav,fil50_05582_ref_tagalog14_WEATHER.wav,5ff2670b95763236204efb2956298b843f0698706f14923cd09a6507a96bac04
vcm_train_010093.wav,fil50_07165_ref_tagalog16_COLOR.wav,839b228b2764f7fc3edd8d78dcba229cb089796322238eb5d68f3d0f9c74fbae
vcm_train_010094.wav,fil50_03882_ref_tagalog12_WEATHER.wav,458c58068a6d09ce38520b891e9099df390c4f0a35e56c63e6a5da6f7b3a7ddd
vcm_train_010096.wav,fil50_11392_ref_tagalog6_ALARM.wav,c2b6f723b0d9f4a26f6f39a385b866fd4d82692ed72b65e301227fd3657f37c1
vcm_train_010099.wav,fil50_12250_ref_tagalog7_NEXT.wav,88ac790232a03ac0848d4fd36cf50c0f94bea9108e68894fe83c7c4f5a0c40c1
vcm_train_010100.wav,fil50_03062_ref_tagalog11_TEMPERATURE.wav,4e99bba8c34ec1bce91b53d78ed3667f1a6dd97b9821917df16131489641a65d
vcm_train_010103.wav,fil50_01429_ref_tagalog1_PAUSE.wav,928b287c8b58b3960aea2b9de5d7f7b4f113aba1aced78d54202899cb2dd05b1
vcm_train_010104.wav,fil50_07962_ref_tagalog2_STOP.wav,fc1b5a63738d2fc45394bde4613b4b5caf04855513268bc8bfc88d0a13126058
vcm_train_010106.wav,fil50_09703_ref_tagalog4_TIME.wav,e243aa67f3b1a0307ddebe34a26ec9e706ca21aa0c9067c0765335645ca9285c
vcm_train_010107.wav,fil50_13056_ref_tagalog8_VOLUME_DOWN.wav,b74fa7706195271eef39909a2e8bdc9351111501d8b09cd46c09a3cf852d244b
vcm_train_010109.wav,fil50_06452_ref_tagalog15_BRIGHTNESS.wav,351f84caf51873dfdb072d02ad641b93d65676f977098e4f1ebf8ebc48100cd8
vcm_train_010110.wav,fil50_07166_ref_tagalog16_TEMPERATURE.wav,0fba6cc5cbc296d9bdb7d14412358271eae4b87b7372bfb1a9ed50d13609aab0
vcm_train_010111.wav,fil50_03883_ref_tagalog12_TIME.wav,4987c22ebce9680c24260f49a2a0a121a9778504426fe8764d8f5956ade72710
vcm_train_010112.wav,fil50_00580_ref_ilonggo1_TIMER.wav,576b848d9c9c25f21d44c230855ac83469881711de0455e09bd1444fdf75712d
vcm_train_010114.wav,fil50_10566_ref_tagalog5_LIGHT_OFF.wav,f74389675ea77a5d57e95425cf5fb12c8a0f2a6d7e8e947e17999a24aa690010
vcm_train_010115.wav,fil50_02245_ref_tagalog10_COLOR.wav,c660a8953da56e92713d7cfc6b37cc5a366ee597c258fff926eb5b26faf323e8
vcm_train_010120.wav,fil50_01431_ref_tagalog1_TIMER.wav,5908385911f988e765a06fa28e4f3f72f311754357f8a04066c3ff56691ea95c
vcm_train_010121.wav,fil50_07964_ref_tagalog2_BRIGHTNESS.wav,298b4a2a140d4608ff17f0d31c6b2203445b39348a1a4d87a8fe7acd99dbb3ff
vcm_train_010122.wav,fil50_04761_ref_tagalog13_TIME.wav,ce06b689730496a77451ff9560c9c4022bd80b4ee315853213e9ceb1e5c3d5ec
vcm_train_010123.wav,fil50_09704_ref_tagalog4_VOLUME_DOWN.wav,63de5886be3749fb5fbba00e49c4747a90842cd656dee9907b116b6aaf05e8f8
vcm_train_010124.wav,fil50_13058_ref_tagalog8_LIST_REMINDERS.wav,5c696661c0dbaa5c3426e75839afebf7217cc2d00fe95bf6051b7cb2d1f39b35
vcm_train_010126.wav,fil50_06453_ref_tagalog15_TEMPERATURE.wav,219ec924a91bfa2191df841ed44fd976d5dff556652e8764e39f47629c2bf9a2
vcm_train_010128.wav,fil50_03884_ref_tagalog12_CALL.wav,1d562b48bfefb27f14060dcc191e6b2c10669ace579d4ddf88bb5d0f26d6bb5c
vcm_train_010129.wav,fil50_00581_ref_ilonggo1_LIGHT_OFF.wav,198444321437d2db8c2455355ab38b9cccc6d33472be612471cb5ae353ba2dd3
vcm_train_010131.wav,fil50_10567_ref_tagalog5_TEMPERATURE.wav,57c42be9f99c01e6e759daa70b9ae8f345116ec587afd114ac9953b02a691720
vcm_train_010132.wav,,867c009c223f7288b44b41f93c131249bf7801f54da14be5b443970031e3fcd7
vcm_train_010134.wav,fil50_03063_ref_tagalog11_TEMPERATURE.wav,58f48e435a2014cfcd36e01782779880139d9898819822b88279f72bbe56ff61
vcm_train_010136.wav,fil50_08876_ref_tagalog3_COLOR.wav,bf29643a519d2245e78b99da25c554b401ed5f9e8359e4398b30dcf1b78be377
vcm_train_010146.wav,fil50_00583_ref_ilonggo1_LIGHT_ON.wav,d1b37da04b2b107790f87643d1d38f69a8369ced7a3723fc8e73a14feba3095d
vcm_train_010147.wav,fil50_11394_ref_tagalog6_COLOR.wav,d3feab67982143882a4e0919c58d4a8d831303cbe84010abd2cb11a56d745020
vcm_train_010148.wav,fil50_10569_ref_tagalog5_CALL.wav,e421e0a7040118dd558f5e047eedbd920b9d7f9a40ba2613423fcb64c9fbefa2
vcm_train_010149.wav,fil50_02246_ref_tagalog10_VOLUME_UP.wav,11521f4ff986bc2d0132a1740120100ec549d725c9db88acc667e15c0c9addb5
vcm_train_010150.wav,fil50_12252_ref_tagalog7_ALARM.wav,42e4d176f39237125e894f5d8c40b2458f2e968eff33ef4499018397d73b866b
vcm_train_010151.wav,fil50_03065_ref_tagalog11_PAUSE.wav,dba3895323137caffefbfab524b3496fb897f65e141d39f5891eb431616e6839
vcm_train_010152.wav,fil50_13862_ref_tagalog9_TIMER.wav,a96af8f56b17ff7140eff1022b6262516c171a3f5e9c1292ae3088fce8c45ddd
vcm_train_010154.wav,fil50_01433_ref_tagalog1_VOLUME_DOWN.wav,eba3f10863554589ac09317fcc23b4badb4d7be6c2c45361a1c603d4bb426802
vcm_train_010159.wav,fil50_05583_ref_tagalog14_PAUSE.wav,3becd01b9f0c6b5e907a62909aab3483aaa07ce9bcb6715c45ab8e98b18e7950
vcm_train_010160.wav,fil50_06455_ref_tagalog15_STOP.wav,04435698cb44764c176e505638e1918156c91d65584dd0883cab1ca41706898e
vcm_train_010162.wav,fil50_03885_ref_tagalog12_COLOR.wav,272f47f452b2d5757ffc7afeeb2d9bc9ff35061db157614bf4ae486fb4b8c890
vcm_train_010163.wav,fil50_00584_ref_ilonggo1_NEXT.wav,4b3c48778b6a6361b127d3dbb708413339ff140187420fff67df408c3009235c
vcm_train_010165.wav,fil50_10571_ref_tagalog5_LIGHT_OFF.wav,cbbf54c9db76b0552e5db0c0bf2476379b56b432ca405017c116166292788ddd
vcm_train_010169.wav,fil50_13864_ref_tagalog9_WEATHER.wav,f0b58688396d549f2d65322d179ff8cfed0371d85841ed99126092bc030599e0
vcm_train_010173.wav,fil50_04763_ref_tagalog13_ALARM.wav,052e68d330cafe7e15ae21a3d2b129449e5d04fb794451d71a5dd10e40d34781
vcm_train_010174.wav,fil50_09705_ref_tagalog4_TIMER.wav,bd20c970e187903460546be2e432099f6733fc94f70a6038368cc7afc2086e84
vcm_train_010175.wav,fil50_13059_ref_tagalog8_LIST_REMINDERS.wav,f647242bfca7f925a94ec404e34a93f57ca6645a6a5d924cf1c37928aad45ecc
vcm_train_010176.wav,fil50_05584_ref_tagalog14_TEMPERATURE.wav,63e7427e33f49d76bd58785adf7928dcd9f6025297606552853f3b7d9146df43
vcm_train_010178.wav,fil50_07167_ref_tagalog16_TIME.wav,f02a1f59b7c898324726c2a364bf430ca682e9978e1c91dd0d6cab2a0b6ddb51
vcm_train_010179.wav,fil50_03886_ref_tagalog12_NEXT.wav,915f913d1c1cfa5c3ae68aeec4e78708a95ad8514498a4bca2511d773ce6893f
vcm_train_010180.wav,fil50_00586_ref_ilonggo1_COLOR.wav,219c701fcc5e3d9e1d2ee51769f735bf2092a4e4f138eb5891fa740cef282e26
vcm_train_010184.wav,fil50_12253_ref_tagalog7_ALARM.wav,76ac0cc06343a39b8c025a5050898edb1161a0cb62bd9393913786c256ae2ce6
vcm_train_010186.wav,fil50_13866_ref_tagalog9_TIMER.wav,1aa0a89c09bbe8416af06093c36848e138d51af0e832173516709f0707da167a
vcm_train_010188.wav,fil50_01435_ref_tagalog1_TIMER.wav,5d17ba1a9a0a75bb49d5ab1408e3290beeece59d5bc3f63e3fec5b4c39c65e8f
vcm_train_010189.wav,fil50_07965_ref_tagalog2_TIME.wav,cf3609936015a088daed8581a6fe241e80e346e7d24625a569d60dfc77bf3665
vcm_train_010190.wav,fil50_04765_ref_tagalog13_ALARM.wav,a50baaf680ba285d34a9ed36f4fa238d49906a60e5dd89af854915eeebfd8c1b
vcm_train_010193.wav,fil50_05585_ref_tagalog14_STOP.wav,1c1c393c6824bc0348b01dc7a5db33da2dad007049970d2c51fb8b16b41f582f
vcm_train_010194.wav,fil50_06456_ref_tagalog15_NEXT.wav,8244fd2e0a65160746ea35f89ca90faed58be154900593475f4c871363b6d4ba
vcm_train_010195.wav,fil50_07168_ref_tagalog16_STOP.wav,4c21d9b5c0cf610d2638d5d17dba3264d00105fae9023be9414c070f4e5819c4
vcm_train_010196.wav,fil50_03888_ref_tagalog12_VOLUME_UP.wav,359818c714c64beee94e200a7e82213da782e8c1dfcc6826c7f5a9fcb6b0aab4
vcm_train_010198.wav,fil50_11395_ref_tagalog6_TIMER.wav,c7cbfb025e45078e0a74581e00866447ead07588b727c5e5d0b760aba6e1337d
vcm_train_010199.wav,fil50_10572_ref_tagalog5_ALARM.wav,49a0f8579f55a2ff6a1e0208969340f6789459bb61d549dc96b989f53b5f6a1b
vcm_train_010201.wav,fil50_12255_ref_tagalog7_BRIGHTNESS.wav,81f99d68ddcaad415af1ede098463200bb2fa845220f32537960101a615227b1
vcm_train_010202.wav,fil50_03067_ref_tagalog11_BRIGHTNESS.wav,11a06686d5eba9fa0369ac6e54ac180b38fee7c365a340653d962f47f04b7d64
vcm_train_010204.wav,fil50_08877_ref_tagalog3_CALL.wav,b74cb08c396b2fe194a9603e6d8b285b5dc62ef2fdaa0133a66b319713debe7f
vcm_train_010206.wav,fil50_07967_ref_tagalog2_COLOR.wav,0d961cad0861ed651a20e9e5c164a6c5935406057e32fcd778dc821114cab96e
vcm_train_010208.wav,fil50_09707_ref_tagalog4_BRIGHTNESS.wav,4a310e7d109166ab88ca73742f11bbe1b3855ae7c00a48d5d41577078f7c59b5
vcm_train_010209.wav,fil50_13061_ref_tagalog8_COLOR.wav,2c0ad2bfb35457b41913842dc26168d04faade7f33fc28a761c2bb6ca25a08fd
vcm_train_010210.wav,fil50_05587_ref_tagalog14_COLOR.wav,38afd3d9980a9f12e8016d884bd81739ceb905006089589c26a08f1391376406
vcm_train_010211.wav,fil50_06457_ref_tagalog15_LIST_REMINDERS.wav,6d326ba59561e400a66dd06846b16c3853677ae09452d75e03e360cff82e71bd
vcm_train_010214.wav,fil50_00587_ref_ilonggo1_VOLUME_UP.wav,a314879ca760d9cb2b38ca68da853a72ab4b74f759c57d8ef584afd258b92e1d
vcm_train_010216.wav,fil50_10574_ref_tagalog5_ALARM.wav,3b4695231121089b84ddee7ffc295b04d9008de1ca092b82e9e4e8eeb22440b8
vcm_train_010217.wav,fil50_02248_ref_tagalog10_COLOR.wav,534704b5e51ccf9477caddc3f682e261b7e9ae258bf0e11f86b2e40f7c7d9904
vcm_train_010218.wav,fil50_12257_ref_tagalog7_TEMPERATURE.wav,4a5f118870611d8971f863de69a8b703e818503ef329b95f1c5a2ded7b04cf06
vcm_train_010219.wav,fil50_03068_ref_tagalog11_TIMER.wav,32bc146fd3c7b3c6fd0e9409f1a68dd7d9dcfbcc55a732056e2b6459b9be1fb7
vcm_train_010221.wav,fil50_08878_ref_tagalog3_TIME.wav,7a43392b04b2a779d327af4e21f45f7eeeb763f756bb9a61e99734453705e0e8
vcm_train_010222.wav,fil50_01436_ref_tagalog1_LIST_REMINDERS.wav,f68d778a004d488cb1860d7506d8cf49f2e2ade2947ef672003a938feb45549c
vcm_train_010223.wav,fil50_07969_ref_tagalog2_STOP.wav,daed9a80a36034c070d302854710c43b72628da7791da3e61d735a27b6358db7
vcm_train_010224.wav,fil50_04767_ref_tagalog13_ALARM.wav,f0a8eb8d01b8d85312ff4067169b3bf19ac2433ba3139e4565324634b8befbed
vcm_train_010225.wav,fil50_09709_ref_tagalog4_TEMPERATURE.wav,991037407a08bc3eeeb61361e78e0b8acc3a4470ea60e3e24f7c89ea3a055713
vcm_train_010226.wav,fil50_13062_ref_tagalog8_LIGHT_ON.wav,55d5cda870478794f09dc66d27e32e3b9a9396e7bffe92c8c00108c6d0af7b22
vcm_train_010228.wav,fil50_06459_ref_tagalog15_CREATE_REMINDER.wav,a89cfefad742d5214d38539574db279e3c450d03c884a3134ca064eb00eaaa24
vcm_train_010229.wav,fil50_07170_ref_tagalog16_TIME.wav,1d8ca9509b8297b14a83221971cb2bcf1884abdf7f8cf3857de78475bdc4ae67
vcm_train_010230.wav,fil50_03890_ref_tagalog12_COLOR.wav,83915338690240b7b785b758158ff0ccdb20bda7dec9ce09baf66a1c0b5ad7e7
vcm_train_010231.wav,fil50_00588_ref_ilonggo1_CALL.wav,6a0f0ab11711d091b39096855db19662c2b9adc3ec258aa2ffd04a71b6f044aa
vcm_train_010233.wav,fil50_10575_ref_tagalog5_MESSAGE.wav,d027e6754cbff25a338e41628d63972a75ce8ac06f1eada2d34d1cffc2ba1081
vcm_train_010235.wav,fil50_12258_ref_tagalog7_LIGHT_ON.wav,1f33bcd5cdf62b752b8679b66c8d0044f6cd312ef33297ed86ae2a06dea0d424
vcm_train_010238.wav,fil50_08879_ref_tagalog3_PAUSE.wav,1e3b94637f0a01c6da0878f0b75eee38856e7fd670e1d4d44f6d62379b24105e
vcm_train_010240.wav,fil50_07971_ref_tagalog2_COLOR.wav,f4cf2a40e1f2a75df607cc44334acccb00665b304f83786817829e6b8493edf0
vcm_train_010241.wav,fil50_04768_ref_tagalog13_STOP.wav,2c5b9a5f9b0ba64b22d14765260a3f14277ef39e0aebd0721705497a7705d790
vcm_train_010243.wav,fil50_13063_ref_tagalog8_COLOR.wav,ac2f0aaac73376c112c295b556b31ab5f87ab598e64305adb19562de3b0ce20f
vcm_train_010244.wav,fil50_05588_ref_tagalog14_TEMPERATURE.wav,00dc6b297f3958d980d39e3a16f8c7b3dc523a0c0321d1415e69b5d2d198b742
vcm_train_010247.wav,fil50_03891_ref_tagalog12_VOLUME_UP.wav,6bc40257044e2b04aaa1a4b0c140951c6fadb64d0c533ee8e30bd8a2fe6d7f5e
vcm_train_010248.wav,fil50_00589_ref_ilonggo1_PLAY_MUSIC.wav,62daa8740f7cd87b33f5a9deaa1091a5a02e6ea667e5459a6d97c0b86d33d1c3
vcm_train_010249.wav,fil50_11396_ref_tagalog6_ALARM.wav,5e0ac9129ca7c91db1d787014a36b823c16ebb2d529ce6bd06c519f108b3d96f
vcm_train_010250.wav,fil50_10577_ref_tagalog5_NEXT.wav,203481460820c5b806ed92bc8608d99abb8b16e531f4de239d0c2edaa68f8e3e
vcm_train_010251.wav,fil50_02250_ref_tagalog10_ALARM.wav,6f379207aec63050cfb210d2c4030763fcc16b3f4c50188fa9bd18458708da55
vcm_train_010252.wav,fil50_12259_ref_tagalog7_VOLUME_UP.wav,70dba08ff1ae58d951ac0552bbe904971b335e603ea138725a0bb202daea091e
vcm_train_010256.wav,fil50_01438_ref_tagalog1_CREATE_REMINDER.wav,532b77cb1b3ffa9aec8e7f14173b987c5fa07a47769ca67e4b459c44fd87c79a
vcm_train_010260.wav,fil50_13065_ref_tagalog8_VOLUME_UP.wav,7a321179a2ba6ff49f296a51830bc7335a3c9ecc5b9505e053eef4827237ad1a
vcm_train_010263.wav,fil50_07171_ref_tagalog16_STOP.wav,8d6b3a073d42300bd09b281568cff273106b31d36b95a5b77b03fd705630265e
vcm_train_010264.wav,fil50_03892_ref_tagalog12_TIMER.wav,8c610ad5ed89fa66927812120699a9451e4babb2cb370c371236e596a1649804
vcm_train_010265.wav,fil50_00590_ref_ilonggo1_ALARM.wav,7e94ebc6ed6479df3e246603679ace60f22ec7917d258cf00fe3c90020b25694
vcm_train_010266.wav,fil50_11397_ref_tagalog6_BRIGHTNESS.wav,4c53001c80ce31854181553438da8530d65f105d83242b9fa047252925279459
vcm_train_010268.wav,fil50_02252_ref_tagalog10_TIMER.wav,7a933ac54ac8e783e99b860e1b314dc393f0b4928d0aa98f37d9150de34bc144
vcm_train_010269.wav,fil50_12261_ref_tagalog7_MESSAGE.wav,c33978546562b2cddbb6fa46eb871f07ea53dc4adcdb3a99b30b3c7f067e7d64
vcm_train_010270.wav,fil50_03069_ref_tagalog11_TEMPERATURE.wav,20656fe2f8e08d749cf9b42bb72d28baefb40298fc37df89baf33cc12f36803d
vcm_train_010271.wav,fil50_13867_ref_tagalog9_BRIGHTNESS.wav,44d322f0e1e6c7b3883ea96d0020468f5c0bb09a4e2843a1e2b992c4fee09513
vcm_train_010272.wav,fil50_08880_ref_tagalog3_MESSAGE.wav,c3681a714b641fe912d8f3bd4ce4514b4a8e5ddb5333ae6da3a24e1f562bb770
vcm_train_010276.wav,fil50_09710_ref_tagalog4_TIMER.wav,0eafb7fc534f262ddf131d710edbcea4218b762491b300a98dab766413cf1ece
vcm_train_010278.wav,fil50_05590_ref_tagalog14_ALARM.wav,1857c7c9fb7eeb319b8409c1124730a27deffe86095baddc0b74405efabed74a
vcm_train_010281.wav,fil50_03894_ref_tagalog12_VOLUME_DOWN.wav,1efae5c09d5ad29eb113be5508d97e56e39774dba4e5d1853e36aac48d771b53
vcm_train_010282.wav,fil50_00592_ref_ilonggo1_BRIGHTNESS.wav,718f16934fa87740380e8c4f208229a3fc82463296684b789e9896bd6ee14c4c
vcm_train_010283.wav,fil50_11398_ref_tagalog6_NEXT.wav,a0ce77d550e2febd5c4020a4ee04c66463e0ff23e72c05a8cd372aec5fdf1741
vcm_train_010285.wav,fil50_02253_ref_tagalog10_LIGHT_ON.wav,3168c3b45538d68391eca763b8928b3879978d0216a47deffba9e7dee2be7c07
vcm_train_010290.wav,fil50_01439_ref_tagalog1_TEMPERATURE.wav,6c0ec0dd92c136c85ce447effa6156ef9c59f558479baf7755b9a447d3858c3a
vcm_train_010291.wav,fil50_07972_ref_tagalog2_CREATE_REMINDER.wav,bd039f995b1a32eea7eff06aafd08e1099c5abb1394e46cd810cf3f424ce06d5
vcm_train_010292.wav,fil50_04769_ref_tagalog13_LIGHT_ON.wav,a4dedc41f491a1e1937b0aa63b1330737b08d3b57fc262cbc6ad212b6d2cda02
vcm_train_010293.wav,fil50_09712_ref_tagalog4_MESSAGE.wav,eb19763a54c8da56a6b38b2628f4596661937fb2a469809146063432b50db5ac
vcm_train_010294.wav,fil50_13066_ref_tagalog8_CREATE_REMINDER.wav,ff9b23c95bedd67dd5700a6854a562032668b0f9adfaae53deea8c67f915b7e7
vcm_train_010296.wav,fil50_06460_ref_tagalog15_TIMER.wav,c1fd1e51743c0a0478a9bcf9e963cce15223efc039e745ad5eeae7c3676d186c
vcm_train_010298.wav,fil50_03896_ref_tagalog12_TIMER.wav,354fff3f2f041acccb8a85970adeef738c7c677df5bc2e83ca77d6df78cd413f
vcm_train_010299.wav,,f550dec0746f0979bb4210e626c1bc32027c513c1f3068fcf83daa7975240214
vcm_train_010300.wav,fil50_11399_ref_tagalog6_LIST_REMINDERS.wav,b113c44c3d6de549f293a1f4c795fd4240837a21e7cfe23a66577488b8d59a8e
vcm_train_010301.wav,fil50_10578_ref_tagalog5_CREATE_REMINDER.wav,de0ebe5dcb4645fa9357828a20ca6d38ec39ed9008ca1fec514686098e000963
vcm_train_010302.wav,fil50_02255_ref_tagalog10_NEXT.wav,28c4878689df5ba6ac7b1746b7c7ac221884fde635b662ad464aded082b481da
vcm_train_010303.wav,fil50_12263_ref_tagalog7_VOLUME_DOWN.wav,171f34b65644e5437d205c2b9652a4b162a5efb5acc1c8ddcaaa497cc0a3eedb
vcm_train_010304.wav,fil50_03070_ref_tagalog11_ALARM.wav,beeb80d415e38b124160e792ac3436820714367aa3b7baeb04aca6e9e41fe666
vcm_train_010305.wav,fil50_13868_ref_tagalog9_ALARM.wav,793bd4da38c581212228e9fdd4ceb7ba69370907914d627eb3c1d99cec556d7a
vcm_train_010306.wav,fil50_08881_ref_tagalog3_VOLUME_UP.wav,1205d814035208c7cac25381456f3dc8142a3cf04dd467a094b865f2a9887fb6
vcm_train_010307.wav,fil50_01440_ref_tagalog1_STOP.wav,5ca7ac2b341bcc5e6898238e3d131f906964dae4fea74e6d210e595ad8e42bf9
vcm_train_010308.wav,fil50_07974_ref_tagalog2_TEMPERATURE.wav,02a8521f3e6b3a0e076af2d224a5952bb468f361b91c3639c4b100f2d49c8a3a
vcm_train_010309.wav,fil50_04770_ref_tagalog13_TEMPERATURE.wav,ec9681980cadece1bcf70e750b0e5cb39585f72134341336e1c13d79819889f6
vcm_train_010311.wav,fil50_13068_ref_tagalog8_PAUSE.wav,e55b5269e0990d5cddf33fd260d76d9c3f82c234a19afd616727d45770ccfb15
vcm_train_010313.wav,fil50_06462_ref_tagalog15_ALARM.wav,129b2605a9082fa83ee99aaac820e02a0e67ed24958ddcae2e1e4d43ba21eb5d
vcm_train_010315.wav,fil50_03897_ref_tagalog12_CREATE_REMINDER.wav,9037f741bffd7d6fc650f01f1adcc712445e5aeb5d961947eab2ecadc392b72c
vcm_train_010317.wav,fil50_11401_ref_tagalog6_LIGHT_OFF.wav,32bd63142b1001c9529542a829866cc079923483efc754fa3477a7b3572fafd1
vcm_train_010318.wav,fil50_10579_ref_tagalog5_LIGHT_OFF.wav,4f17e14de083fe2d347efd36058c12bc5e1e8059f3b8e1e9603fb0bd92353fb7
vcm_train_010319.wav,fil50_02257_ref_tagalog10_NEXT.wav,c7f62b05c0952b517b15563286f317318fe5cc9610e718319272950f43622f24
vcm_train_010322.wav,fil50_13870_ref_tagalog9_TEMPERATURE.wav,fcb9a83ccef85d917cd41742dbbb739585385ecba1584966735939ee9ff67b1a
vcm_train_010323.wav,fil50_08883_ref_tagalog3_LIGHT_OFF.wav,01f2420a0e3cd04a141f6d7c1c5a8e13a04c9c2e6aab99ed266ed9215ce37e10
vcm_train_010324.wav,fil50_01441_ref_tagalog1_VOLUME_DOWN.wav,5fe11a0c0a35c621853214e5f7f862898e807b9dcf529f12a007a9611195f30e
vcm_train_010326.wav,fil50_04772_ref_tagalog13_VOLUME_DOWN.wav,107c1ada2b3c357c1e5a27abdf39db98adc83c84880db4c643655a535938f346
vcm_train_010328.wav,fil50_13070_ref_tagalog8_WEATHER.wav,3e968cab77163273c5b487c310bbc5109cb369344e17f62ef4e09c5077868194
vcm_train_010330.wav,fil50_06463_ref_tagalog15_BRIGHTNESS.wav,2f596dc10612f897db9eff85f2cf3f7b6e7f73be5b91c334b5b81642fa1804a6
vcm_train_010332.wav,fil50_03899_ref_tagalog12_LIGHT_OFF.wav,aeeba69cbc694fc965df6da00e2244b289804a60520b5c3f498aa88d9f659f27
vcm_train_010333.wav,fil50_00593_ref_ilonggo1_BRIGHTNESS.wav,672a5b1a87d6e83da3772c3f6e9695b7406626738dfbfaafd1d7124a7dc1f23a
vcm_train_010335.wav,fil50_10580_ref_tagalog5_CREATE_REMINDER.wav,3646a5c85cf23352f3fa0c61a17b0a9a861bc33e5239b9803f6df7249faa9945
vcm_train_010336.wav,fil50_02258_ref_tagalog10_STOP.wav,a534313a6b13f1143686cf879af493c3b2281e0fe670e5d3d137d7fbde9bda73
vcm_train_010338.wav,fil50_03071_ref_tagalog11_ALARM.wav,04c685d7f149e49cdaddcd72bc4af7d43fec85632ab9853e3c32a15e1dd80bb9
vcm_train_010341.wav,fil50_01442_ref_tagalog1_BRIGHTNESS.wav,3f2556cc067cacc2ebb44c95e201d71c0a3d3a6bf3b50fa0b7b323f1ccc6330c
vcm_train_010342.wav,fil50_07976_ref_tagalog2_PAUSE.wav,99c9ccb8f4c50efd583c7cf18bfa5bf4e6e80672bd4f8640a4d5eca55dbc5858
vcm_train_010343.wav,fil50_04773_ref_tagalog13_LIST_REMINDERS.wav,745388f46f48c9fb2f7979d00bca3cc7309d131a7f75e73b2a74dd32e80f1c09
vcm_train_010345.wav,fil50_13071_ref_tagalog8_COLOR.wav,8653474c8874d4278bf06ab3c817bdd6e44bd3159e13d1a24edad4141536a306
vcm_train_010346.wav,fil50_05591_ref_tagalog14_NEXT.wav,85c9a57e089ada375ba86a5f8b3186ea7b491146b5f90c85ca196da7a68f4dc7
vcm_train_010347.wav,fil50_06464_ref_tagalog15_BRIGHTNESS.wav,3a7fcc80bcca37fb626a02e516194dec13586a0ec7c6a5b7f26d6d8594aa7923
vcm_train_010349.wav,fil50_03901_ref_tagalog12_TIMER.wav,b9d2e637db9f3ece5ed3c0af2711219cf365ad3922992b57da20171a7fae0a4f
vcm_train_010351.wav,fil50_11403_ref_tagalog6_NEXT.wav,045a785742db263555bc2f1970185555c670fd5cee6e3716b32ae395ac82ea0e
vcm_train_010357.wav,fil50_08884_ref_tagalog3_TIMER.wav,b5a61711234d061fe8b9e0b9d1a0c14b120088a2ab1947931c1c3f57c4d06bbe
vcm_train_010359.wav,fil50_07977_ref_tagalog2_CREATE_REMINDER.wav,182c1425593e735a87c09a8b8982b272b03dac6bfb524fb54dc552b3fdb91ed0
vcm_train_010360.wav,fil50_04774_ref_tagalog13_NEXT.wav,9a1198c39e90942b97bb2582544375a85df4e328f1d39f7f74cd4c16cef6cd3e
vcm_train_010361.wav,fil50_09714_ref_tagalog4_PLAY_MUSIC.wav,29e46967cb59270ae049ddbd992f8f0193beedc644b3377594c0e1fc2c47b0c2
vcm_train_010363.wav,fil50_05592_ref_tagalog14_COLOR.wav,3ccce6a14406b46ac1e6bb83b2fd0f9a355aa277ef6a639df45380d4101df730
vcm_train_010364.wav,fil50_06466_ref_tagalog15_NEXT.wav,4b35e013df04d62cb5e203c3c78a224933be5a77b6f211046078d62d3db37998
vcm_train_010365.wav,fil50_07173_ref_tagalog16_CREATE_REMINDER.wav,ab1f73c924628baeaaf43f21bcd3af8c3ac101861237b3ee8ccb324318222889
vcm_train_010366.wav,fil50_03902_ref_tagalog12_TEMPERATURE.wav,84fb071b482313e45b2819966f70a90c25a2cb5d41e17588daa3ffc82a800bfb
vcm_train_010368.wav,fil50_11404_ref_tagalog6_TEMPERATURE.wav,6b76110b8621f7ebe229ff2baeb3d10e47cfd0a38078e7af5f996d773d1aaf49
vcm_train_010371.wav,fil50_12264_ref_tagalog7_COLOR.wav,204bf1a868c07d6449e1f38edff789b6bcac7624095627ccc6f3e9c4f30aa589
vcm_train_010376.wav,fil50_07979_ref_tagalog2_TIME.wav,612b796644ee3caa203fb9883c415f24c824be39b4031997930026737e573afa
vcm_train_010377.wav,fil50_04776_ref_tagalog13_COLOR.wav,e775f95893237aba9ba0fc36f649f881b55987daaeeb4b1498dc1c7a3aa9cce9
vcm_train_010378.wav,fil50_09716_ref_tagalog4_VOLUME_DOWN.wav,ffff7fea7069e673e309c3cbdfcca10fbc73adba3bf3f406e0498cbb2e2b59d0
vcm_train_010380.wav,fil50_05593_ref_tagalog14_ALARM.wav,335a6784b674c5e2bf67f3cb69c480f293deff254173adacfa110d7732798f77
vcm_train_010381.wav,fil50_06467_ref_tagalog15_LIGHT_ON.wav,30d5d58157b2ffd0d8af258d69269be5becdd38abe55eb35edf08a41e24809de
vcm_train_010382.wav,fil50_07174_ref_tagalog16_NEXT.wav,b878f667a876bfc14954cdf654f45679986077d7653ed9a446c0eff3e7f6c769
vcm_train_010384.wav,fil50_00594_ref_ilonggo1_VOLUME_UP.wav,eac626cd2c2e0150518ca7cef519fdb7feba6a6ee696e594f72cf4bc2163716a
vcm_train_010386.wav,fil50_10581_ref_tagalog5_VOLUME_DOWN.wav,90a54b6fd913b244811696a989bb9eac3de4bf43cf7622699601962b01e02525
vcm_train_010387.wav,fil50_02260_ref_tagalog10_TIME.wav,e4c8187490360807cae34210a99c46f10273d3e8a1290e9955940d0a945771f4
vcm_train_010390.wav,fil50_13872_ref_tagalog9_TIMER.wav,e36b1d2ff280efd1068526769ac7e382077b15f7511617e949550a5f8d7ecc17
vcm_train_010392.wav,fil50_01443_ref_tagalog1_TEMPERATURE.wav,f32f9aec6f9a9b06223a5580c67f827eb513f98532b70d29b5975828f43aa13d
vcm_train_010393.wav,fil50_07981_ref_tagalog2_LIGHT_ON.wav,31f3d9b9f171422850081281a52dfd6d96ef03fdc0bb5eedf84f982e9cc0aa8c
vcm_train_010395.wav,fil50_09717_ref_tagalog4_TIMER.wav,fa1c92425af1f08503958e7213958bf3e3494f277f155042382273f9637d3b68
vcm_train_010396.wav,fil50_13073_ref_tagalog8_TIME.wav,2ff9707c2aedfca0d34d07286d6c76ca593ef184e301ce1d1754c1385bea68c9
vcm_train_010398.wav,fil50_06469_ref_tagalog15_STOP.wav,eb00067121d8fe4642fdb6a630b4fe14e8a53edd4718b05fb02d87f1fd22802d
vcm_train_010400.wav,fil50_03904_ref_tagalog12_NEXT.wav,b29e838da9d9a509dac347f1e83ed3539d3d6b1ce6e448f06857099b1a0f6de0
vcm_train_010401.wav,fil50_00595_ref_ilonggo1_TEMPERATURE.wav,79b60a76e4696997eaeaaaab254ed1f978540ae9e1d75f3158cde2361f706247
vcm_train_010402.wav,fil50_11405_ref_tagalog6_TEMPERATURE.wav,b87e292674f807ed81a2ef2725465ae2d1cb9e32dd54409cff37f262e0b8fbc8
vcm_train_010404.wav,fil50_02262_ref_tagalog10_BRIGHTNESS.wav,36e13ecc0930666b9426a5d54befff163af54f97bd96ce59fcf2f3015496432d
vcm_train_010405.wav,fil50_12265_ref_tagalog7_ALARM.wav,d271e8a49fec354e31a27f16af58f476fcc8ba12fd47ba645bacdbe499eba855
vcm_train_010407.wav,fil50_13873_ref_tagalog9_COLOR.wav,235ad01fd040ad27cacae1716ae8eedafca6d43f1acc0595d6f7571c37c6d135
vcm_train_010413.wav,fil50_13074_ref_tagalog8_NEXT.wav,5a75902c8e536de049d0763621c15e0e538d4cb13f321c5a8a6bf9fa0dfda4e9
vcm_train_010414.wav,fil50_05594_ref_tagalog14_TIME.wav,6509cf21594b8d6fc8c46f5138d95fe50617d22cdc46b7cf8a0a21b967fc2224
vcm_train_010415.wav,fil50_06471_ref_tagalog15_BRIGHTNESS.wav,1bd8a3210ac281b3dcf833ab5b742dad713bea92e12cf948a7886775936aa4ed
vcm_train_010416.wav,fil50_07175_ref_tagalog16_VOLUME_DOWN.wav,c009384e0d7eb5a5314696147596fa8f1321ea39cc58bdac680cefc60e5f3047
vcm_train_010417.wav,fil50_03906_ref_tagalog12_LIST_REMINDERS.wav,a3054e261f96d3ddab3d1a913f0d6f7b16ba30d7309b939766800bb0842eab5f
vcm_train_010418.wav,fil50_00597_ref_ilonggo1_NEXT.wav,129ceb1c58fc87c8abd56d3ad059a136f5979f7ad315187d959a2a08d7316088
vcm_train_010419.wav,fil50_11406_ref_tagalog6_COLOR.wav,c8b6280bc71edc1d85fdab80efe968a4ff7277b0c94c85d46aec33f020f46569
vcm_train_010420.wav,fil50_10583_ref_tagalog5_TIME.wav,bb0040354961fda71c9c2f33b05ec6eeddeb3bcfedc1aadf6dcc5a7058f55d2b
vcm_train_010421.wav,fil50_02264_ref_tagalog10_NEXT.wav,7714a801118a735bc54f8e1356416c0b40b601023acc3ec6f2c7da7c5bd700fa
vcm_train_010422.wav,fil50_12266_ref_tagalog7_TEMPERATURE.wav,54d20b625ee903460823b19622bd66f07d48d9df2c6754523e8a58f8ce7804d3
vcm_train_010426.wav,fil50_01444_ref_tagalog1_CREATE_REMINDER.wav,266530daa83a643d41a940e2b80c64fda31abe52a3b03c0d2575ba2014868d9d
vcm_train_010427.wav,fil50_07983_ref_tagalog2_PLAY_MUSIC.wav,3267df8194a277e488687fdf0cd95ff5a03577e037e11c1c1076c6859fccaae3
vcm_train_010428.wav,fil50_04777_ref_tagalog13_VOLUME_DOWN.wav,ca9b982ad1b85de6156baefc10b5a0af9d8eb22ca288049ef2a775896bbac27e
vcm_train_010430.wav,fil50_13075_ref_tagalog8_PLAY_MUSIC.wav,376603d5fb0aa23e847a12349566582411c1009c2501fc40f73221287781b71f
vcm_train_010434.wav,fil50_03907_ref_tagalog12_TIMER.wav,994bb415d507c91c1e1b9ba75c654dc7a930871c80a2ef4292cc5cb9ce6e4e6b
vcm_train_010438.wav,fil50_02265_ref_tagalog10_CREATE_REMINDER.wav,176dbd1b9528d774036491c9f310c6edf7ecdb1f73f95654184f5f30b9e49563
vcm_train_010440.wav,fil50_03073_ref_tagalog11_LIGHT_ON.wav,a5b59d9ada303c63e70a478f4a8fe8be87667a102d9510b756764878d0f30a14
vcm_train_010441.wav,fil50_13875_ref_tagalog9_VOLUME_UP.wav,40d4aa4561da658bb0872030ffc31007647635a2aff9713576e4920dab659f2d
vcm_train_010443.wav,fil50_01445_ref_tagalog1_NEXT.wav,7e475327e5b21c02af15482c37d34bbac85d0082922ae7ee62d9612770666ba1
vcm_train_010445.wav,fil50_04778_ref_tagalog13_PLAY_MUSIC.wav,daec21ab3d570f61b1e59d50456fee5c3a30fb79843448845080ca452a9b54c9
vcm_train_010446.wav,fil50_09719_ref_tagalog4_TEMPERATURE.wav,98a46a365297b05c7a3f3b0a5d18b988f1ed6bd5e9bf657fb2f6869e13e5a68a
vcm_train_010447.wav,fil50_13077_ref_tagalog8_WEATHER.wav,c011280b095e8a9d7bf6f5f33c00fbfb9f7bcfad6c39c2b99b386f3b1d3245b5
vcm_train_010450.wav,fil50_07176_ref_tagalog16_LIGHT_ON.wav,b1a8f58d761c7c60e466902e9257d4ba78162e2b2e83fbbc10d03b6b15d4d08d
vcm_train_010453.wav,fil50_11407_ref_tagalog6_PAUSE.wav,0243654cee0fa42001de719dd816157be0640ee605e113fca2deabb5b8ff0d37
vcm_train_010454.wav,fil50_10585_ref_tagalog5_STOP.wav,e3ee7169d4fbb337b4cfb7702cc632700add3944eea2919883d5f63825caf21f
vcm_train_010455.wav,fil50_02267_ref_tagalog10_NEXT.wav,e236707fd3580984061a767e0c4944ee97d3f1c18591552aab8878f6afe3e6b2
vcm_train_010458.wav,fil50_13876_ref_tagalog9_TIME.wav,43f5bd9447c84bddeb9d2299e3510c6cf45a62f577664bd5d473238b0933afd8
vcm_train_010460.wav,,094980784fc0f96cfb4dcd3c48a85d1304029f6fc084080718c358e2b79b4fae
vcm_train_010461.wav,fil50_07984_ref_tagalog2_CREATE_REMINDER.wav,803539d7e987663a75ab1032e28a00bbb86b6e32f77a3f13d570cf4eb1f7c108
vcm_train_010463.wav,fil50_09721_ref_tagalog4_CALL.wav,0d72bedbe8ce1bb09b62aea6b89c08e3bd1627fab031ea4acbe1ab71d7351726
vcm_train_010465.wav,fil50_05595_ref_tagalog14_TEMPERATURE.wav,241c3a9279271ab8ee37b2a98493aab2637ad32d67e99e497ade7c8eae5ec947
vcm_train_010466.wav,fil50_06473_ref_tagalog15_NEXT.wav,c93b7ea9223188bc2631b4d87ea51f14db3ca17390674c07dc186e247d3160f0
vcm_train_010468.wav,fil50_03909_ref_tagalog12_CREATE_REMINDER.wav,dbd50cfb521180eeb6a1e349f9ecc519f414ed8feb43e071a964e8c75c4013cb
vcm_train_010469.wav,fil50_00599_ref_ilonggo1_TIMER.wav,1b2fd5ff92dfbfaf58de8ce381d0eeb5d2f77fbdea946348ae03ceb6b9742bb6
vcm_train_010470.wav,fil50_11409_ref_tagalog6_CREATE_REMINDER.wav,cf08e51e37a2c5dfc60367e0e6df4f7a82b28dcf751960894b5436578e239642
vcm_train_010471.wav,fil50_10587_ref_tagalog5_NEXT.wav,8ee13f1b36b6d952cd74f5cd69993a3dfa786fbae0b81bf2cec3941267058038
vcm_train_010474.wav,fil50_03075_ref_tagalog11_ALARM.wav,a278bfd1194383a6bc1ad03e1ebc7704e6dbf82526a566e685c5a7ef725e0b2c
vcm_train_010478.wav,fil50_07985_ref_tagalog2_ALARM.wav,dd1d270fa673a1d950b1b6ffa76603c9c5a7649c56089a3e1453e79fb30f3546
vcm_train_010480.wav,fil50_09723_ref_tagalog4_TEMPERATURE.wav,645eda3343d5331e46d0f929958796f1a99c78df43e53fe95b54164cf96933aa
vcm_train_010481.wav,fil50_13078_ref_tagalog8_BRIGHTNESS.wav,77ec260bd13a05cfa2480ce309581fa476d30fa23d3ac0307e44fe6e505f254b
vcm_train_010484.wav,fil50_07178_ref_tagalog16_TIMER.wav,e4a66a46a0280a96ed7add1db4ccc3cbc511db2926c4adadf33cd8d157e562b8
vcm_train_010485.wav,fil50_03910_ref_tagalog12_MESSAGE.wav,fe4b9d313d128f58820936b94572418e21b4126042e9a133050b685bb03a4cca
vcm_train_010486.wav,fil50_00601_ref_ilonggo1_NEXT.wav,d7d50c1ff8690b866d09ce41efba0e3e63e8152c0518ac7270bf1ab00b3ebf2a
vcm_train_010488.wav,fil50_10589_ref_tagalog5_BRIGHTNESS.wav,150cfe209a0f56389cdf0d19d858f29d540c8b3cbe8ca24b8115011bd23558f2
vcm_train_010489.wav,fil50_02268_ref_tagalog10_PLAY_MUSIC.wav,a4e89e9ecea18d64477af96c02f62ffaf1674d70ee992b3231ae425cc6acbfbb
vcm_train_010490.wav,fil50_12267_ref_tagalog7_COLOR.wav,d158b10be04e84bf07463801d7680f21ccb25bebcb3ada53934341c3d9e49bc9
vcm_train_010493.wav,fil50_08885_ref_tagalog3_VOLUME_UP.wav,d90ec6ab98c97994344a1f555ded2d40bdbcb043b945a6a08a069a4aebe8420c
vcm_train_010495.wav,fil50_07986_ref_tagalog2_TEMPERATURE.wav,b6afdf21fe7a95bb5c14276eb3bba8404911c1b756bcffadf9e97a8e3c47d49a
vcm_train_010496.wav,fil50_04779_ref_tagalog13_WEATHER.wav,ec39faf23432d57bd8ec6a10a3c9dd93ef739448374e5b3d275c23087d088859
vcm_train_010497.wav,fil50_09724_ref_tagalog4_TIME.wav,ca49dd5e3426727beea18395c4cc51850695161c2348c8e32dca467b197805fd
vcm_train_010501.wav,fil50_07179_ref_tagalog16_COLOR.wav,0f4d7efa07ac2414227d1c96b5726583f0cc61db0a7278070d69ccad1aada026
vcm_train_010502.wav,fil50_03911_ref_tagalog12_LIGHT_ON.wav,b52b107687946a6da25a25fa8188ffc9855912fa3ebaf18222759532ae15ff57
vcm_train_010503.wav,fil50_00603_ref_ilonggo1_COLOR.wav,b64f523856390101dc07fba99f16b7c7ff643b423cab011e71dc24f872bd4732
vcm_train_010505.wav,fil50_10590_ref_tagalog5_VOLUME_UP.wav,647c2c9b1ad9a2efae14f8794246c45f4a72525aec619417426b39ef3472c981
vcm_train_010506.wav,fil50_02269_ref_tagalog10_TEMPERATURE.wav,5c5253964057df11696945b032ada65d446e85e4d142bc0330b08e23d7e3ce11
vcm_train_010508.wav,fil50_03077_ref_tagalog11_STOP.wav,963986e8d3e847f580d537d87b9c324c82dc2d60f1c3debfb2d3957d82683fbf
vcm_train_010509.wav,fil50_13878_ref_tagalog9_ALARM.wav,2f3db20c8899472b3c602f155f134b1bbae5ba18ba716255ac271c6f61524cb5
vcm_train_010512.wav,fil50_07987_ref_tagalog2_COLOR.wav,bde0679b31efa19eb36996be3d98dffe856a7b681527c303b59ca1ba34bb55b1
vcm_train_010514.wav,fil50_09725_ref_tagalog4_CALL.wav,b915047b1b5561071571675bd8c653408ce417b794f5a7139c71514d3e557c1b
vcm_train_010515.wav,fil50_13079_ref_tagalog8_VOLUME_DOWN.wav,72ac815b07d950edff7493ebe1fe0cc4b196f0240e6ec77992fc32d72c90dcad
vcm_train_010516.wav,fil50_05597_ref_tagalog14_WEATHER.wav,85e1dab66f34f5c15e8c5872c2409cbee2c21e3fecf089ce3646303baf5d2d5f
vcm_train_010518.wav,fil50_07180_ref_tagalog16_COLOR.wav,1a8ff4bcb8de5ee2e631e009f43758d70afe16131e91113ccf1a38c85fe19a9f
vcm_train_010520.wav,fil50_00604_ref_ilonggo1_VOLUME_UP.wav,9af87a29e56cbea46fbba0baf6288e1a2b250eb6544b0357f2bb30a039381d3e
vcm_train_010521.wav,fil50_11411_ref_tagalog6_TIMER.wav,977ab239b8007ce6f80d7e05a22719ac2c79d8234fbc17b3c3cc4d38120deabb
vcm_train_010522.wav,fil50_10592_ref_tagalog5_MESSAGE.wav,f535826442e49a36eb2ba46ce4fdcc5f1424617c223026d3e13f59a18d60469b
vcm_train_010523.wav,fil50_02270_ref_tagalog10_WEATHER.wav,95bff32af99b43468cfd713da514fada3d014c0f3012ec6897fbea0d04ddf563
vcm_train_010524.wav,fil50_12269_ref_tagalog7_ALARM.wav,5d15e88514d1d2923605e628f1d0a78b055dd0dbd4db6d5387c9c283ffa9d38a
vcm_train_010527.wav,fil50_08886_ref_tagalog3_ALARM.wav,4b870d27b42cda15209e0917cfcbec8a8339db1dfd2f55e1ec942a62fd7ffa02
vcm_train_010528.wav,fil50_01446_ref_tagalog1_TEMPERATURE.wav,d229d210ff60dc9352fb3b9636b09343203868d76a5206e6ccd37800a7f15c28
vcm_train_010529.wav,fil50_07988_ref_tagalog2_NEXT.wav,465362bb8ec03f3ee40cc0cdd1a59a0f869c9b54462d92650899411189ba9d11
vcm_train_010530.wav,,1de5392cd894c4ef16eb379db544c6cd04a96b1109e0708bdc80a175e5cfcaeb
vcm_train_010531.wav,fil50_09727_ref_tagalog4_LIGHT_OFF.wav,629e24d58916de896b11a22a0c7bba0a049ab540566c2b9d56acecafe5a74121
vcm_train_010532.wav,fil50_13081_ref_tagalog8_PLAY_MUSIC.wav,c3d6c62a9a6104ab8e870ca400b13e93ce312bf7c0342aee801d643deb1d30fc
vcm_train_010534.wav,fil50_06474_ref_tagalog15_TIMER.wav,de403fb60c6e9513ba26f8fcb4802fef6f74c5dcd3341284cf8cc1803c3d623a
vcm_train_010535.wav,fil50_07182_ref_tagalog16_BRIGHTNESS.wav,9a06c93e80e6662b9d6a9329cde23c96a59966bd68e1130b1bf48b30708ad748
vcm_train_010536.wav,fil50_03913_ref_tagalog12_COLOR.wav,1258485f72c54f2470c29d3784a8caa77266b7c0be39b064f99d5199b6e52e5b
vcm_train_010538.wav,fil50_11412_ref_tagalog6_CREATE_REMINDER.wav,64ca35283cf70d054b29c0120d925ef3714512dc64caa5a16aa02a891221e8ca
vcm_train_010541.wav,fil50_12271_ref_tagalog7_COLOR.wav,b8cac3922b9a4425062868f855107dbcdc9b5b8062a63834d4faeebcfc65dfb3
vcm_train_010544.wav,fil50_08888_ref_tagalog3_BRIGHTNESS.wav,a4d6f232f90a8d2cd4dee1992b7d8d531f4b47a9901876409802b38ca648427e
vcm_train_010546.wav,fil50_07990_ref_tagalog2_ALARM.wav,f8a3466a03bc2735d924b21976c8c852e9618ff41af8d0810e170721a39563ce
vcm_train_010547.wav,fil50_04780_ref_tagalog13_VOLUME_UP.wav,8e34103157b5a133a48317068b5125ef077c4136ca3878a69f851a5b1ebf1a2d
vcm_train_010549.wav,fil50_13082_ref_tagalog8_BRIGHTNESS.wav,c186aa199c5a9b109fe18f4d2cd13e4e5e038cdb767b41c895b9afdacfde160e
vcm_train_010550.wav,fil50_05599_ref_tagalog14_LIST_REMINDERS.wav,016c30153f2ac613a6c6a822e5ad326e55cf37b330a06cd017693054afca0ac3
vcm_train_010551.wav,fil50_06475_ref_tagalog15_NEXT.wav,c7e08110bb004753d506d7adb518c4712820f041f81a49cf863fbd13e908e2e2
vcm_train_010553.wav,fil50_03914_ref_tagalog12_COLOR.wav,9e43e994690261e3cdb9ffe8e31b0ad5f6178746ce4735e2ebfdc3710acabbf2
vcm_train_010554.wav,fil50_00606_ref_ilonggo1_TIME.wav,ef76e808be603bae180ad535340bea8c261b4c64342b1bd04d86944599ff221d
vcm_train_010558.wav,fil50_12273_ref_tagalog7_COLOR.wav,7647e308dd61a44688b9683b4f9d1e0e60b64617eead3ee235977388bd47b9ea
vcm_train_010559.wav,fil50_03079_ref_tagalog11_CREATE_REMINDER.wav,b6afbf68d50df0116527ba97e5d355895891ff10bad48968f93058749896b023
vcm_train_010560.wav,fil50_13880_ref_tagalog9_CREATE_REMINDER.wav,1764bb43229e4c943903d4f921a114ccc297b11058dffb45b0eb1be0396edd0c
vcm_train_010562.wav,fil50_01448_ref_tagalog1_COLOR.wav,40bfd065b5b0f2653cd2a325ba5a061d56738b086c160cb35a8faf5939adaa36
vcm_train_010563.wav,fil50_07991_ref_tagalog2_LIST_REMINDERS.wav,47bea42c343e83ad11abfacaaeeb5f318e8b6942f9d49852da5407f797e40af6
vcm_train_010565.wav,fil50_09728_ref_tagalog4_CREATE_REMINDER.wav,3cbdffde758770466049ef368f40eb2a5cd36bd9b00e999ce802e765164db5e5
vcm_train_010566.wav,fil50_13083_ref_tagalog8_CREATE_REMINDER.wav,b469e644b9cade3bf37cf056c49e7e180c3a39336f3e5b670acda7e0b0da1829
vcm_train_010568.wav,fil50_06476_ref_tagalog15_CALL.wav,5d2bee445f647baa4781d49cf5837cc3d56e29639790d588335820cc5cc31df9
vcm_train_010570.wav,fil50_03915_ref_tagalog12_NEXT.wav,c357e6f7e15118c762f7c74fc69006250e93ac56b4eccc119b869a7082696332
vcm_train_010572.wav,fil50_11413_ref_tagalog6_PLAY_MUSIC.wav,5158b0e5ac4db01800668230f0a7019c2d9c4b8c02b320c55371421cf15415c9
vcm_train_010573.wav,fil50_10593_ref_tagalog5_TIMER.wav,464e8005eb83f1cd56d238b82ba1846c9166a82c74555684d66cb4c54f7b480a
vcm_train_010574.wav,fil50_02272_ref_tagalog10_NEXT.wav,50bff9ba3907e62f73e6c843ba4a0003014c79374e135c811cfda84b0ec5b567
vcm_train_010575.wav,fil50_12274_ref_tagalog7_NEXT.wav,1a9368ce4d7a11763ff1d0a175de9b16c5825ad38b6af7a88dc01efb2dd26070
vcm_train_010577.wav,fil50_13881_ref_tagalog9_NEXT.wav,23f80466af87c9a0ca92139668c7eea717b9cf4bb773fcb74337bd9629a3d7ae
vcm_train_010579.wav,fil50_01450_ref_tagalog1_COLOR.wav,629e09dc9998d7584fc2938dc7f88b103139e1e0846063d9db8922b14570243a
vcm_train_010581.wav,fil50_04781_ref_tagalog13_TEMPERATURE.wav,431109b3760506f55504ab782d34baa9f580a402d497963d890f4eb9f2f89d58
vcm_train_010583.wav,fil50_13084_ref_tagalog8_BRIGHTNESS.wav,732970a88143cac6a32d1e3c9fcf34a9108aaf3009f403669f4615cef1463595
vcm_train_010584.wav,fil50_05601_ref_tagalog14_COLOR.wav,b1f6feea2f281ea7378b4448663aea5e422527fc161a9472c4f9f01221019304
vcm_train_010585.wav,fil50_06477_ref_tagalog15_CREATE_REMINDER.wav,d1ff32f26761827861453f291206a80c3b411de753ffaad1a21479507d6f292c
vcm_train_010586.wav,fil50_07183_ref_tagalog16_COLOR.wav,d74adb8c7ce844b6a2ebe5de167b06c7c13d043b0dce56aa99265d35ec6f7312
vcm_train_010588.wav,fil50_00608_ref_ilonggo1_TEMPERATURE.wav,8dc6fd7ddb7074378febe3a6af5b75c71259ef0550c339e0bb64b40fde48d199
vcm_train_010590.wav,fil50_10595_ref_tagalog5_TEMPERATURE.wav,7f19ed123b32654e67428eb57ff1f4ca294ef772389d34aa5ea3652c2d858818
vcm_train_010591.wav,fil50_02273_ref_tagalog10_PAUSE.wav,beef7a104f5817fecd53f35ea1084444ba26af3e1f03e05afacb90fb217d3580
vcm_train_010592.wav,fil50_12276_ref_tagalog7_CREATE_REMINDER.wav,2e3168d4817937b60d437ca1080cc173a4d805f9a24172157e637aea3abea021
vcm_train_010593.wav,fil50_03081_ref_tagalog11_TEMPERATURE.wav,72b6a2617775b291e131a5782bd9bf64f2ea4e3d26cb3139ea422c3103a19543
vcm_train_010595.wav,,625ab99346682e96724f8be68be58011f4ce77047c4229fdb251e73ab780a7c8
vcm_train_010596.wav,fil50_01451_ref_tagalog1_WEATHER.wav,c7256b4b34670f9c3da9bd2b9c1726e7280d158cc8ee485d5f2894e1c4b04f7a
vcm_train_010597.wav,fil50_07993_ref_tagalog2_MESSAGE.wav,a48808f38c4d10f4f79bea4eb499df15ef71a0edd6308e8e3824a20066b19de4
vcm_train_010598.wav,fil50_04783_ref_tagalog13_COLOR.wav,a5160e187fbc023c8c184ef82bc1a0145854fcc3172939a9ff0a47e87eb10e26
vcm_train_010599.wav,fil50_09729_ref_tagalog4_VOLUME_DOWN.wav,6deabe75f3ac36f2f4d5b387183179c7f4f33e1622ea5f1eecaf18f9b5c8471e
vcm_train_010600.wav,fil50_13086_ref_tagalog8_TIMER.wav,90a0c2c3b8ad5a2dd0186097d41cd4ad4621757f6c7e4ae9e30599ab5d97dbdd
vcm_train_010603.wav,fil50_07184_ref_tagalog16_TEMPERATURE.wav,f78300456b8e2f06f16e91b6e997c7c175d70afa4dc1e92b58fbe113b43f3f20
vcm_train_010605.wav,fil50_00609_ref_ilonggo1_BRIGHTNESS.wav,0cc164cbe3de6ec1daba36f8d7695bd90b31a162614173177addaf4d4a101d0c
vcm_train_010606.wav,fil50_11414_ref_tagalog6_BRIGHTNESS.wav,0589bf16432d7a48e806080acfc496d3f8a4d316fb0f1798b70c3c30eb5a4643
vcm_train_010607.wav,fil50_10597_ref_tagalog5_TEMPERATURE.wav,f3f86e6503682c75657e5302c0c46461d9c173fc5d478b258dacd592b07ffa53
vcm_train_010608.wav,fil50_02275_ref_tagalog10_BRIGHTNESS.wav,ff85cc90f747902204ce6f23d6e0be5d640736de470e3892c62213d19fcc1273
vcm_train_010609.wav,fil50_12278_ref_tagalog7_STOP.wav,472f05b3a83ede659a4cdc7808e942fb01d455a8828638a0cecd36feb44d2882
vcm_train_010610.wav,fil50_03082_ref_tagalog11_VOLUME_DOWN.wav,87ef2d3dd6253fa49100190dd2013cadc07473a43e76263aa6c16ea83b4ec9f9
vcm_train_010613.wav,fil50_01452_ref_tagalog1_TIME.wav,e41ac08b9c77267df3bb351f1696876507c01e61991ae73ac0ab2c92113a51af
vcm_train_010614.wav,fil50_07995_ref_tagalog2_NEXT.wav,eadb38aa88c78e69345c0faca0bfcbc586b259a07ff954385a7235fe3c83e075
vcm_train_010615.wav,fil50_04785_ref_tagalog13_LIGHT_OFF.wav,ccf4e0ce0557a9f32825a208e4509b293352e0a9b62c5bcba4c0315e3c8c988f
vcm_train_010616.wav,fil50_09731_ref_tagalog4_ALARM.wav,4ed896c190989b1001837a647170147cd32d67aefe3f9514835bb146e99133d4
vcm_train_010617.wav,fil50_13087_ref_tagalog8_MESSAGE.wav,b6fce5fb753d551f13ecc828a39172f787f6ac0a83d8e50370de84551683b5df
vcm_train_010619.wav,fil50_06478_ref_tagalog15_BRIGHTNESS.wav,4aa8c9032940279e3aabea063e3a8012682c3d0c0428b8adabc78ebace820a5b
vcm_train_010620.wav,fil50_07185_ref_tagalog16_VOLUME_DOWN.wav,93ecb2017e594ad1399ba0beb3eae396ea066b20490bf3f2587ffa874417d239
vcm_train_010623.wav,fil50_11416_ref_tagalog6_LIGHT_OFF.wav,fb3de0b1826238d0ca7cd4305dd8a39a274190962047549ef88d3c54d2551454
vcm_train_010624.wav,fil50_10598_ref_tagalog5_VOLUME_UP.wav,76dc3a16c68b645fc9bedcba9dc4978c04e82efe3dd7bbcd9478cd0edb764181
vcm_train_010628.wav,fil50_13883_ref_tagalog9_COLOR.wav,1edbf17a91514dc73bea72336f6ab138a06e13d02ff021a86b4a0892f67efa3a
vcm_train_010629.wav,fil50_08889_ref_tagalog3_COLOR.wav,33bd8721a37a19003e1a868b2ecd145df7b4808bb473da82e9f7df95f6032981
vcm_train_010630.wav,fil50_01453_ref_tagalog1_LIST_REMINDERS.wav,4c1b0b353038f9a38e96230201e664fa8148633fad193b539318eaf5aaf06768
vcm_train_010631.wav,fil50_07996_ref_tagalog2_CREATE_REMINDER.wav,a6a97be94efa3f42b6b251fc2e3f48c6395e9ac6899f8bb08c1aed56209b3e79
vcm_train_010632.wav,fil50_04786_ref_tagalog13_LIGHT_ON.wav,a90e58d2b5f0809dabee5c8a632734f6efb582bca865bbdc64b9544639fcd980
vcm_train_010634.wav,fil50_13089_ref_tagalog8_LIST_REMINDERS.wav,f2f2dda119584ca830ebc4a03bfdfe1dd8074fe1c40940092bc987838f43f0a7
vcm_train_010635.wav,fil50_05602_ref_tagalog14_PLAY_MUSIC.wav,625ab9008780868eca52d857101cb89a17013fec34d22e5befa530259469a020
vcm_train_010637.wav,fil50_07186_ref_tagalog16_CALL.wav,f72d66b421fb9b331a664a372beda6a9b6d1966711acecfcef124b395a0863e1
vcm_train_010638.wav,fil50_03917_ref_tagalog12_TIMER.wav,e91194ab34aab9d1be73b8434d4136fbd45e3ccefe5b3ad44e684aec3e7002c5
vcm_train_010641.wav,fil50_10600_ref_tagalog5_STOP.wav,63f312cd5f175c86bd861d3a0874ec2ac0dd90ff84e7a674ace85a15f909bb85
vcm_train_010642.wav,fil50_02276_ref_tagalog10_COLOR.wav,3a596b52afb6a4be2fd9912d51ba8d2de407072299d6833c75a9a30ae1987071
vcm_train_010645.wav,fil50_13884_ref_tagalog9_LIGHT_OFF.wav,f59f81447f875781c80f77fe5d3ed4409d97dbfb52c6c927b37694c11d17ab66
vcm_train_010646.wav,fil50_08890_ref_tagalog3_COLOR.wav,9b33c6f905500679d7f0be7d3acd98caa9b036e42d9aec8372d6e6e9487bcae9
vcm_train_010647.wav,fil50_01454_ref_tagalog1_TIME.wav,6be9e25171c7cc35324129000e1a1708017be892fab5bdaa3c1c3ec056254d7a
vcm_train_010648.wav,fil50_07998_ref_tagalog2_ALARM.wav,b501118453717470527f139c398f3e0768989c39f771f73c7a0e9e606bca655a
vcm_train_010651.wav,fil50_13090_ref_tagalog8_LIST_REMINDERS.wav,f10c2b84f61f95f97300e5361af33a827011a49fd0abd42692a4c19da7034d82
vcm_train_010652.wav,fil50_05604_ref_tagalog14_WEATHER.wav,b8de5500329f1ff957878792f974bc5420b81ac3227a8ed4747a08d5e3331ebe
vcm_train_010655.wav,fil50_03919_ref_tagalog12_TEMPERATURE.wav,825cf44841084043cb6615646afee2fe77b1c697f5a74d39af3460e223718214
vcm_train_010657.wav,fil50_11417_ref_tagalog6_TIMER.wav,6e1c5f4668462bef2799bb6b779163691359070c5d63d6f0d91d15c6b4e8da1f
vcm_train_010660.wav,fil50_12279_ref_tagalog7_MESSAGE.wav,7d28528b16d4d817ba5a2d47b3ec2005cfc72a657f3805a49842dd39c1f8529f
vcm_train_010663.wav,fil50_08892_ref_tagalog3_CALL.wav,1e07d252b5f49dd6b2cfbd0e23f32f463d8bb41d06d2c9d98c7c9fbce5613597
vcm_train_010665.wav,fil50_08000_ref_tagalog2_TIMER.wav,47483574ecbcc8718ae278f2ba80e6dfd2f4024947ff1d728a37f7040ee7699b
vcm_train_010666.wav,fil50_04787_ref_tagalog13_CALL.wav,fc3715c08d17d5d2702dcdcd2204163c31334f1b56108e17b95bc6a810472142
vcm_train_010667.wav,fil50_09732_ref_tagalog4_LIGHT_ON.wav,6e00d15cd547bf62118d4fc3c5badf3036aba47ebc2cb2444ec17d50a55fe753
vcm_train_010669.wav,fil50_05605_ref_tagalog14_CREATE_REMINDER.wav,869100c803976ea7955fdc4b31d64f667006e95dc486851d26539b2b73c00331
vcm_train_010670.wav,fil50_06479_ref_tagalog15_COLOR.wav,2dd976270d7a7d4b641cb41e20daccf34f01e7cceb79237c6d29650ba7f319d7
vcm_train_010671.wav,fil50_07187_ref_tagalog16_LIGHT_OFF.wav,ad20fa001c60275e3cd626b49f3043104dcf4ef14f564d8b6db5c324ae51d727
vcm_train_010672.wav,fil50_03921_ref_tagalog12_CREATE_REMINDER.wav,c824df9f5393e89ad1132dde2c56d823a8e0b1b94d763fc6ebaa31af883be0c0
vcm_train_010673.wav,fil50_00610_ref_ilonggo1_LIGHT_OFF.wav,3304ea3e99bbc562be8dadb90f83657e75a1401fa312465b138381a93d462829
vcm_train_010674.wav,fil50_11418_ref_tagalog6_LIGHT_OFF.wav,8bf8ea7fd9c776917bf56ddf176d09971ebc2b0767b91ce42b0da36986005d66
vcm_train_010680.wav,fil50_08893_ref_tagalog3_PLAY_MUSIC.wav,080bc9f62f13606b1498cbede823d22c7cadb59bb16b0fb7fd799480809f5a71
vcm_train_010682.wav,fil50_08001_ref_tagalog2_NEXT.wav,cf1fbb55e7d88e61ae08bb5ff200544727da5df1d3947c87c624d98af3f5bbad
vcm_train_010685.wav,fil50_13092_ref_tagalog8_NEXT.wav,27b634d3a5916e278c2e30ac790a5b928c254983b6523f3916e8cb350e1e8527
vcm_train_010686.wav,fil50_05606_ref_tagalog14_LIGHT_ON.wav,1e4f90e1f0c2e75c7724d5935926ee66b9c98b4f97151b257899fd98ecd72d2d
vcm_train_010687.wav,fil50_06481_ref_tagalog15_CREATE_REMINDER.wav,bdb7dd5af852caee619409d24af639886ea6e46b517e2765d668e5b5a45cefeb
vcm_train_010688.wav,fil50_07188_ref_tagalog16_MESSAGE.wav,bedb67830a9e180dba8f2b2069597c590d0b1cca1da5d778c61c2332ed56c843
vcm_train_010690.wav,fil50_00611_ref_ilonggo1_NEXT.wav,cccab09adfcf67891e59bc4a9b34078925fc474feb482e60b95e60e982c6f1d5
vcm_train_010691.wav,fil50_11419_ref_tagalog6_LIST_REMINDERS.wav,751a62bbfead4f29fdd60c16c8a888edfe57224e82d33fff0c09abb1cb417b39
vcm_train_010692.wav,fil50_10602_ref_tagalog5_TIMER.wav,6cab8ed5db892eecaedb1c8a26dcb877d65e12e394439b33bbd744459f023caa
vcm_train_010693.wav,,442978cae4c82a824ba29e1f6a4e70231ba3e92a249bd6f8bae2cf2f08244a23
vcm_train_010694.wav,fil50_12280_ref_tagalog7_COLOR.wav,a612e3549e5b404ecca32657d2c0ab1ab7166263cdbc70ff375b5d2f21fa1de1
vcm_train_010695.wav,fil50_03084_ref_tagalog11_ALARM.wav,4721d4cdfd8bc2f825397bf5fac575ee62281e2169ad0bc5f0434a61b141ab36
vcm_train_010696.wav,fil50_13885_ref_tagalog9_ALARM.wav,67db9090429bd8dd2037e9b4502c3a69c98ef7c142167028661e9d5bc330dd0f
vcm_train_010697.wav,fil50_08895_ref_tagalog3_TIMER.wav,4b413fa77e96c1319b21c2a3ae71552f14f7b4dd0993ef1ca8b4799962d88b35
vcm_train_010700.wav,fil50_04788_ref_tagalog13_CREATE_REMINDER.wav,45a461284e27c315372613814ccb9cf3b697420f9a50e18a2ec69a5764e830c0
vcm_train_010701.wav,fil50_09733_ref_tagalog4_WEATHER.wav,675ecd3f58dbd4ac1c2ecbcce9cac21a914e6faada428f7b56084a2b3d46c2d5
vcm_train_010703.wav,fil50_05608_ref_tagalog14_WEATHER.wav,e8dddce2db0c624ea58a0d0ee061dab44290dcfce90b7d4b8336b3c0b8f306f5
vcm_train_010705.wav,fil50_07190_ref_tagalog16_COLOR.wav,9988a401615788e71bbc19d5efd346867df841857b783436228b8f2e9565516e
vcm_train_010706.wav,fil50_03923_ref_tagalog12_BRIGHTNESS.wav,f28358fe466b040f3b7f338d498d6705eaecc93ac2003ba07cb75d343e6a53c4
vcm_train_010707.wav,fil50_00613_ref_ilonggo1_TEMPERATURE.wav,86d1b7e9c70c62bc9e06f45c1047f9fc9a8571a5173a4b0a018d333625dda5cd
vcm_train_010708.wav,fil50_11420_ref_tagalog6_TIMER.wav,f430b3c6c3733e09138fd9454923f68ad6bf1117d90a1449b9f79a5728af1aa5
vcm_train_010709.wav,fil50_10604_ref_tagalog5_COLOR.wav,4a9697df76202425e1e51462aec5f8878589fc1d4881e89ac2e6d574f489452c
vcm_train_010711.wav,fil50_12281_ref_tagalog7_CREATE_REMINDER.wav,a7ff0f9962ca9085cecd2e89094c946acfe42ab9e002478b9432186cfe210a92
vcm_train_010713.wav,fil50_13887_ref_tagalog9_NEXT.wav,e645c6efae392c2724e44bf81f91534bb6252bf28f7605f77e69311f4d22201e
vcm_train_010716.wav,fil50_08003_ref_tagalog2_TIMER.wav,3dfb57037d4f7b70b85175b98a033d412db8124773abdbddff4faa384a4eb2e8
vcm_train_010717.wav,fil50_04790_ref_tagalog13_COLOR.wav,0cb3b444abce40db270325ab74292b289bcac8a6917a4530c1444ebcbfb5a8fb
vcm_train_010720.wav,fil50_05609_ref_tagalog14_ALARM.wav,05fbaacb21863f4519d27a47112725a062add02d888c1ef0dfd778c62a60f9c2
vcm_train_010721.wav,fil50_06482_ref_tagalog15_COLOR.wav,4467aef17a9b28a991e2423a2be99f343b459c9c9f4989c97106fef7ebf655a1
vcm_train_010722.wav,fil50_07192_ref_tagalog16_LIST_REMINDERS.wav,999c878b931734174696c1c01cddbc54b347a2355e49ff999292ae3abdc81791
vcm_train_010725.wav,fil50_11422_ref_tagalog6_ALARM.wav,87dba6c6d02d65229fdd66bd94960c0e4eae2fbb12d4810c833b67862b898dfd
vcm_train_010728.wav,fil50_12283_ref_tagalog7_TEMPERATURE.wav,bc39c919f6ea44dd7f1796c34c342e12c027969b35054a9fbeef921f49d97303
vcm_train_010729.wav,fil50_03086_ref_tagalog11_TIME.wav,7650ab542aae452627ea8471eae28afd9e18a1935be311f24b69e8dda303120e
vcm_train_010730.wav,fil50_13888_ref_tagalog9_COLOR.wav,85968f0aec18f336c679175eb4e223aa100976d98de2dfe234aef2fb5717985f
vcm_train_010732.wav,fil50_01455_ref_tagalog1_TEMPERATURE.wav,3bd3030667b34774f51975abea9b2d1828278a8269991370d04eb29c2afea40f
vcm_train_010733.wav,fil50_08004_ref_tagalog2_TIMER.wav,8d014af393e4d551bac085d9edb374cd394eec1e2e1e3d10634ec1f76951874c
vcm_train_010736.wav,fil50_13093_ref_tagalog8_CREATE_REMINDER.wav,ce080ca9edb0b495543f506ec67c91bd138f9bde0455d55ac471d9302a365ae6
vcm_train_010737.wav,fil50_05611_ref_tagalog14_PLAY_MUSIC.wav,b557d1ef76e174df19b1e979e5921a7cfa5a06f4405c050ee569d3d5cdc2a9ee
vcm_train_010741.wav,fil50_00614_ref_ilonggo1_ALARM.wav,9b58ad108a26b442be6e00f89e58fdf71ff3df56196493ba5b5e09cac7ce5ff0
vcm_train_010742.wav,fil50_11424_ref_tagalog6_LIGHT_OFF.wav,d055dcd2af87085065f280a3661d574f1e5d36bab078770be90bb17f9c88a9e3
vcm_train_010744.wav,fil50_02278_ref_tagalog10_CREATE_REMINDER.wav,08f9bc7823f12de513b6904fff58f5561d80766cfe0eab1946eb9b13b75aaa6b
vcm_train_010746.wav,fil50_03087_ref_tagalog11_COLOR.wav,84874b32240aabcadd444c3000766da0b86428388b3ef7f6bcc4274de6e00709
vcm_train_010747.wav,fil50_13889_ref_tagalog9_TIMER.wav,88e14d7f34c21e8b230c7f254a8d980be4755dfa6a8dcf23f16054c387d2cb15
vcm_train_010749.wav,fil50_01456_ref_tagalog1_TEMPERATURE.wav,7557042e74dddb5fb462a2fc212e40581bda1efe737d121b936fcd70c09b60b1
vcm_train_010751.wav,fil50_04791_ref_tagalog13_TIMER.wav,43c064e33e2d408db76e73218e3a56b5a6f650c4eb0b41a0f64e5cf8fd28a2bc
vcm_train_010752.wav,fil50_09734_ref_tagalog4_TEMPERATURE.wav,51f8c2bbc2951e34d7257c9d74788bd4c27f13199b30b838510e469bed414f37
vcm_train_010758.wav,fil50_00615_ref_ilonggo1_COLOR.wav,c5b5a9fb3e0567f5ef5a5f8d677ef86d9872ef009434c0432efadd0106c44a4e
vcm_train_010759.wav,fil50_11426_ref_tagalog6_MESSAGE.wav,653de6226f3709010feb3fb90af648256467a9031217670833767b41bc920a04
vcm_train_010763.wav,fil50_03089_ref_tagalog11_TIMER.wav,97b1170557c0be34bf02498bf40f34c1a54d5e01913ba96759020787ef8c3026
vcm_train_010766.wav,fil50_01457_ref_tagalog1_COLOR.wav,25c280f3a0bb07cd9321441b996a9bc5ed6fbfd02bb13948da1dbf9025d9132e
vcm_train_010767.wav,fil50_08006_ref_tagalog2_TEMPERATURE.wav,84ae372663c5e09b7797e4159b84c849df414860f5f052ac1fc391c2a6379027
vcm_train_010768.wav,fil50_04792_ref_tagalog13_ALARM.wav,9fa6b56fe4eb728722a0b5f06f468c24d8db56321c6f63f0d62d9ffca77ff612
vcm_train_010769.wav,fil50_09736_ref_tagalog4_PLAY_MUSIC.wav,a4612bc41f2f9320efff7ccb8ac0b16455fecfef5bb215b4093c850cbed5abe2
vcm_train_010770.wav,fil50_13094_ref_tagalog8_TIME.wav,571add01fcd70e7e882eff7a198028b021cccbeed3ba1c6f03ee437bfed93e16
vcm_train_010771.wav,fil50_05612_ref_tagalog14_VOLUME_UP.wav,f5cbc26211b57879552684644e699960053f97461cd9e4a8e2eae25ae1eb98f0
vcm_train_010772.wav,fil50_06483_ref_tagalog15_NEXT.wav,510c4a39dce8ccde8a5f8d304f09e6867fc5eede9119e7b0049a29801b5f03bb
vcm_train_010773.wav,fil50_07194_ref_tagalog16_CREATE_REMINDER.wav,ce8e906247a178206fb2a14d1d9d8064e173344d496564599650a84e4ca575c8
vcm_train_010777.wav,fil50_10605_ref_tagalog5_LIGHT_ON.wav,3116e5d913b76bd49f51dcd177307aee977ba0cb642d912e6fe06cdad8ef23ba
vcm_train_010778.wav,fil50_02279_ref_tagalog10_ALARM.wav,ad4053206addbbfd326151cfd2c0a2d8bc569164761bca6ccf589f8a2fb81614
vcm_train_010781.wav,,257b48319f6f1bca07be67849e85fb5181f990d8340dc34bd9857cb5b0276148
vcm_train_010782.wav,vcm_train_010782.wav,909aefdfee0eb7dab2c58e867b315446303965a0f1ae4ea0648f5f3e4d2696cb
vcm_train_010783.wav,fil50_01459_ref_tagalog1_TEMPERATURE.wav,05579d4c6082ee809d8fc0f11dbab4d818f9960d3308d2a9b2ce272b65439fe8
vcm_train_010784.wav,fil50_08008_ref_tagalog2_CREATE_REMINDER.wav,519a0fd7b5061b7f6bbdb263bf289d07b476ff87ebaad31937ab16dda794bd3a
vcm_train_010787.wav,fil50_13095_ref_tagalog8_BRIGHTNESS.wav,683454ea72ca947ad5f3055545d488c6e0b638e54f030c7a6d5d9aa079b8c711
vcm_train_010788.wav,fil50_05613_ref_tagalog14_STOP.wav,b871e848472207d6e7e673093ebd4a785662ec0cf21036a1ca44c23691fca549
vcm_train_010789.wav,fil50_06484_ref_tagalog15_VOLUME_DOWN.wav,10dc4c4c89528d9b6e0093fca98a8658cec453d0986f4e7c6d91ed441fb4ad3f
vcm_train_010792.wav,fil50_00617_ref_ilonggo1_NEXT.wav,dd3035d824ce4910f352fa3ff4259a7cd739634d1c5d8ac3b4941f373addc265
vcm_train_010793.wav,fil50_11427_ref_tagalog6_COLOR.wav,61decb37f62a9f404be0ac71773c2bdce6efa9a220664ac9f83c2eaf3e52ee04
vcm_train_010794.wav,fil50_10607_ref_tagalog5_ALARM.wav,421604dda17ec83ad5044a8ef3bbc86a2322b0bd701d1454e0dea7cdd403331c
vcm_train_010795.wav,fil50_02281_ref_tagalog10_COLOR.wav,55e408aca2bf67ede8560a8f5c91427b604c4b68e098ceb84dfb84b953d007c8
vcm_train_010798.wav,fil50_13891_ref_tagalog9_TIMER.wav,6efddc7c82e3a9d97b6bac31767cabbe30ebd358b70101a5ec0eae6479ac4c99
vcm_train_010801.wav,fil50_08010_ref_tagalog2_TIMER.wav,e65f74d38b1d967e96e95fb4305b8d490cf77fd39aae7f8e5cd9e36c04bc16e5
vcm_train_010803.wav,fil50_09737_ref_tagalog4_STOP.wav,9421beb1c386b522e485464dd8b7267eaedd25793aae04401c3e10f1f6a6fda0
vcm_train_010804.wav,fil50_13096_ref_tagalog8_TIMER.wav,2a344d903ceb554b930ba8a5bbb2820a5208c6cc4239576fd2bb202ae9bc10d6
vcm_train_010805.wav,fil50_05615_ref_tagalog14_STOP.wav,9767450927ae658a4373f4e1abcbd2e6f1f023507e941b58f9b8fde1af4a9bfe
vcm_train_010806.wav,fil50_06486_ref_tagalog15_VOLUME_UP.wav,c8bf18bd0025dce49fbaf91d58f816269bb9c8333142e6aa6b4a8b27219bf4f9
vcm_train_010808.wav,fil50_03925_ref_tagalog12_LIGHT_ON.wav,5f8b2064bfb7a60972267b7524f498f7ad45f081fa9f0c0a71720e00f95c71ff
vcm_train_010812.wav,,e03bbc26dbdebfa2f389c45d7e145a820be2f42b7d23a4f89d0a3d46642fd8d6
vcm_train_010814.wav,fil50_03090_ref_tagalog11_BRIGHTNESS.wav,a1e9d553e1bca83f9a9662dcfad811c93defcd7dbc2eebf050dfaf1a1e882fa9
vcm_train_010817.wav,fil50_01460_ref_tagalog1_TIMER.wav,90489a00525dc200d2f80a47e97c783583e3645d332738888e2abbb37198896a
vcm_train_010819.wav,fil50_04793_ref_tagalog13_ALARM.wav,e89bf399ec07166fde1fe289beb6662d9545ee08ed0fdded2322e3555ef75e62
vcm_train_010820.wav,fil50_09738_ref_tagalog4_CREATE_REMINDER.wav,f3a12264553bc4ea5056e5736339c22bc846727c4687c1d194197104472ccd07
vcm_train_010821.wav,fil50_13097_ref_tagalog8_PLAY_MUSIC.wav,3a5d4d9cb4766641baa580516279164e949e3c2d821d60274cc1fc6d1b222892
vcm_train_010823.wav,fil50_06487_ref_tagalog15_NEXT.wav,314cfd0c50d3a2eb71dd9473d556538a63c336b6e473c2bed3a8a31cff22150c
vcm_train_010825.wav,fil50_03926_ref_tagalog12_LIGHT_ON.wav,719cfa99ee8715328bce14698dcd00a10195211f5b9b60606a9fbc42091ebdef
vcm_train_010826.wav,fil50_00619_ref_ilonggo1_CREATE_REMINDER.wav,f753c1499b723bce285b60a4b4eb9a584390a32ec7fc690a4fbfcf41c0182992
vcm_train_010827.wav,fil50_11428_ref_tagalog6_ALARM.wav,61fd6c30b98da2c0656d850ab0bc09f65f03d558d0448e9bde558368c85bbedf
vcm_train_010828.wav,fil50_10608_ref_tagalog5_STOP.wav,b59d4dd5cdce9cbff16dc55077525b46f818fc1331d6c104ad02157111bf1898
vcm_train_010831.wav,fil50_03092_ref_tagalog11_LIGHT_ON.wav,32c6e127d16ad5b64903b3af68a764b3f6d01948027eb359b6cb4b85633c4bff
vcm_train_010833.wav,fil50_08896_ref_tagalog3_BRIGHTNESS.wav,532ad7f580eb200660e364fd2135037c7abcfce6689ed9fca1082f7dcff7ec2b
vcm_train_010842.wav,fil50_03928_ref_tagalog12_PLAY_MUSIC.wav,a01c1092f26f4234e663be4852294f11efa48f85daa88b053a11c577e5a7cf23
vcm_train_010843.wav,fil50_00621_ref_ilonggo1_VOLUME_UP.wav,5b11609ffb235faa8f78a3c0e6f819994856d7b5d9c232f5068cdec30964da96
vcm_train_010845.wav,fil50_10610_ref_tagalog5_NEXT.wav,f9717ae5905a223060fa0ca6f15b85c497c72f68d003d479191cb045a4451add
vcm_train_010846.wav,fil50_02282_ref_tagalog10_ALARM.wav,ce34501c9bef514093a6e256423e7bd47d55474e6bcdcc06a925fa1b135c1850
vcm_train_010848.wav,fil50_03094_ref_tagalog11_WEATHER.wav,e855bf39723f702a1d4bb9f6b9ab1765f230e86de6df84bc098b89358bb6535e
vcm_train_010849.wav,fil50_13892_ref_tagalog9_PLAY_MUSIC.wav,ec778b66eb0d4d88380d215686d4227b8db18ee0bd3d0512bd948985d9cc8132
vcm_train_010850.wav,fil50_08898_ref_tagalog3_COLOR.wav,e274ed106900edf75fdeb9e93f5ca3950d8832415e7e77b13e758bbe802dcd51
vcm_train_010852.wav,fil50_08012_ref_tagalog2_VOLUME_UP.wav,8a70dc956b60f8060b1b273af2750b6fb2a766f62787d28661a583ab65a3eef7
vcm_train_010853.wav,fil50_04795_ref_tagalog13_NEXT.wav,c1e95ba74fe94d60f4597028fc3f029306a2ab615f36fb460d0ed404f7fe26db
vcm_train_010854.wav,fil50_09739_ref_tagalog4_COLOR.wav,0e3f6b94e25ff1b93d0e5f025f63f92f80381cbe182bcb8fc27ec6c90a06d833
vcm_train_010860.wav,fil50_00623_ref_ilonggo1_COLOR.wav,93e2c22d6ae02abf9934279d0beb88062d696217f8666d3e40557b788a105a2c
vcm_train_010861.wav,fil50_11429_ref_tagalog6_BRIGHTNESS.wav,e0d3dda422b50db67ed589f5c0c72e3dd5ade547031435f7af88b58d95075e07
vcm_train_010863.wav,fil50_02284_ref_tagalog10_TEMPERATURE.wav,abbb750299cc2d37403d7770da450a92f11d4252cd272a3451ae9e62399a1f2a
vcm_train_010865.wav,fil50_03096_ref_tagalog11_LIGHT_OFF.wav,bf6c09ceecf342005c7763d46be37db554315401bf13f3ab6a9c8b3b3c1490b4
vcm_train_010866.wav,,c43a0b46fb9d90ac9390dc63f4bf8e49f355e16950e8dd44c204730afa20625a
vcm_train_010867.wav,fil50_08899_ref_tagalog3_TIMER.wav,274c35523ae1c57942fac9a5a827d331f1f462ab043735a07fa72bc076d6acc0
vcm_train_010869.wav,fil50_08013_ref_tagalog2_LIST_REMINDERS.wav,b061a1818016e2d7a8cd68393d86cd6ce9ccce0740c4bf0707d88b0d6fd995e0
vcm_train_010871.wav,fil50_09741_ref_tagalog4_VOLUME_UP.wav,6348a7acc0fd7d0aeba4e43d2379fd78b9c42889e4d33c95cdfe75c5a26d9e2a
vcm_train_010872.wav,fil50_13099_ref_tagalog8_WEATHER.wav,ad5e22484f7a57a6d30a3b6e529ccafc922c3926f0a1f0b38344e166084a6d3b
vcm_train_010873.wav,fil50_05617_ref_tagalog14_LIGHT_OFF.wav,6cb716dd52309e1191835a85c6fb68210992a36d740d2de5f3bbd33a1d3bbf05
vcm_train_010874.wav,fil50_06489_ref_tagalog15_STOP.wav,a4a99bb618f1bfed372e0ddc8b49f719563980d37743a7c30aad771a2b3ff1ff
vcm_train_010875.wav,fil50_07196_ref_tagalog16_TEMPERATURE.wav,a3a76afb258c77b427ab49f5da23717e76b2118ca6f04c06453370d9ceaf86a0
vcm_train_010877.wav,fil50_00625_ref_ilonggo1_NEXT.wav,947ef274245e3c3a3bd2dad7f0317e3313a5988685874493007539c6eebed3b7
vcm_train_010878.wav,fil50_11431_ref_tagalog6_ALARM.wav,22bbef10029af98e5974622ee797ab71f6e6cb66181c1e416c7190d82fc03308
vcm_train_010879.wav,fil50_10611_ref_tagalog5_ALARM.wav,cac75286dcc222506a162de9d01a6179b256276027a70bd20c861d688430aa23
vcm_train_010881.wav,fil50_12285_ref_tagalog7_VOLUME_DOWN.wav,bfd5b6656243e62a9d7d442b3127e67e297de7242630e09313f0d71c4969a87a
vcm_train_010886.wav,fil50_08015_ref_tagalog2_MESSAGE.wav,d3408de424accd1620ce66cd40b47ac31e708d328d07fc64b002a9c1e17f9e96
vcm_train_010887.wav,fil50_04797_ref_tagalog13_COLOR.wav,61ba3edebf57951d995a2898bcb48b8111cefeb65202ba57fdc24ff931293bdd
vcm_train_010888.wav,fil50_09742_ref_tagalog4_VOLUME_DOWN.wav,25da20d199b50480997da896c2f6c3a4d732b599e4720e34b6b04dec0fee45f2
vcm_train_010889.wav,fil50_13101_ref_tagalog8_BRIGHTNESS.wav,a76a7a9d830aed093aeea71b0ea1ab82b6d899ff3e8131fae517bf49677a4873
vcm_train_010894.wav,fil50_00627_ref_ilonggo1_CALL.wav,fdb23a7f33ec9050a1e2efa9c0cb317bc204d519b3c1f0ec57e843598e7b58ff
vcm_train_010897.wav,fil50_02286_ref_tagalog10_COLOR.wav,81a6b812ec4a02cf53342ad339c377ed05f1e384afba0bca674d61100619056e
vcm_train_010898.wav,fil50_12287_ref_tagalog7_TEMPERATURE.wav,0e65fe78ce2cc01d6f2eb5b748fd720fe5bca384e7e1c68942b0ab73bcb0be46
vcm_train_010903.wav,fil50_08016_ref_tagalog2_ALARM.wav,f89e5f0597d3f0bf71232656d1ba5b45021afe2c9853d28ef9486d526aa032d3
vcm_train_010904.wav,fil50_04798_ref_tagalog13_TIME.wav,1679f0d4944c9df74a3f48ca6ca7d74ca9c5c45b4850f226588800ead43b7f78
vcm_train_010905.wav,fil50_09743_ref_tagalog4_LIGHT_ON.wav,f6dccd205b46aa5adbc25522f21149f93fb729e297ff42cb3017be9e6c5bc60e
vcm_train_010906.wav,fil50_13103_ref_tagalog8_NEXT.wav,cdf939322bbf45c5dcb3a3f9a4df0a2682332b78146beaf0d384c62d4909f335
vcm_train_010907.wav,fil50_05618_ref_tagalog14_ALARM.wav,067c16f8a960ca01f85a436291086e92ee3e28499037fb16cb7d760c95fb4c10
vcm_train_010911.wav,fil50_00628_ref_ilonggo1_TEMPERATURE.wav,597639b15877787d698fb524876aea89b4b5b1d6abef8db3b43d4fd8523a1d6b
vcm_train_010912.wav,fil50_11432_ref_tagalog6_VOLUME_UP.wav,6bf39aad4fc71b3e05c14ea0a23762859d9c411d25a2e774fd1176677006e436
vcm_train_010914.wav,fil50_02288_ref_tagalog10_CALL.wav,bf71a49c5df62dc7d5ed2ccdd2adb8ff55331d7373ff4b5ddec596c77074cf55
vcm_train_010915.wav,fil50_12289_ref_tagalog7_CREATE_REMINDER.wav,a840db61d9f64b36c037e936e5ab13c55938594a49d5108f0cd4119681d666fe
vcm_train_010916.wav,fil50_03097_ref_tagalog11_COLOR.wav,15da9a8229b7990877e5311293a6be267a4abf5b63d29851f187ee748cf206c2
vcm_train_010917.wav,fil50_13894_ref_tagalog9_BRIGHTNESS.wav,4225bd35b9cc48256d1591d20850d27c95e3a48e7ff385f11ca4072af79f5f67
vcm_train_010919.wav,fil50_01462_ref_tagalog1_COLOR.wav,7f9f31a8cbf95cc64a23f16273ef9919938624441e4b8ecac10bbe0bbc73e539
vcm_train_010920.wav,fil50_08018_ref_tagalog2_NEXT.wav,ddbdb099bf8c227187341ec7f20abaaaed3bfecafcd74ce280155176820dfd6a
vcm_train_010921.wav,fil50_04800_ref_tagalog13_TEMPERATURE.wav,5de9990f42c57afe50a4c6dab7776bed16b0c393e8200c326a86142528eb240b
vcm_train_010922.wav,fil50_09744_ref_tagalog4_ALARM.wav,7b614a047a32a60daa00be99265c333499b6f9101a4c09c4f30514a939f5c498
vcm_train_010923.wav,fil50_13104_ref_tagalog8_VOLUME_DOWN.wav,dd34817a09124074801a2cb294f4c4f3a3e6b1771ea69204043dde7da772f97e
vcm_train_010924.wav,fil50_05619_ref_tagalog14_CREATE_REMINDER.wav,7960d300ba1b3b0158958e9a011e461500efdc64c0cbc62ef856d23233738272
vcm_train_010930.wav,fil50_10612_ref_tagalog5_BRIGHTNESS.wav,3eed88ec65d5fd851686a14a289ac94a490f667922b79324b3d6db373c2fcf3b
vcm_train_010932.wav,fil50_12291_ref_tagalog7_COLOR.wav,2b5f9ba7c06d1b1edc851c2b7a11506921ca1d97fb19d3af7d65c1befa175cdc
vcm_train_010934.wav,fil50_13896_ref_tagalog9_NEXT.wav,a90f76e43925381ff9f77facbeabb737f7b319e8c6ad232428f4edcee47fe149
vcm_train_010937.wav,fil50_08020_ref_tagalog2_VOLUME_DOWN.wav,a7fb5122e3ece9397eae111b5d33e31b747f9db43b9420236468bfdfdf1b0606
vcm_train_010938.wav,fil50_04802_ref_tagalog13_CREATE_REMINDER.wav,5575897e7595df1cc5e844d7d3e1c7ce2da10861e11512a660740068f4652fdf
vcm_train_010941.wav,,b8e2582da6461841a6e24da00af6b4b7688fe9889a8d67763ea43e4de5c2891e
vcm_train_010944.wav,fil50_03929_ref_tagalog12_COLOR.wav,c4059cbc3e08203867e20c0b049d0799344e2e3d42f8579fa2c8c71648e35657
vcm_train_010946.wav,fil50_11434_ref_tagalog6_ALARM.wav,2fa06c3aee3edff9d6b6f82f0e3627f91eb7548c4b275895443da2267ca5e5b5
vcm_train_010947.wav,fil50_10613_ref_tagalog5_TEMPERATURE.wav,70eaa97daab34d659ac08c5311d1ba639a92a541b4ccd2669d9e757a148e064a
vcm_train_010948.wav,fil50_02290_ref_tagalog10_WEATHER.wav,8334c2ac5ae3c1619cdcfa22865bbd0b8da43b7ea5b145552552ef3e4e338868
vcm_train_010949.wav,fil50_12292_ref_tagalog7_BRIGHTNESS.wav,c2e76e2dfa82d34adcebedbb0233d15bf757d37338bd13d2597228e4efa6d6bf
vcm_train_010950.wav,fil50_03099_ref_tagalog11_BRIGHTNESS.wav,546acf47045e0005f1c69e65d1bc17fd72d68a7d6316abc5f5e4c50cab0c8ff9
vcm_train_010951.wav,fil50_13897_ref_tagalog9_TEMPERATURE.wav,a8d61363282d669b4f41c0b056ee2bb5fb653af85b5059456d3c5f6160c1e711
vcm_train_010953.wav,fil50_01463_ref_tagalog1_TIMER.wav,959bcec4e4f6ab6543e436c115ec3ce90c548a6aad45fd85e26aa05cdcda847e
vcm_train_010955.wav,fil50_04804_ref_tagalog13_STOP.wav,a84d49fe136e250db6b8d47c4cd79c661abaa9b2cca020d0eff0a336441fc7fe
vcm_train_010956.wav,fil50_09745_ref_tagalog4_TEMPERATURE.wav,0a1c4c69e56f301ac0178bcab1d876c07542c7616ec6fe0059646d1957694ebc
vcm_train_010957.wav,fil50_13105_ref_tagalog8_ALARM.wav,d4fe0c8fa949d18198c5dabc6ca9befdf51327e49b0c410f860b3e4b9a39cd47
vcm_train_010959.wav,fil50_06490_ref_tagalog15_STOP.wav,48ea9bae2280ad2933c66c58ac855c155c79a999262d73ea03a73e5885844f13
vcm_train_010961.wav,fil50_03930_ref_tagalog12_CREATE_REMINDER.wav,ea3f8224f0d980a8b1dbdd4b3313c3050332012ae12a231450e283c9bcd0cbea
vcm_train_010963.wav,fil50_11435_ref_tagalog6_BRIGHTNESS.wav,88de885a5c9b3d7bccdac6a28df45621fba2d16a43dc22c45def7db8cdaef8ad
vcm_train_010964.wav,fil50_10614_ref_tagalog5_ALARM.wav,540e43a0c88eaf5a17fc0be58109805dd250cb232bddf5451ecf80e77ac9b3fa
vcm_train_010965.wav,fil50_02292_ref_tagalog10_ALARM.wav,cf4b427daae67c724cd744ba1d7e2ed1d57f371d76d716a572bb2e8d73588b69
vcm_train_010966.wav,fil50_12293_ref_tagalog7_LIGHT_ON.wav,17bb00c98278d6a79366bfc3b56d4082f6565cc14924387dde4cc3e31ed3b097
vcm_train_010967.wav,fil50_03101_ref_tagalog11_NEXT.wav,f16678b9804c38b0e7153b91795471e3675d7d716bed66507a28cce46716af50
vcm_train_010968.wav,fil50_13899_ref_tagalog9_COLOR.wav,65aa54d717587e57ab684b391ddb20a3ee13ea8255c9af6809f05469ca8326a8
vcm_train_010970.wav,fil50_01465_ref_tagalog1_MESSAGE.wav,1d920e0647946a7d8a256ff7a145c71354acdd5b8f77f7640a340c2a6531dd7d
vcm_train_010971.wav,fil50_08021_ref_tagalog2_BRIGHTNESS.wav,7671bba633d116835605dd3cc1388214665c59e3bd7ec499bd71c5fa337cf4e3
vcm_train_010972.wav,fil50_04805_ref_tagalog13_VOLUME_UP.wav,2e9d353e405217cfcc6e66fd57984f3f3487c88e3599bf8082d31bfeb324a6b0
vcm_train_010975.wav,fil50_05620_ref_tagalog14_ALARM.wav,0cd64d5d19a7edfcf30ca7b0fcb4e6063277e67fdb759e513c9bf2264bd9618a
vcm_train_010976.wav,fil50_06491_ref_tagalog15_COLOR.wav,aad2053f233dda2698c9aab3451d55e4aa54c12e997397dc3a61d9f7a1c5b20a
vcm_train_010977.wav,fil50_07198_ref_tagalog16_COLOR.wav,5f5c42dd539e8226bf5d7c0ad8115a52412c7d38dbb556ad65a5dcb6b92a4ce0
vcm_train_010982.wav,fil50_02294_ref_tagalog10_LIGHT_OFF.wav,a5a4dec1533bae2eb082ceefbc2be534487955256203f579bbe0675dc8c44c82
vcm_train_010987.wav,fil50_01466_ref_tagalog1_PLAY_MUSIC.wav,8bf1f9ea7f41ee6979053a8ac59a885cb5b84cd39d095f092015c81bd5413b52
vcm_train_010988.wav,fil50_08022_ref_tagalog2_CREATE_REMINDER.wav,b3edf70252afccae0ee28bdcf845767c4cddd66ecf398baac0fc8cfb8a6c17b7
vcm_train_010989.wav,fil50_04806_ref_tagalog13_TIMER.wav,d8564b0a517b067dc4172dff09355076dda9d12d2abefd8592bf876c5ead5461
vcm_train_010991.wav,fil50_13107_ref_tagalog8_VOLUME_DOWN.wav,a3c5e65c71553019981defdec9c1060f4f486068ee27a32303662d4c2e6ab2b1
vcm_train_010993.wav,fil50_06492_ref_tagalog15_TIMER.wav,bc5b7d9496b4548ca95917f2317ae1e662abb3399c41c885d93d20c9b5c8e50d
vcm_train_010994.wav,fil50_07200_ref_tagalog16_ALARM.wav,2dcfe83e0fd266de11f6524a76c5040f27cca48eaf1290096d611b4f6cbf1612
vcm_train_010995.wav,fil50_03932_ref_tagalog12_LIST_REMINDERS.wav,934595940e5c51ca749df551b5c4b7c2b3616cbf7683fa53dad405dcd97b7d8b
vcm_train_010999.wav,fil50_02295_ref_tagalog10_LIST_REMINDERS.wav,13f3c671a6c5d650d294d5f6d3b90a0b627377bf686ac785aa5ad9838260f6fd
vcm_train_011001.wav,fil50_03102_ref_tagalog11_NEXT.wav,ab1eb576e6f3e6789baab1f5e6e140b4250262d8eb9b8239c12b1a8afc57b867
vcm_train_011002.wav,fil50_13900_ref_tagalog9_PLAY_MUSIC.wav,885eddc536e80748128c07442423fa0156cd7f048212d31d364464ab76699aff
vcm_train_011003.wav,fil50_08900_ref_tagalog3_ALARM.wav,64ed35c5a95f2eebb603eaeb50b5e27c04f160880fd2000a49c4bf92c61a96da
vcm_train_011005.wav,fil50_08023_ref_tagalog2_COLOR.wav,afa08733429e547d271240ccf84bca5caf95d09a17de65683b338bb42fda5836
vcm_train_011007.wav,fil50_09746_ref_tagalog4_CREATE_REMINDER.wav,e2dc3724c463f6c9961a4afe746a6bcd05e14aa699bb39891c83b05be1acabb7
vcm_train_011010.wav,fil50_06494_ref_tagalog15_BRIGHTNESS.wav,d737190abee1207ffd3d2d0d8629ea46723bfaf6b550155fbebc9101b04735cb
vcm_train_011012.wav,fil50_03933_ref_tagalog12_LIST_REMINDERS.wav,047dbf977c288775026649cecc0f669831c12a2cb8c892b68e606a1b29ea5598
vcm_train_011014.wav,fil50_11436_ref_tagalog6_MESSAGE.wav,fa8415de142f9b0ca1826c5e1e05e8b49a777793bebda6a7c92ff0457d6565e4
vcm_train_011016.wav,fil50_02297_ref_tagalog10_TEMPERATURE.wav,191854a9a29cc67f255c7c24ebd63daf1db5cbb4a1fd1cc098f803e11ff0436e
vcm_train_011018.wav,fil50_03103_ref_tagalog11_VOLUME_DOWN.wav,e581250221a826af20ec081087aa18c9d94cddf591714d5988039bdaabd6e15d
vcm_train_011019.wav,fil50_13902_ref_tagalog9_TIMER.wav,697851d35f2c19d7b596cad74082c2bd8715349fceb05f38678ab559413dba06
vcm_train_011020.wav,fil50_08901_ref_tagalog3_VOLUME_UP.wav,4b76fb28f9aea0fd159323aae9078b788b8343f359c1aacdcee0020d64e1eb7e
vcm_train_011021.wav,fil50_01467_ref_tagalog1_ALARM.wav,2270b474c33e97311756529608326dc43fee790763791c8d04a7e205863cbde9
vcm_train_011022.wav,fil50_08024_ref_tagalog2_TEMPERATURE.wav,077c7c2b7f95fba218a638f8cb820d4677ef3fd35404ddad07ef09cc07f3d594
vcm_train_011025.wav,fil50_13109_ref_tagalog8_TEMPERATURE.wav,122d07b53791c56e372c3f5b08dbcc5322c53c0eacdd137e040f8be27f6d0e77
vcm_train_011026.wav,fil50_05621_ref_tagalog14_COLOR.wav,440592b25345782bbb08d41d7a1def5dc08835c189525eaea82b56c25e670f84
vcm_train_011028.wav,fil50_07202_ref_tagalog16_LIST_REMINDERS.wav,63d0ea321cf348641a6bf46e87f588e31b4880bc13196485222a3d580c69f71a
vcm_train_011029.wav,fil50_03934_ref_tagalog12_LIST_REMINDERS.wav,2ef5834d72ea32ae4ed1eb8e8887b8f929b164dcca5579448aebebbec9bcd23e
vcm_train_011030.wav,fil50_00629_ref_ilonggo1_PAUSE.wav,ecd9259b00cc427d3ec4d013507ffbc88f81030021b56c521bc8d9f6f179924a
vcm_train_011031.wav,fil50_11437_ref_tagalog6_PLAY_MUSIC.wav,fe303c7e3722163b8e27147e636dbafeefbd4e73694b0311ddadfd5ee3a5fbac
vcm_train_011032.wav,fil50_10615_ref_tagalog5_ALARM.wav,170486bab9e2df6a8541c933676c7f2a51cf0c3c7fbe86c2b73639b81740dffb
vcm_train_011033.wav,fil50_02298_ref_tagalog10_TEMPERATURE.wav,aec344a30d620e0b55b31358f230e9922e5a0e1e24e9101d7c0a9c341c387c3b
vcm_train_011034.wav,fil50_12295_ref_tagalog7_TIME.wav,e5c6f0cdf5e1b1219e5382518d569aa696169a93873470e805f1037c5ce4c947
vcm_train_011035.wav,fil50_03104_ref_tagalog11_NEXT.wav,198df0aaa7e1376802717e6089547efcc836bf8532314cda0be19fe82d0da0aa
vcm_train_011036.wav,fil50_13903_ref_tagalog9_BRIGHTNESS.wav,cc0b59837b29c2ccdd8caaf457cd3f3b1f30169c560ae6a94f88e0629b30e149
vcm_train_011039.wav,fil50_08025_ref_tagalog2_TIMER.wav,3baae798b3bedd43e269685d5c2e756eddba8ed64f6911394c192fcc5b887b3a
vcm_train_011040.wav,fil50_04807_ref_tagalog13_BRIGHTNESS.wav,95be55580b03404858a2d42b9bf4a0304521e055dd48fb81ad893fb90dd664a9
vcm_train_011041.wav,fil50_09747_ref_tagalog4_PLAY_MUSIC.wav,7db5aca5659bea7dff668d37bc62102bc48a160d927ced0d57c5455729a62b78
vcm_train_011043.wav,fil50_05622_ref_tagalog14_VOLUME_DOWN.wav,f35ee4733acae0c6166f40b372df6ae5fe8d29369d2c763f4afa8d21f57815d5
vcm_train_011044.wav,fil50_06495_ref_tagalog15_COLOR.wav,71168afe5c54bc3d01d02f452e66a76f7ba1b1ecdb66fee808aaf39a267f19a8
vcm_train_011045.wav,fil50_07204_ref_tagalog16_ALARM.wav,7578a2ae511ace674e39ba109ba641e77b1dd5005b08d467cf57b15836b662d8
vcm_train_011046.wav,fil50_03935_ref_tagalog12_COLOR.wav,58cd9c7fba3e906b7874b9dbb477bc7e6b86b1f0f4515d178b1e9f6854b76a8b
vcm_train_011049.wav,fil50_10617_ref_tagalog5_BRIGHTNESS.wav,67081e3314666692c1a9c71cd2dfd2ccd5f5e25b2430aa5509ecbdefb4c3e80f
vcm_train_011052.wav,fil50_03105_ref_tagalog11_STOP.wav,6b2bd88efa0f652b1bd7237ccf8d3ea534ff4a1afcd2145172b797d3334d440a
vcm_train_011053.wav,fil50_13905_ref_tagalog9_CREATE_REMINDER.wav,1c4e69e97f27bf81b8e45cb1e2334949f769a86672acd387895aee2a049a4940
vcm_train_011054.wav,fil50_08903_ref_tagalog3_ALARM.wav,d7b78e99d7a381d1e3890c61757a58ddf9e7f68b44a09f76d625f7d313eb4e5e
vcm_train_011055.wav,fil50_01468_ref_tagalog1_NEXT.wav,506a6d28865b2c74738ba74aff954f759c0d65824a0717c62405391062ab38ee
vcm_train_011058.wav,fil50_09748_ref_tagalog4_COLOR.wav,5142cb997df2e21eaabed665050f49401330a5bc622735f272e59da939306d5c
vcm_train_011061.wav,fil50_06497_ref_tagalog15_COLOR.wav,bead9ae00dc1406b37ba089f512dad856938bc890cde812f79b91ae9ce2ec042
vcm_train_011062.wav,fil50_07205_ref_tagalog16_BRIGHTNESS.wav,80575f5bb0b4d7f0411f1d3e70aa6753c4c3efe830bd97d5cf4cbd1bb269630b
vcm_train_011064.wav,fil50_00630_ref_ilonggo1_TIMER.wav,8b42c39de4daec5ffae9fc2f8a0a3db63bad729c163b006da6fed959d5d6b5db
vcm_train_011065.wav,fil50_11438_ref_tagalog6_CREATE_REMINDER.wav,a84267efa56f71aa5ff72affbd2debf6597c27fed1fd9c04831cc37e8b3adcd6
vcm_train_011066.wav,fil50_10618_ref_tagalog5_VOLUME_DOWN.wav,f27807318c47e1bdd1a9faaba5970fe6b6946a51b27c790233f06f13101a60df
vcm_train_011068.wav,fil50_12296_ref_tagalog7_TIMER.wav,7884f1afcd54ca7f50a2e0bb909d58d83f9d3d1bd98efeeb1176bf43424d0bb3
vcm_train_011069.wav,fil50_03106_ref_tagalog11_TEMPERATURE.wav,e3d1a88b4bcab91a771e39a481b8a0c5945039f54170550b892cd521e2c237e2
vcm_train_011072.wav,fil50_01470_ref_tagalog1_NEXT.wav,18e46cc82bb3125d80fe5868ade4900f1f2275c2ddd5342042dea9a3c07cca37
vcm_train_011075.wav,fil50_09750_ref_tagalog4_BRIGHTNESS.wav,bc098b43bda87d16226779f09e16e5f68fdccbada122581b74658dd07123b409
vcm_train_011076.wav,fil50_13110_ref_tagalog8_PAUSE.wav,765ff061dabf9fb82f896e5750b11dbb21b35f91271ec6acf5b9a743d4ee5eef
vcm_train_011077.wav,fil50_05624_ref_tagalog14_NEXT.wav,630d5699a449af3ab356910ec1c87c80fca8252bec1e2f822f73b587e1c43df5
vcm_train_011082.wav,fil50_11440_ref_tagalog6_TEMPERATURE.wav,a22cc6ac0d87298f4fcd02b3b7d3795538ddcacca9b9425197389d741b80951e
vcm_train_011083.wav,fil50_10619_ref_tagalog5_COLOR.wav,c8a54ceffc7f11829cb88d02dcafc0ba6f8afc8b1aacf450e0980e283db03d6e
vcm_train_011089.wav,fil50_01472_ref_tagalog1_PLAY_MUSIC.wav,8515802904acf5ff8ada5dcbf296f9562d8c818af2772a74f4aeec01e3899a91
vcm_train_011090.wav,fil50_08026_ref_tagalog2_BRIGHTNESS.wav,f4ccad7e157273e14c04e987418e4297c12803e47a6b9d88a0dd0844bb087816
vcm_train_011091.wav,fil50_04808_ref_tagalog13_TIMER.wav,063d49ef1a988f912093ce7de004a74e8d5cf63c1d469f64127f52857e3c4d16
vcm_train_011093.wav,fil50_13112_ref_tagalog8_ALARM.wav,fbb2413981a3bf69a4475879543b2068dcf8764bc0096915291288ea750f9bc7
vcm_train_011096.wav,fil50_07207_ref_tagalog16_NEXT.wav,a3c909dcffba3d6ffeb96de9b5d34567a76d0fcf1d88adc7535827674fe9bf33
vcm_train_011097.wav,fil50_03936_ref_tagalog12_NEXT.wav,d8d6d7a0e735869c0e6822a8fc329943c69878d0846e8dfebacfb71e90ec8bfa
vcm_train_011099.wav,,6db63b4f4c9a57b9b99bbab5117ebb4a1eef46c2b7ca9f6f7ea7c1844fbd5cde
vcm_train_011100.wav,fil50_10621_ref_tagalog5_CREATE_REMINDER.wav,3826c5fc846680ba1892640ae92adb600147688949091c3d28eead7c5572c2fd
vcm_train_011101.wav,fil50_02300_ref_tagalog10_NEXT.wav,354657ef75e590bb58113d39ab66f955df0347e59b740ac99c0cce6a4980c44d
vcm_train_011102.wav,fil50_12298_ref_tagalog7_WEATHER.wav,2c512e8eb927c8a965930d08b597666acd4d90af326a50bf296e8e1ee4c347d4
vcm_train_011103.wav,fil50_03108_ref_tagalog11_TIMER.wav,610676e0b451fc855770ce26677d0798fc215994883aaa73ad3a9568bbe4f0bc
vcm_train_011104.wav,fil50_13907_ref_tagalog9_BRIGHTNESS.wav,2d1a37e68151e98cce5c60632df92a26d23db61cbb339ce4a511132bf8c58325
vcm_train_011105.wav,fil50_08905_ref_tagalog3_NEXT.wav,10728acadf57c746d70f848bfd14b7e8d412e709b3eab619cf0f4dda8889a842
vcm_train_011107.wav,fil50_08028_ref_tagalog2_TEMPERATURE.wav,877874d817dfd9418e4989aa98a443a02bf39159a9baf86a48f989e9ad970d28
vcm_train_011109.wav,fil50_09752_ref_tagalog4_BRIGHTNESS.wav,9eeea7786d786e708f6d0b26383ce4298e3a855985fd68e77c58eca6083f05f0
vcm_train_011110.wav,fil50_13113_ref_tagalog8_TIMER.wav,cb832a14376b1507a54d2d4e876ef40d53569de15a4b1330d87e6992b1f2b4e6
vcm_train_011111.wav,fil50_05625_ref_tagalog14_TEMPERATURE.wav,e47095f84b668cebd9e4775209a360d01cfadc390c09d86e25ca39cb0b5a1b71
vcm_train_011114.wav,fil50_03937_ref_tagalog12_COLOR.wav,a68e40a3bbf4edceee2cdacfd4c91e597a270532c9c96514c5304d29fff45605
vcm_train_011115.wav,fil50_00631_ref_ilonggo1_CREATE_REMINDER.wav,f55ad4ceaeab72a0efcb7a44a99648f48f8463b8a0c6d6b09807e3555aebd53a
vcm_train_011116.wav,fil50_11441_ref_tagalog6_COLOR.wav,88f3feeb114865a7b617e9509f52f03a9cae7d71309715fc69e9c982d97effd4
vcm_train_011117.wav,fil50_10622_ref_tagalog5_ALARM.wav,3137482982a31e0fa63f1aeff5e996ce6da34d472cb7c6c06e97b949593b0ae1
vcm_train_011121.wav,fil50_13909_ref_tagalog9_COLOR.wav,f47328b01eb71d78898cc47e4aff9024194d040b470ce2f3c4d5d93149ffca4e
vcm_train_011122.wav,,fa409dcb6ac0110f94f9b00568e8a202ba8c3e4d9239695ac14d0fb56d24f256
vcm_train_011123.wav,fil50_01473_ref_tagalog1_VOLUME_DOWN.wav,7831ccca51690289f7dfcf8d5457ef06a5277567189ed71a90c8163325aabf5a
vcm_train_011124.wav,fil50_08030_ref_tagalog2_COLOR.wav,0f73532b062cbb969166b27420afa458b03e67deb12b1a3143299ba08159d53d
vcm_train_011126.wav,fil50_09753_ref_tagalog4_MESSAGE.wav,162eaf8abaeb31841db4a9d54bfe48a36f3844665505d418cec125edce61c5bb
vcm_train_011127.wav,fil50_13114_ref_tagalog8_ALARM.wav,2ab228b5fe3db9d2e0574bfae026bec3eadef26535c0f4d4b87bb23eef1dc13d
vcm_train_011128.wav,fil50_05626_ref_tagalog14_LIGHT_ON.wav,916e5321c98c4f95524c164278e92a0304949fa38dad299823804424514b44a6
vcm_train_011129.wav,fil50_06498_ref_tagalog15_STOP.wav,9fe6487ce581ef62f296f28578f8fc776863cb51ce1c999ba0d6371ec93d3c06
vcm_train_011130.wav,fil50_07208_ref_tagalog16_STOP.wav,6ab9109af4cafd8dd0cd8389b2fbef0744869787689a0cafc187d19902b911c2
vcm_train_011132.wav,fil50_00633_ref_ilonggo1_BRIGHTNESS.wav,ea8de43229080ebf840dce671b68ad2709d7d5cb708f8e022082ef41379f49ed
vcm_train_011134.wav,fil50_10623_ref_tagalog5_COLOR.wav,85237eac12db1dd42e862962077bd5dbab65022f65b2fcd5e95d7670e222a814
vcm_train_011135.wav,fil50_02302_ref_tagalog10_ALARM.wav,81fd578604c3e37d4b8a784ee3235b5ef318dfa209273e7a9a57926e61f36a46
vcm_train_011136.wav,fil50_12300_ref_tagalog7_PAUSE.wav,a55eaab43d1a7adbd87941ad4efec1af6a9d9667c22744d6958f1c9abd194ac0
vcm_train_011138.wav,fil50_13911_ref_tagalog9_BRIGHTNESS.wav,5407947d32f818dc137c51186b342ce90f62f9fcc10164b9b8565d0a75857454
vcm_train_011140.wav,fil50_01474_ref_tagalog1_TIMER.wav,ea5c43de794f867e64f088b889aba04859d0f5410c6ac21989c5bee3a805e199
vcm_train_011143.wav,fil50_09755_ref_tagalog4_TEMPERATURE.wav,31f14cee7999243f2fb253f64f5557721aaf4d0758d882fe3a22015722a3dc20
vcm_train_011145.wav,fil50_05627_ref_tagalog14_MESSAGE.wav,348b64a838267de35fed270cca033386184c0f4b56b281815e13ff29fb04cbd9
vcm_train_011146.wav,fil50_06499_ref_tagalog15_ALARM.wav,4176f86772c1eb1eacbcb14d32589857ddd915154110571ee5e1eec2a0b71c4b
vcm_train_011149.wav,fil50_00634_ref_ilonggo1_ALARM.wav,bbe9256f30d97a94f6c0930e57a60951b6a98d6babe42b976914e944b30ac9fa
vcm_train_011151.wav,fil50_10624_ref_tagalog5_WEATHER.wav,6d30257b85195738c21495c3c8342e247ce22d2fa40a89e1c123810c0d3766be
vcm_train_011152.wav,fil50_02303_ref_tagalog10_ALARM.wav,116fb671586e65f8726d83ffd6026e5e0b572430a5aca9ed9b0e6eff81d83fa2
vcm_train_011154.wav,fil50_03110_ref_tagalog11_NEXT.wav,375e8332e512d1bc046230584a83fbe7544142658676522e13b2c902123fd274
vcm_train_011155.wav,fil50_13912_ref_tagalog9_BRIGHTNESS.wav,bc4f49e21d0af20b4cc32edeffc9cc46c918656bef90d59d913967b17d9ddc15
vcm_train_011160.wav,fil50_09756_ref_tagalog4_TIMER.wav,7a2d4ac0800340bd50783dc407aad936659f17302e5a9c66e4fb6ad9c2b15abf
vcm_train_011162.wav,fil50_05628_ref_tagalog14_BRIGHTNESS.wav,ddceea20c4e8ca5a47d4ae0a4afbd74f7c0242a9043e639dffbe3eebfce429a7
vcm_train_011163.wav,fil50_06501_ref_tagalog15_NEXT.wav,d96fa1e510281c9070d0db7854289189b6ea67698987ab729be62397df76bca9
vcm_train_011165.wav,,a3b471ff186293539f49e1ccdef7bc790055564986dc384e4b6933ace321b3e4
vcm_train_011166.wav,fil50_00635_ref_ilonggo1_MESSAGE.wav,e226a3d612c238e76e8c5192226612dfdbee6903bf9bbba046e421e29f5945b4
vcm_train_011169.wav,fil50_02304_ref_tagalog10_STOP.wav,da4747d9a850c1e57816457707e3b07f686ff196f14fd00ac220b701070d5656
vcm_train_011172.wav,fil50_13914_ref_tagalog9_NEXT.wav,e48b9222eb7132793c2ff036df7ebea8801abccf729db1c811b960c77572897b
vcm_train_011173.wav,fil50_08906_ref_tagalog3_TIMER.wav,bf7c7f09036fad73824784616df0e2af2014cade68ca2c052f701240d015b650
vcm_train_011176.wav,fil50_04809_ref_tagalog13_WEATHER.wav,04026f6b6659a8bfd53977220e8a92c76f893fbadd848bd65a8cb40f999b6493
vcm_train_011177.wav,fil50_09757_ref_tagalog4_CREATE_REMINDER.wav,574b891077a53e9171181943eb86993870272efac7d15069812a5430ebf973e3
vcm_train_011178.wav,fil50_13115_ref_tagalog8_TEMPERATURE.wav,da4a429ad4fb179431c9add7b3e12f3a16f4c012c7e445003e56e1dd877ba5d7
vcm_train_011179.wav,fil50_05630_ref_tagalog14_TEMPERATURE.wav,27ee134ce226e79c09fb0ca544c9d200353fe7497ed9fce7f543315ea54e7bfe
vcm_train_011180.wav,fil50_06502_ref_tagalog15_PAUSE.wav,68a65c8432d4d7999432409855b341c2cd3a207e887fd4d766f42831e4cf7981
vcm_train_011182.wav,fil50_03938_ref_tagalog12_NEXT.wav,ae98d75649bb8cd623e37f42b9f7ae8f475557740eb9b7b379ab1417207afc76
vcm_train_011185.wav,fil50_10625_ref_tagalog5_CREATE_REMINDER.wav,e94aee93dc647d2c381c02035701229329c5212d91a85fb5f349f84edc1cf883
vcm_train_011186.wav,fil50_02306_ref_tagalog10_LIGHT_ON.wav,4b444abca63f26661e69bc13e3e8077daf3199789fcee1cc4a13991e38b58fb4
vcm_train_011189.wav,fil50_13915_ref_tagalog9_TEMPERATURE.wav,340cf7d0b7b8e858278fe5e791aceff3f8cef32a27e8d744ba7ff3a15207337e
vcm_train_011190.wav,fil50_08908_ref_tagalog3_TIME.wav,5906c5e3bc901fc8fc5a785042e52ef8732688cf9b5cd960dcd58637a32cf649
vcm_train_011192.wav,fil50_08031_ref_tagalog2_TIMER.wav,2bc0f0790f2c8ce9b589377b2c4dcbc1126511941a7ccfb5019fb1a545f02b1e
vcm_train_011193.wav,fil50_04810_ref_tagalog13_TIMER.wav,f06747996120bdc3c652f4e10481a6416ce06774d9d8ddb55e98ca5364415b6e
vcm_train_011200.wav,fil50_00637_ref_ilonggo1_LIGHT_ON.wav,061f95476eb57286942dffbdf23d5f896e4280753b39e61d5cf4950f21ab4297
vcm_train_011202.wav,,a4bb0f87c8ca88a9881fe7153f9a78c0ebb633f9b645286f448552305cd65d95
vcm_train_011203.wav,fil50_02308_ref_tagalog10_COLOR.wav,90b20a89506990f246257b1dcd244714264b721eb5900496a836a0034104105f
vcm_train_011204.wav,fil50_12301_ref_tagalog7_TEMPERATURE.wav,57e4d71fcca5fb8e0f86a7cf1bc0d36a852fb7b43c0244aa53fad59d2905149c
vcm_train_011205.wav,fil50_03111_ref_tagalog11_BRIGHTNESS.wav,3b9fd07afbbe6f7c4e781b307059bf5a0ee841d08e6f24090df1f379e3ffe655
vcm_train_011206.wav,fil50_13916_ref_tagalog9_CREATE_REMINDER.wav,8bf0122d9eb147d9ba6392dff146f60c41877178c9b9f4103a0d046c4529fec0
vcm_train_011207.wav,fil50_08909_ref_tagalog3_TIMER.wav,b9f128e52a495b9206a476afd13e17db04858251c217cab7330d5b57d299095b
vcm_train_011209.wav,fil50_08033_ref_tagalog2_COLOR.wav,a897e07d10ae8f4fab522c8150015ec7d91be77bc18109a2137e66e0fa93a813
vcm_train_011211.wav,fil50_09759_ref_tagalog4_LIST_REMINDERS.wav,34adc5672e55ceaa1f50cf6a595e3e44cd2ba6f36fd240c59d46ea841c419e74
vcm_train_011212.wav,fil50_13116_ref_tagalog8_NEXT.wav,2570abc622659adaf638b7d11860568521a2efa2afea4ad290da7e1b078b4065
vcm_train_011213.wav,fil50_05632_ref_tagalog14_WEATHER.wav,dda5c1a6c8804d3c9718571912f03620f32ce7aa79b4895d0fa242ccb60a1b0c
vcm_train_011216.wav,fil50_03940_ref_tagalog12_BRIGHTNESS.wav,447e90f7382c0a73a1c032436e9649d22d3a674c6d3c52f38eece2b7aa117f6d
vcm_train_011217.wav,fil50_00639_ref_ilonggo1_COLOR.wav,1df1c6a0dbd154bd69958cfc6376e33165202e35c2ffec88f244ba3c4a9b7816
vcm_train_011218.wav,fil50_11442_ref_tagalog6_LIST_REMINDERS.wav,5a10e51e628dcbcfd2b45118838c65ac06254d504909086bf7282af93c9c9be1
vcm_train_011219.wav,fil50_10626_ref_tagalog5_BRIGHTNESS.wav,f497992bc0ddee96d6b696da636b7952073a5ada94293c18764985c693d20a4d
vcm_train_011220.wav,,b97887cb53611e29d0efa4620c64643379b2271e75c9b14d51bbdc78b6a5c8c3
vcm_train_011225.wav,fil50_01476_ref_tagalog1_NEXT.wav,025dcb87426e996eeb008b4c502fe82dc7215f2b1279d07e556ba7e35cf15e0b
vcm_train_011226.wav,fil50_08035_ref_tagalog2_CREATE_REMINDER.wav,bf349c2be2c324d1e98b5356efb51c1f5a0e579dec52bc148394e49173dd7cc4
vcm_train_011228.wav,fil50_09761_ref_tagalog4_MESSAGE.wav,c4476d8a3ced2118b7955b5e052d6f13fd3b9c7b5f6f61f5e0e3274f9ea08628
vcm_train_011231.wav,fil50_06503_ref_tagalog15_VOLUME_UP.wav,e41209627b8a853884a5b56c3ae7a859ec724723bbfcdd4ecad2932860c6003c
vcm_train_011232.wav,fil50_07210_ref_tagalog16_MESSAGE.wav,c81e21757b0d181e55a26551290b73c7c8a33c490ab6623ee50f50bd80196200
vcm_train_011233.wav,fil50_03942_ref_tagalog12_NEXT.wav,042f82ac9dcda976cb5dc4d97d22ebc5dc7c8d2c4d68a0c7140e007b7da513c0
vcm_train_011235.wav,fil50_11444_ref_tagalog6_BRIGHTNESS.wav,da579c64f3118a3992e4926098cc3db6914361689abf7e231bb3b33341451cde
vcm_train_011236.wav,fil50_10627_ref_tagalog5_VOLUME_UP.wav,ef86ae1f3376cd0af6805aeb5516427903a7b09ec729b291280a1a814a3aab20
vcm_train_011238.wav,fil50_12302_ref_tagalog7_NEXT.wav,316a96d08458360a71d2a347faf888a6fa80403adc9516dfc07dac6f29745f9c
vcm_train_011240.wav,fil50_13917_ref_tagalog9_STOP.wav,df314e1d8a1f87357c3e88fdd482d4271dfffadef25e3a5a3d634550de0cba69
vcm_train_011243.wav,fil50_08036_ref_tagalog2_TIMER.wav,2dcf8d82aba798d2735252b4ad73af047d5f6eb7b22e36ad71789caf56d63ba6
vcm_train_011245.wav,fil50_09763_ref_tagalog4_COLOR.wav,fb1df6398339772b396c1a7c2802e9f3debf834df16693fb830d5cd0183e7e43
vcm_train_011246.wav,fil50_13118_ref_tagalog8_TIMER.wav,0760eed64553514e3681d85411e31c4fbb90ecb85986a0527804ea60b762a32b
vcm_train_011250.wav,fil50_03943_ref_tagalog12_TIME.wav,ab5114e588384a1948d5772a5e101ed58219942219e65844ade80b3e6b3a71c6
vcm_train_011251.wav,fil50_00641_ref_ilonggo1_VOLUME_DOWN.wav,ab0b211191fa868666472bdb57ebda6ba75aff05c64d6ea1d0edd68662e2f50f
vcm_train_011252.wav,fil50_11446_ref_tagalog6_BRIGHTNESS.wav,1a4a351bbf2bd97e72bd6677d38c9e8b8eb73a18ff592c35fc48d1c2396a7cb1
vcm_train_011255.wav,fil50_12304_ref_tagalog7_CREATE_REMINDER.wav,bcb158abb634c6358d57a0040fe54a61ecc63fb38166b526f660487ab9836d9b
vcm_train_011257.wav,fil50_13919_ref_tagalog9_CREATE_REMINDER.wav,db71a127994b60f01688932f1519bf40c5055c02f3ad3c20ad0f51d77c5071b2
vcm_train_011258.wav,fil50_08910_ref_tagalog3_TIMER.wav,96563e670badf3bbbfcb2ff10318cf8b0960b12c35ab5f486dfd1a0b5d81b692
vcm_train_011259.wav,fil50_01478_ref_tagalog1_LIGHT_OFF.wav,9a70067cc5d7645dce192a62249b2e676547806f647642513c7f921b6dedb611
vcm_train_011260.wav,fil50_08037_ref_tagalog2_LIGHT_OFF.wav,062b9d129cdaba9ea12259bbc6511eec56c7cdf52bee3ba2d9e170014e40a868
vcm_train_011261.wav,fil50_04812_ref_tagalog13_TEMPERATURE.wav,1e57b787820dbeaffdfdb4ced379d948b8779c53adbb75511714ec71d0d72baa
vcm_train_011262.wav,fil50_09764_ref_tagalog4_LIGHT_ON.wav,8b8e112561b1fe7effacb13c3a910f1d6170803014d8c1c943fee9a03e86103b
vcm_train_011263.wav,fil50_13119_ref_tagalog8_VOLUME_DOWN.wav,08d5a00a86e6e118b0e8b392681917f94d89eb2d9be9e2d993a62b2832b6a481
vcm_train_011264.wav,fil50_05633_ref_tagalog14_LIST_REMINDERS.wav,08406da05382704ccba1d2330d8653b685b2092547ca080428faf11d26d790a2
vcm_train_011266.wav,fil50_07212_ref_tagalog16_STOP.wav,0aeafe286f0977ae9a7047525441cc0b5370ae073e28dc0f704caa88974cc4df
vcm_train_011267.wav,fil50_03944_ref_tagalog12_TEMPERATURE.wav,55dbcee77e50092c90e5fbbb0ecddf637f971e94fb6fb4466b698a2dd936b7d0
vcm_train_011268.wav,fil50_00642_ref_ilonggo1_ALARM.wav,1dd21a9be302862c389ab4627269ee75ec60043094a90f08c03dff6d995a4aa5
vcm_train_011276.wav,fil50_01480_ref_tagalog1_ALARM.wav,e83326c53a8684dba20132aa6173101c50f4b06d607b6ba8c38c40f22853a0dc
vcm_train_011278.wav,fil50_04814_ref_tagalog13_VOLUME_UP.wav,eeb32b14a2a90107a6c7326f8b014f1d302ac04ec5ca7dbdaccda4849bfd96b5
vcm_train_011279.wav,fil50_09765_ref_tagalog4_STOP.wav,bbc68e6a01fbaf5da06cdfcf53fd4061c5c47fb35ffc11e8176588061ea55ede
vcm_train_011280.wav,fil50_13121_ref_tagalog8_TIMER.wav,d84557890c90eb839134b27774897652a5a7665e01aa138093cf8c610c60c84c
vcm_train_011282.wav,fil50_06504_ref_tagalog15_NEXT.wav,bedae031d212b93a7253d948348825597b1c964d3a116f2c9ca7eeaf19d2bf3a
vcm_train_011284.wav,fil50_03946_ref_tagalog12_TIMER.wav,73ad62763afbcebee6de0bf71f507d5568c518a341b5ddb3c25f79e8888be787
vcm_train_011286.wav,fil50_11447_ref_tagalog6_TEMPERATURE.wav,af2882f6f5dba3e0019328e618fecb4d8f17ff8d276959b666a4f043e74cec8c
vcm_train_011287.wav,fil50_10629_ref_tagalog5_STOP.wav,592555a126ebc2b7cb0db331378b227627818626d7cc8665d0ac6c89de5b2631
vcm_train_011289.wav,fil50_12305_ref_tagalog7_ALARM.wav,904fccb7d9427a5589bf66bc4b63cd600505f6a0efb317076f425ddbae8a5e92
vcm_train_011291.wav,fil50_13921_ref_tagalog9_COLOR.wav,57f80bbe9ac1cc0d5960c9004f7c46906d6c6b831f3e0e1ff99da924aad8c58e
vcm_train_011295.wav,fil50_04816_ref_tagalog13_ALARM.wav,03bda25266e59d43b552fe86f6ef977c1ea51b681d3ffa9c6650f5155c264f74
vcm_train_011297.wav,fil50_13122_ref_tagalog8_COLOR.wav,46c9e339d4f2f34770345ce0636cb644d48fbd31314575f158420c1f3b0f64f3
vcm_train_011299.wav,fil50_06505_ref_tagalog15_TEMPERATURE.wav,1a92bb2df3375703dc95c78f7cd5f3c025514d26cdbe25b9036471d4a7925b1a
vcm_train_011301.wav,fil50_03948_ref_tagalog12_TEMPERATURE.wav,90cad9359f08a863e5056399b05025873bb4f5c0d2fa9164d029b070ac881b39
vcm_train_011304.wav,fil50_10630_ref_tagalog5_TIMER.wav,da87d070502cedd07bde8475b804fbda92d055d96e964d89762f202dde1e05f8
vcm_train_011306.wav,fil50_12306_ref_tagalog7_BRIGHTNESS.wav,fb9c23cce16555e7143db9dcbe38ef414f9c8f10da9265b972e8ce6b854cd2c3
vcm_train_011308.wav,fil50_13923_ref_tagalog9_WEATHER.wav,c38253cad903b91b7867aec0f362f8a3fd6e1b4a24a4a09fc7798ee0fc783c91
vcm_train_011309.wav,,4747544cccc946bd8337e06a347e6d4943ff5b033f0956e5b66515463ed54ebe
vcm_train_011310.wav,fil50_01482_ref_tagalog1_CREATE_REMINDER.wav,5cfda885c810b68d14a82c2c2028b9f7c8b292f25cdde9dd21d31fe04add8bed
vcm_train_011311.wav,fil50_08039_ref_tagalog2_COLOR.wav,379ee75377ff4089f7a7890e1214c1e3d51ca16e12ff93e4537689e55ee47d1b
vcm_train_011312.wav,fil50_04818_ref_tagalog13_VOLUME_UP.wav,95a232c74afeb9155300450b69fbffb49dd3fc8d133f5fb9dba9e715c6f6e0f4
vcm_train_011313.wav,fil50_09767_ref_tagalog4_COLOR.wav,2d60ba5714a4ac2d51cd9ca4881c8d720c03eb3bf83aeca91aef70459a17d25d
vcm_train_011314.wav,fil50_13124_ref_tagalog8_ALARM.wav,a1c2c446284ef0df68ad23fce8dccbe88e971299e7cb0c10817be64a24f4f5c2
vcm_train_011315.wav,fil50_05634_ref_tagalog14_TEMPERATURE.wav,b0c2e9069c22b059f4d1ca0723987653c8842dc375362cb563a8598af44207f8
vcm_train_011318.wav,fil50_03950_ref_tagalog12_PAUSE.wav,03de61e761a6a54f14b679609de621f32e53c7531d788021d80ed516ad60bb38
vcm_train_011319.wav,fil50_00644_ref_ilonggo1_STOP.wav,d1b5de8f8e8b859c1dbe4667c4a4d1134b3d39fa9072e2393cd79339aac99f5f
vcm_train_011326.wav,fil50_08911_ref_tagalog3_LIST_REMINDERS.wav,f0f9af0d0b2c063d5761df48f7daacc8d295978ab013d7393121cc256c1fe62f
vcm_train_011327.wav,fil50_01483_ref_tagalog1_CREATE_REMINDER.wav,9c48ff9a8b2a72d80ed5233001f91adfd2144f50bf8438e01578169b06e300ad
vcm_train_011329.wav,fil50_04820_ref_tagalog13_CREATE_REMINDER.wav,991f10cb244c45e8b0454abf03908aed67931e09f200e0cdb0026252c7791af1
vcm_train_011332.wav,fil50_05635_ref_tagalog14_NEXT.wav,378e73ee9b91b6d6aaa2c953be83f3fd3e2bdeb0808fc12c3d8f01d1266bd47e
vcm_train_011333.wav,fil50_06506_ref_tagalog15_NEXT.wav,23da844440e4be23fd0c3698ddb5046cc8b222a3286f8e8e43293c6c202d7741
vcm_train_011335.wav,fil50_03951_ref_tagalog12_TEMPERATURE.wav,4c05687e79e7c0cbf25b25ba1ce2c0a7d346f41b197987d87582fedb733dc22e
vcm_train_011336.wav,fil50_00645_ref_ilonggo1_WEATHER.wav,ae6642643711d59a35e55959948c381a58d84e3b3df937d46e7142304be0ed95
vcm_train_011337.wav,fil50_11449_ref_tagalog6_TEMPERATURE.wav,1a1c63d87122c210a91b0c408b0c63c72efb8cd4a2c2bd2b04ad84afbf6ec670
vcm_train_011339.wav,fil50_02309_ref_tagalog10_NEXT.wav,f5c71f5a1401be9990cea437965e0704848e3ce445173c2c9dc1299e18a6fee2
vcm_train_011340.wav,fil50_12307_ref_tagalog7_STOP.wav,fd7167a0101f8fc9d73ac340b4da92ac60ba5026ae81168bf86885494f258f41
vcm_train_011341.wav,fil50_03113_ref_tagalog11_ALARM.wav,c9bd78e82557783061f21936f62b9a7354934d442554ca9330f5661c54d9fd56
vcm_train_011342.wav,fil50_13925_ref_tagalog9_STOP.wav,6b861468ecf15d338268b451eb54e95cecc03fe1ac4187e58874b79598550148
vcm_train_011344.wav,fil50_01484_ref_tagalog1_BRIGHTNESS.wav,39168814ea5daf7e2983639162cdd880b8027b84305c90c54c8e38b317ab05e8
vcm_train_011345.wav,fil50_08040_ref_tagalog2_ALARM.wav,56f4f0e2c600225cfd9ab350e24e43377817357003175a51e0c924039f75313d
vcm_train_011346.wav,fil50_04822_ref_tagalog13_NEXT.wav,646ec6b1678cfed990c87d0d60e30e2aac4fda21793208e7504c7e861d639ead
vcm_train_011349.wav,fil50_05636_ref_tagalog14_BRIGHTNESS.wav,3d4bc85825ce9552dedc46f768aaa0edb47e92a210b6b4113921e674ff205e4e
vcm_train_011350.wav,fil50_06507_ref_tagalog15_COLOR.wav,8014649ccac8372b3eb148340104866e466634deadd67bb6c0556f5556d1e876
vcm_train_011351.wav,fil50_07214_ref_tagalog16_TEMPERATURE.wav,82b2cd9d2371d1816460fce3f77f3e1746cde4dfce52fa17b302b42f073ae1fe
vcm_train_011352.wav,fil50_03952_ref_tagalog12_LIGHT_OFF.wav,a1da3d51f3cdb28737ee62002ee96f784ac36194a45301f2529e1b794b05a2fa
vcm_train_011354.wav,fil50_11451_ref_tagalog6_PLAY_MUSIC.wav,9ae9520abeb90fa3ed00110ef0cf701ce2dfe4772d76dcffc2bc4de013456eb6
vcm_train_011356.wav,fil50_02310_ref_tagalog10_CREATE_REMINDER.wav,0c9eb45723819db367f49f3fb653e0b8a9ade736d2f24bf9c34e8694d9a72b70
vcm_train_011358.wav,fil50_03114_ref_tagalog11_LIGHT_ON.wav,b9a4d2b366cc370367574260c1a181ef2acd3fd501407f204783a1b41ed7614c
vcm_train_011361.wav,fil50_01486_ref_tagalog1_TEMPERATURE.wav,d21ce2cdcf1fba3ade519d4a34e55b6ce4fbe7b6d988b57d905a4bd6a1723eb0
vcm_train_011362.wav,fil50_08041_ref_tagalog2_LIST_REMINDERS.wav,1f9eea4e6c70f3959315f734d855c97447129486a6d290652dec804eba148b14
vcm_train_011363.wav,fil50_04823_ref_tagalog13_ALARM.wav,b495d9b9f4b64259f81eba2c0b2741acbbcf5598a28524a970b478e77fe981f5
vcm_train_011364.wav,fil50_09768_ref_tagalog4_NEXT.wav,2069c328919182ec86792967b1ae365753a9fabf59e3332053c748a9aaf46782
vcm_train_011365.wav,fil50_13125_ref_tagalog8_COLOR.wav,bfc1fd1bf7c82b522a49efb13783eaa60ec194a8a5eec7046aa29350f242f97e
vcm_train_011366.wav,fil50_05637_ref_tagalog14_STOP.wav,62f9fd94df5c7a5ad95c278ded9f3324e670f069fe9cf3f81fd81d106e4b4003
vcm_train_011367.wav,fil50_06508_ref_tagalog15_LIST_REMINDERS.wav,758c7d18447cbfd94e730b3350303167b45684773f58e344c56883ddd440bdfc
vcm_train_011368.wav,fil50_07215_ref_tagalog16_COLOR.wav,95d851e4841dba49aa59a130d65f264cfcfeb0beb9067ada57b648786e9ca1f7
vcm_train_011370.wav,fil50_00646_ref_ilonggo1_TEMPERATURE.wav,9c73986b30a036d465fc21cba1a748532151293c4ad8cb91173efab0b1aa05fc
vcm_train_011371.wav,fil50_11452_ref_tagalog6_BRIGHTNESS.wav,f789c2ea6024a2bf70d71b046552179337f1ba81d9b6a4f849f0467eb21d7e95
vcm_train_011374.wav,fil50_12309_ref_tagalog7_ALARM.wav,8c31f6462e133f227499d17c33914f46124b1682a7c4c88410f0d00d1ca5a835
vcm_train_011375.wav,fil50_03116_ref_tagalog11_PLAY_MUSIC.wav,a9736f8af2b3bf40e58f845d2370ec3f6ad49a016e664387a88857d9d88f3f3c
vcm_train_011376.wav,fil50_13927_ref_tagalog9_ALARM.wav,1f2ce237408226b6b37057680cc6e96adddb2acd88aca7e27b573c64bef88bdb
vcm_train_011379.wav,fil50_08043_ref_tagalog2_COLOR.wav,42f052a569a65be0557980bd7b8adfd907aa56543bebecc8c677e642b3854910
vcm_train_011381.wav,fil50_09769_ref_tagalog4_MESSAGE.wav,cdbb40edd7350aefb77913615cf9d4cae8b789dff5dd044e7166bd1e804c7845
vcm_train_011382.wav,fil50_13126_ref_tagalog8_CREATE_REMINDER.wav,243874d80521317391ed8bafff0e29d1ffd723ac52b09a169ad8e9c0442e78df
vcm_train_011383.wav,fil50_05639_ref_tagalog14_CREATE_REMINDER.wav,2f68b256a71877cae2dc18126feb5980e7dccc14cc4685fba999980904f2098e
vcm_train_011384.wav,fil50_06510_ref_tagalog15_COLOR.wav,affbe8589938856c9f1604d5b03ffec9fc4420166095781546984c676b9f0753
vcm_train_011387.wav,fil50_00648_ref_ilonggo1_NEXT.wav,629340c8506133913a0229d6864a713b5064a188b8c14b17ae982df87d327f1f
vcm_train_011388.wav,fil50_11453_ref_tagalog6_TIMER.wav,089734b4d6847eac57274e93c58edd9debcb65b85194fb7bcd184d63e9f6d9ab
vcm_train_011389.wav,fil50_10632_ref_tagalog5_ALARM.wav,2a3a63fabbf663ccca1d148370b226edd95ed141583c3ed27a7f46d9f724ef6a
vcm_train_011390.wav,fil50_02312_ref_tagalog10_LIGHT_ON.wav,4b0e1e911a4224773aecd541d61f5f48d028b5aa3f234b74306b8172e5065f4f
vcm_train_011392.wav,fil50_03117_ref_tagalog11_COLOR.wav,856bfeca1fa2abffcae025d3b9cb8ab67afb5181f9bc73b8f20df50c82ac2bc7
vcm_train_011393.wav,fil50_13928_ref_tagalog9_TIMER.wav,b1d4ea04949a69c45266279f2c75b15606c4b1784ea1fd1ced3a03393b5e05a3
vcm_train_011399.wav,,976428dd6e0b3ca51fa3510b53c740d83785eef1ca5eb6b77c2fc10ca6922dc8
vcm_train_011403.wav,fil50_03953_ref_tagalog12_TIMER.wav,2e18c762be253c86bafa7f25f7b4105813fd94db9f90b95403e1401bec1e71b5
vcm_train_011404.wav,fil50_00650_ref_ilonggo1_VOLUME_DOWN.wav,f259cdc07a23aaf538aabfcdb21c8e09b98002b92ee0c49b75394f35a98beef3
vcm_train_011407.wav,fil50_02314_ref_tagalog10_ALARM.wav,926297c528663badaeec9c861bdcf9a9c807f777747121d2515f05d3e58bfaad
vcm_train_011409.wav,fil50_03118_ref_tagalog11_TIMER.wav,8bc92e96998cad544bb91c150eb84a3e0f52469036563a116b72731dfbe76f8e
vcm_train_011410.wav,fil50_13930_ref_tagalog9_VOLUME_DOWN.wav,163e162c8e59a82dee0db1c43191d64b07946cefd62d976a5b10fc671f7268a4
vcm_train_011412.wav,fil50_01488_ref_tagalog1_CREATE_REMINDER.wav,3808a6e3891b49b6c4d94ae7db002c818f89dfa362b88d5e61383667a5e6fa5a
vcm_train_011413.wav,fil50_08045_ref_tagalog2_ALARM.wav,f33e9b3a8393b99e82a079668c124fdc0fcd74e4e2601f9597db95c9adc1c0de
vcm_train_011414.wav,fil50_04824_ref_tagalog13_TIMER.wav,79c68fbb93bba0e756bd6bbb1f8fd20ade7055cc6a91ed3cfd6072ac4c92aa2a
vcm_train_011416.wav,fil50_13127_ref_tagalog8_NEXT.wav,034cea260fe67c0df19b60b6c16f9c581cfb8e3a8d457bdc99780a13a7dca6db
vcm_train_011417.wav,fil50_05640_ref_tagalog14_COLOR.wav,fa14773be80859da96d741072483a7cd7283fcd47f3859a4b1c8176e65fea8f8
vcm_train_011418.wav,fil50_06511_ref_tagalog15_LIGHT_ON.wav,54647e3658276f1dc272180501fa20257f89f00bac7901389abeb2a5935845e2
vcm_train_011421.wav,fil50_00652_ref_ilonggo1_PLAY_MUSIC.wav,1a31449fe7bb00a3f7de33245964645b1ae3002b7cbe2fee0fca6f160989cd78
vcm_train_011422.wav,fil50_11455_ref_tagalog6_NEXT.wav,51ae8b9a95dbd77df4a8c21fc6867268c1cd8876b299f3455e61c84e49d85154
vcm_train_011423.wav,fil50_10633_ref_tagalog5_LIGHT_ON.wav,b372be3faa2f2fd65949f23122ec4436a637ad7aa85e260cad38c9f1ded19525
vcm_train_011424.wav,fil50_02316_ref_tagalog10_TIME.wav,d1a0a1e01bf841941428d344087038efbf65b1f0a21f562af5f9d8b1ad85dcb3
vcm_train_011426.wav,fil50_03119_ref_tagalog11_TIMER.wav,ed4a5a24ff606cc8e6faea0c2ca336a11173745d2a83dadbf556a8ec7b7bdb98
vcm_train_011427.wav,fil50_13931_ref_tagalog9_VOLUME_DOWN.wav,dce5de361acbb9a4ae09e4210d7d9db9a032a18210ba280834b818f155789c70
vcm_train_011431.wav,fil50_04826_ref_tagalog13_LIGHT_ON.wav,ae9229e4df8154a610567645acfe1340451b71e08bf12b43441861d2323b8b45
vcm_train_011433.wav,fil50_13129_ref_tagalog8_ALARM.wav,965e295f6b051744a91f4e15f9498776153a6701e1e7d70450a9452b9513e345
vcm_train_011434.wav,fil50_05642_ref_tagalog14_TIME.wav,ba20d17dd2bd139a2eddf47fa74621bf834e96601c00a2f8cad9d5e40c9e9ac1
vcm_train_011435.wav,fil50_06512_ref_tagalog15_LIGHT_ON.wav,8c26a1bf8336735fd3494d19941c9bb6295222d07f0cf1093ff4415d0ab345db
vcm_train_011436.wav,fil50_07216_ref_tagalog16_TIMER.wav,2209dc7086364f792e03027d3a7b02e470f850fc131d45d88fc5eea9e5f2d2d7
vcm_train_011437.wav,fil50_03955_ref_tagalog12_COLOR.wav,4acee1aa32f6b00294be37b72712bd636082083b3e15a3a9fb13e5e4203fcc48
vcm_train_011438.wav,fil50_00654_ref_ilonggo1_NEXT.wav,8adfee7ebf5205606345adca3e066abd55b95cb4118d9657da4e4c736684d85b
vcm_train_011442.wav,fil50_12311_ref_tagalog7_LIGHT_OFF.wav,37f5c4dc6cef592caf454d2928deea95714deaac3fd82c763a350431b7959aa3
vcm_train_011444.wav,fil50_13932_ref_tagalog9_TEMPERATURE.wav,0b3e34bf954bf4b438612442455842ce0f8a33d732e596992a73a980f2c3dff2
vcm_train_011445.wav,fil50_08913_ref_tagalog3_STOP.wav,4275e8d738fc3aada9f7a03528cfd4732a33711e80c38db7a98666549ae29e78
vcm_train_011446.wav,fil50_01489_ref_tagalog1_BRIGHTNESS.wav,6676d611ab6dee65cf35b7730179bc94cd58a3cebd5e30201b6271652025baf6
vcm_train_011448.wav,fil50_04827_ref_tagalog13_PLAY_MUSIC.wav,afa10420b14ca884641f1306fd77ed192fe65d36eb9e0e3a15be8315dd7a327a
vcm_train_011451.wav,fil50_05644_ref_tagalog14_TIMER.wav,62da1e7da98ebc582ad4a8a06805ce5a50f81e25f35b87b9f9d3eccc19873cb0
vcm_train_011452.wav,fil50_06513_ref_tagalog15_BRIGHTNESS.wav,1d4f6ff67c67a69d3d36fa106ef2ceb7628615d1d757e9cbb734fb82693814c5
vcm_train_011455.wav,fil50_00656_ref_ilonggo1_TEMPERATURE.wav,9f13213ccb87b3403b2f5830b62ae12e6bceb7d9ee6fc845a6e9e66f3ecd81d5
vcm_train_011456.wav,fil50_11456_ref_tagalog6_MESSAGE.wav,7be99ac65b663f3adbe85fcf79f3c6d1f91820c945621f73dd5a31401491f9a6
vcm_train_011458.wav,fil50_02317_ref_tagalog10_NEXT.wav,8f8c514fb721c61cf6d69eefba57613c5df1387cd1b1d527b8df3411eaeea461
vcm_train_011459.wav,fil50_12313_ref_tagalog7_COLOR.wav,391dc98c28ff2050f6ba64dfa6f7449c5f8bf83793714dc1298f8d0062099359
vcm_train_011462.wav,fil50_08914_ref_tagalog3_TIMER.wav,4be35504b821941fe22a7e72871c20e16292cd0fa68c667c21dc92ae34a6a0f0
vcm_train_011463.wav,fil50_01490_ref_tagalog1_TEMPERATURE.wav,34163dfad973a57300051faba611e42ed90d34f7ffb24f9cada986f1ef33de47
vcm_train_011464.wav,fil50_08046_ref_tagalog2_PAUSE.wav,75483de7d54c6ae2724233a02a932d724b016b2df35bf5f8c4077ef6f950ccc6
vcm_train_011467.wav,fil50_13130_ref_tagalog8_WEATHER.wav,86f01e2b3c90c8ad161f2e52280e68add2537e2fb9ed11f7340562fddc987eab
vcm_train_011468.wav,fil50_05645_ref_tagalog14_CREATE_REMINDER.wav,d738c3eac11a1a8d757a4f1dd6146bfd8efaf7d1a060e59361b2a4a785767992
vcm_train_011471.wav,fil50_03956_ref_tagalog12_LIGHT_OFF.wav,2143f040e6977dd30d04b20476b46cabdb61590a300086afc9dce3835893a989
vcm_train_011473.wav,fil50_11457_ref_tagalog6_NEXT.wav,11e918aa6c484ae940948aa4f46b8fb844738e27825230adff6ea6f283f783f0
vcm_train_011475.wav,fil50_02318_ref_tagalog10_COLOR.wav,d2d3f7c021b6b8d70a19d64c8ec585f54fc69597768b933a249e58a79af3d4f4
vcm_train_011476.wav,fil50_12314_ref_tagalog7_ALARM.wav,be4520629ccad50af669f91c4d494417047218f72238c3bcd32b74d599b8301b
vcm_train_011477.wav,fil50_03120_ref_tagalog11_WEATHER.wav,641eaba7fef7d55330d5097d7e1d9701ef2fe6c6f911c0001b9dbc93f7898862
vcm_train_011480.wav,fil50_01491_ref_tagalog1_LIGHT_OFF.wav,275465d881617a6ed6e3e69530c83bb437673d0cb203a004d46abf4faf2f6571
vcm_train_011482.wav,fil50_04829_ref_tagalog13_TEMPERATURE.wav,94db1ce28d0a81fec1265443039d8f479287cc7410e0f774e4b641bd26e10c49
vcm_train_011483.wav,fil50_09770_ref_tagalog4_TIMER.wav,3cd17922821303b333fdad6eb475395afcc0a640bc4df75686eb96f4de9cb82b
vcm_train_011484.wav,fil50_13131_ref_tagalog8_LIST_REMINDERS.wav,8b66767ed9632f611029feffaea0566b3c6d911236d0ed124fcc3134ee8ac4a7
vcm_train_011485.wav,fil50_05646_ref_tagalog14_COLOR.wav,00e17fccc5ecb0bfec73a20e190d9ea48951659a8a099317eecdeac27e0d95e8
vcm_train_011488.wav,fil50_03958_ref_tagalog12_NEXT.wav,b4043f3d9fc57f56b1b03fc2ee871e0d685f840771d973cac56a789de25d97e8
vcm_train_011489.wav,fil50_00658_ref_ilonggo1_NEXT.wav,3c9f9b029c194934be39a2d739edd7041280ba12a62c351062abae84ba22bbe7
vcm_train_011490.wav,fil50_11459_ref_tagalog6_TEMPERATURE.wav,d5dc04cb6785cc579065e39eea2d6e866ea3b9c9d83e54374a0cd124fed234e7
vcm_train_011494.wav,fil50_03121_ref_tagalog11_TIMER.wav,dc5af49d559538317050f34b0fd9a84a35ceaf815c004c8b354c288ec80a2112
vcm_train_011495.wav,fil50_13934_ref_tagalog9_BRIGHTNESS.wav,361c2141e87f4c536c987136b5d87e2332129a8db1b099491f9ef859b209aeca
vcm_train_011496.wav,fil50_08915_ref_tagalog3_TEMPERATURE.wav,3d18746fb28f37305693cc97ee761d08dc841ef4c2031fb5097a3d2b420021fc
vcm_train_011497.wav,fil50_01492_ref_tagalog1_TIME.wav,0e3b08a4e9f1d20916d198cbb1f0ff3211c054bd0b4a86df643e7507ab497286
vcm_train_011499.wav,fil50_04831_ref_tagalog13_MESSAGE.wav,8df611f0b3d6d38ba1c3dae3be438770c6478f2c9bc42b0a3f0feff513c7fadb
vcm_train_011500.wav,fil50_09771_ref_tagalog4_TEMPERATURE.wav,7d2099797c8939f9265fdd9bf81492458ab8d816a3d3bd493066ec3dd16935ca
vcm_train_011501.wav,fil50_13133_ref_tagalog8_VOLUME_DOWN.wav,f3b3b6aa7aff46d758d864806c6ea05e9c3514c35ddf5971646d9e9fdf6f27b6
vcm_train_011504.wav,fil50_07217_ref_tagalog16_COLOR.wav,f5aaa6fe01ed7d44bcb34c01fa7d18148f6300c9c94bb8e8a6cc3c00c6b1624b
vcm_train_011505.wav,fil50_03959_ref_tagalog12_MESSAGE.wav,26625a5c16b59da90a784841ef518d66d04a878190ff0b914fc4adfacb4c13b2
vcm_train_011507.wav,fil50_11460_ref_tagalog6_TEMPERATURE.wav,7b12cf7c18272c85bb754021db070807aec3bd7841995d24a79e96cee9b49a2e
vcm_train_011508.wav,fil50_10635_ref_tagalog5_LIST_REMINDERS.wav,2dd988a823e41ab42798e4c920fa5c35a1e9f63d133fc59593d89a6ccdf31479
vcm_train_011509.wav,fil50_02319_ref_tagalog10_TIMER.wav,6e0f7906d06b2ed08bd982fa19385f01c0510ebbb9524e9cc60d64f899bceedd
vcm_train_011510.wav,fil50_12315_ref_tagalog7_TIMER.wav,1f6e12f0bf25343a099f16da9719a858750793cb781a39b1f0744affaa430d78
vcm_train_011511.wav,fil50_03123_ref_tagalog11_LIGHT_ON.wav,058b9348760a1868680f96b6812563a44bab5c5f1e63562deeb13452113aedb0
vcm_train_011512.wav,fil50_13935_ref_tagalog9_CREATE_REMINDER.wav,bca981f895a9ee545c453e860e082a8bdbe8793dfc445a2773cad4bfe570aa93
vcm_train_011517.wav,fil50_09773_ref_tagalog4_VOLUME_DOWN.wav,ab42cfb3f67a1639a4ec288a719da2e2a384e864ba9fdf6dff3312f77f465981
vcm_train_011520.wav,fil50_06514_ref_tagalog15_ALARM.wav,f2aa2219078b0a25c404421c879cc948276a2deda3e422605672c62e456466ae
vcm_train_011522.wav,fil50_03960_ref_tagalog12_COLOR.wav,5553dbd94ffe245ae9653ea9e6043afa8f70b8ca55a07727f3efe5430d7d5938
vcm_train_011523.wav,fil50_00660_ref_ilonggo1_VOLUME_UP.wav,c2459aea7ff0b503b1a1b00be2f6ff408ad0ce77e302628033786072401fdff0
vcm_train_011525.wav,fil50_10637_ref_tagalog5_PAUSE.wav,17fc9640d3e103743f341bdce82abd76bd633c5996a3396af21a4ef4e966ab86
vcm_train_011527.wav,fil50_12317_ref_tagalog7_TEMPERATURE.wav,294a95ba50894206a94e4c1d5199b9c9e2bf12b9185805857f8ba52b12def5d2
vcm_train_011528.wav,fil50_03125_ref_tagalog11_NEXT.wav,23ba74d828345b32baae8df220cfd3d79802e34b4acfc093881134ec88c39ce7
vcm_train_011529.wav,fil50_13936_ref_tagalog9_PAUSE.wav,8c2eaeb361347df45828920926566d03c0c80ccf43d577917100995dc9ba6f54
vcm_train_011532.wav,fil50_08047_ref_tagalog2_TEMPERATURE.wav,306a565573f743b17911d07bed855e8946f1cdff8a23af1987653ca99d0abc03
vcm_train_011533.wav,fil50_04832_ref_tagalog13_TIMER.wav,f6e9d18d108bdb8d4806fad742e9f03387bfb54ed3ab270bdda86e688a312fed
vcm_train_011536.wav,fil50_05647_ref_tagalog14_COLOR.wav,09ea9eba07e1727d6a739c51a192eb39707581f98ae3814b40d702e745552c46
vcm_train_011539.wav,,247755f182daddd8479abdecb326e55e452edf7f0786dd155930d4ca36841cdd
vcm_train_011540.wav,fil50_00662_ref_ilonggo1_TIME.wav,3474add1deee6f63e1388d84c9f93c5b9ee2b4d38ee01475a88796924e21b5a7
vcm_train_011541.wav,fil50_11462_ref_tagalog6_STOP.wav,a06844fab8dbb1fd9710978a83ce857b60c38fe3a92a438ec8b1e8cc11e0de33
vcm_train_011544.wav,fil50_12318_ref_tagalog7_PLAY_MUSIC.wav,cdf2712c54cb8a060d35a1eff0056268c50cde0fdef25802695d80486ae6a87a
vcm_train_011546.wav,fil50_13937_ref_tagalog9_TEMPERATURE.wav,4f3ac95a3309346af6265de4e4997ce385159fc1373c8fdd37ba9fd9220aba3f
vcm_train_011547.wav,fil50_08917_ref_tagalog3_VOLUME_DOWN.wav,6c5d5829afb547c5800895715cb25494bfc1bf9aa8274cf7996efaca63d84a9c
vcm_train_011548.wav,fil50_01493_ref_tagalog1_BRIGHTNESS.wav,332492e051959b1f8f5bcc23f0f87f93d2c66cf2a2e3371e6d81beb888e20a6d
vcm_train_011551.wav,fil50_09774_ref_tagalog4_LIST_REMINDERS.wav,3db349d7633c95c0b2b0cf0e614113f70e94284a1c22d5bdd591b229cf4d776b
vcm_train_011552.wav,fil50_13134_ref_tagalog8_CREATE_REMINDER.wav,d98778b9007c01933d09e7e5826c6440e68e930f1d96703c8cdc4f286c4455a9
vcm_train_011553.wav,fil50_05648_ref_tagalog14_TEMPERATURE.wav,9c3c7c1371036c4cb526918e18fc9e793739c3a1b06854e788839df0b3dfcc42
vcm_train_011554.wav,fil50_06516_ref_tagalog15_TIMER.wav,7f436ae0f11dc7fb52752f65d37b9750c1413f2196effc443ac1cc688529b8b2
vcm_train_011556.wav,fil50_03962_ref_tagalog12_VOLUME_DOWN.wav,65553f0fdfb1934c466b071f0096add3d03c9d1460154e3cab0dc2f66553440e
vcm_train_011557.wav,fil50_00664_ref_ilonggo1_VOLUME_DOWN.wav,2ae5faca36ea262be4d0fb5e5bc231da71a5bf05ef9a9f5d738e903324d3c214
vcm_train_011560.wav,fil50_02320_ref_tagalog10_TEMPERATURE.wav,f95013a0e37ac9a77d1fe9ed357c3be517d3b5d3589cf37563f8e1c3e97379e9
vcm_train_011561.wav,fil50_12319_ref_tagalog7_VOLUME_UP.wav,6ef0ab55e1c9ae7fcd005e0904d6dc7bef29027c7c06d7042f00c69b94aab1f8
vcm_train_011562.wav,fil50_03127_ref_tagalog11_TIMER.wav,398c97ccdb8c0936b755b42ca5442203f16d43420c78c4a940e93d8dcb208f86
vcm_train_011563.wav,fil50_13939_ref_tagalog9_NEXT.wav,6a1bcd7fb486eb0d2c9bec6fb490229c18fc678aa07ace119dee0a3c3799c3e5
vcm_train_011565.wav,fil50_01494_ref_tagalog1_TIMER.wav,170bcfe3e0b7e10b283754e9c6cbf501f0d8a132a7efe42e9539b1f55c36ad25
vcm_train_011566.wav,fil50_08049_ref_tagalog2_TEMPERATURE.wav,b6aa47c08297dd4298d87d092723c599433d30f50233cc69804ed88d41008919
vcm_train_011567.wav,fil50_04834_ref_tagalog13_TIMER.wav,15a459864f155791a84eec73b308496caf69b1db0cfb2348ba694a81654a6980
vcm_train_011568.wav,fil50_09776_ref_tagalog4_PLAY_MUSIC.wav,5b9abf7ed6cbbbb9989f675a8ac2e25dae01f1254690384c06ef34e6698e8a05
vcm_train_011571.wav,fil50_06517_ref_tagalog15_ALARM.wav,2ab7d6b1958e91d46f95ed6f54556d9e56f7a43ed3c4f948e371517009452f82
vcm_train_011573.wav,fil50_03963_ref_tagalog12_PLAY_MUSIC.wav,c52713237b06cc48902fb9f5285dc5eb37d9022acd0102cb24cc59a679081f4a
vcm_train_011574.wav,fil50_00665_ref_ilonggo1_TIMER.wav,57f2a5cfd64af62fc5faf4e72cbaaaa85598cb877670ce453b7c6d9b2f4d46c8
vcm_train_011575.wav,fil50_11463_ref_tagalog6_TEMPERATURE.wav,f2b2aeedf4fb6ad35d7e2d8b16efc9f55f8278df6cc02a6bf0dca20d6c61dbc8
vcm_train_011576.wav,fil50_10638_ref_tagalog5_TEMPERATURE.wav,0f0c12b9e995bab27f90a76cb04a001dd48745fce04cd68695852cdbbc5aa1e0
vcm_train_011577.wav,fil50_02321_ref_tagalog10_ALARM.wav,6dc9d171b0af3a77153e1db8b122fd44cd1651a7ba9c8b18fca963fe6e6f8f27
vcm_train_011580.wav,fil50_13941_ref_tagalog9_TIME.wav,8c46ad67e1b549d6ff8911ef103c74b1ecf97db28c612e090708e6ca7cc868e0
vcm_train_011586.wav,fil50_13136_ref_tagalog8_TIMER.wav,d86c6a1fd719af89331a5ece8bdefda6d3d98fb9a7a50ac286417012b6a0af1f
vcm_train_011587.wav,fil50_05649_ref_tagalog14_COLOR.wav,3df59b48e5ddfe3da6e6683d4df7585cd8062b1a7ac319d915dc11d3c9652384
vcm_train_011589.wav,fil50_07218_ref_tagalog16_COLOR.wav,5d8da8279544b1370d3a6a81d5ed421aad0929184628ea2d83b85fcbb82ad815
vcm_train_011590.wav,fil50_03964_ref_tagalog12_PLAY_MUSIC.wav,19cf87723efbc7382737a245f2e1b9c87a96516c3178126acf653296885fbecd
vcm_train_011597.wav,fil50_13942_ref_tagalog9_STOP.wav,6260fedb1686d6ce92dec14550d1cea4bbc92b5d082b51f0be4c88826d9a46bd
vcm_train_011598.wav,fil50_08918_ref_tagalog3_MESSAGE.wav,d986cac6cf4f7594860a790cc679805a32e0ad8d50288ce73a146b4d9663cc0e
vcm_train_011599.wav,fil50_01495_ref_tagalog1_COLOR.wav,a52c131d9b09acf067c2aa0b83242302e8f54cb460a1c7c3bff02dfa10e47577
vcm_train_011600.wav,fil50_08051_ref_tagalog2_PLAY_MUSIC.wav,c96becceff0bc97dcbf7a2d6cd320ca6c690a924842eacc86efdd7e69ccf9fd0
vcm_train_011604.wav,fil50_05651_ref_tagalog14_VOLUME_UP.wav,4de84896bd93407d251e37dce316cda6b5b6fab11152effc482f4625f48e743b
vcm_train_011605.wav,fil50_06518_ref_tagalog15_LIGHT_ON.wav,3cac64bbafb8679eaf724b741ddb60c72a00f8aadac103d71094f118b50f6539
vcm_train_011610.wav,fil50_10640_ref_tagalog5_ALARM.wav,bd315fe538af375aa145392fe19fbee33a8519b7520c1bbd4e3a16b76bbf7bfb
vcm_train_011611.wav,fil50_02322_ref_tagalog10_ALARM.wav,5adb00b77cb1d90c245cc2e291d897bd21430c65e850fb897b27161a0a03485b
vcm_train_011613.wav,fil50_03128_ref_tagalog11_BRIGHTNESS.wav,8d5ed0ffaee9ce62eafd5079da6e5ec34b0a48fe6d16faca826403604091a7cd
vcm_train_011615.wav,fil50_08919_ref_tagalog3_CREATE_REMINDER.wav,f194a5eebf3caff89997cb8e0b7e7c5527dd2048d86c5bb8076f52c91aa12a3e
vcm_train_011617.wav,fil50_08053_ref_tagalog2_LIGHT_ON.wav,0ee77533cb8d60bf3636f3587cc2bc4ff2ec1aaeb5ef7af8220db4eb81d967a9
vcm_train_011619.wav,fil50_09778_ref_tagalog4_ALARM.wav,91ef795f9546782af1370e201a7d8eafc2fbb9f99d2cf06218f436e0a72f8e55
vcm_train_011620.wav,fil50_13138_ref_tagalog8_TEMPERATURE.wav,d6a818a808285126e90dd93527ce5e6315143d237e1daa842aef0ae6e4a038bd
vcm_train_011622.wav,fil50_06519_ref_tagalog15_CREATE_REMINDER.wav,b36d52794a9efde1b8ce4922cbd44eae4bfeb8dcb6080412d3cf16a9aaffe233
vcm_train_011624.wav,fil50_03966_ref_tagalog12_COLOR.wav,3e50918a2a9e53d02d75a7e01271243df53b69b101fc37595a74fc280e0ad5dc
vcm_train_011627.wav,fil50_10641_ref_tagalog5_NEXT.wav,04dd21485aadbe99710ddaee60f34fdd7c32376cd810e319d8b55461bc8c5b03
vcm_train_011628.wav,fil50_02323_ref_tagalog10_PLAY_MUSIC.wav,157948464d95212ad9c0abececdeef2592c5b444dfb4b690185f666f807d2f70
vcm_train_011632.wav,fil50_08920_ref_tagalog3_LIGHT_OFF.wav,e7a74409afc39c8ee5430c84340a9cf823c49ec56f422d5c1a59308fd1541a96
vcm_train_011633.wav,fil50_01496_ref_tagalog1_TIMER.wav,0a8fa7801aaae721d76e39be77e85df75fef0239100e66ff53cefbbf2415719c
vcm_train_011636.wav,fil50_09780_ref_tagalog4_TEMPERATURE.wav,9aa184c5763644ba4959d4fb1e696b95901b2193990afa1d385b945c840ac26b
vcm_train_011637.wav,fil50_13139_ref_tagalog8_TEMPERATURE.wav,c4370db1c017b431fd6281563973a31df5a9b915f379b0599b633420b3ffc9c0
vcm_train_011638.wav,fil50_05652_ref_tagalog14_CREATE_REMINDER.wav,cc21be76b7826999bf610a9b2959744d4ab0dbceca6ac0864986c890da27fa4d
vcm_train_011641.wav,fil50_03967_ref_tagalog12_TEMPERATURE.wav,e56f68e770806c8fc65b58355e52a81ebac22738e17e9a6defe69825da503792
vcm_train_011643.wav,fil50_11464_ref_tagalog6_STOP.wav,ddccf315fa62be13b1229541adc95df52970b1b5037273c8e140c1221c3c574f
vcm_train_011645.wav,fil50_02324_ref_tagalog10_ALARM.wav,cdc2ee46854a961c4e7b3cb238b1aa36c97ba1e122d206f27026f32d538bf136
vcm_train_011647.wav,fil50_03129_ref_tagalog11_VOLUME_DOWN.wav,7e81f5f85bae3cffaa1b27f7cf2058eedb833886914d35b691be20dd0af47f88
vcm_train_011649.wav,fil50_08922_ref_tagalog3_VOLUME_UP.wav,9235c5aa38b76589bbdd99ed073d0116328c583d2134dd0dd6140920c53638f2
vcm_train_011650.wav,fil50_01497_ref_tagalog1_VOLUME_DOWN.wav,f7d7c85cef44f86c2a6bd7914f113b63e67c5002ef137b88937050ed243dc6b2
vcm_train_011651.wav,fil50_08054_ref_tagalog2_LIGHT_OFF.wav,6ffc17e3fb28f65c31badc97d481618ce0754c8bf47b36c0c7dd399e082e205b
vcm_train_011655.wav,fil50_05653_ref_tagalog14_VOLUME_DOWN.wav,3ff45683c65589567fca64ea260d7daa98b55e988c2aaa963de371aa2f5909b9
vcm_train_011656.wav,fil50_06521_ref_tagalog15_TIME.wav,3d0a5922e1fe5a76e7a3754921cd6023a1de384917be89bcbff1cd48016b1e6c
vcm_train_011658.wav,fil50_03969_ref_tagalog12_COLOR.wav,37023b4861ff9a7294a83e7290c7172c09d425b2b2372ce0a9172399e07cca7c
vcm_train_011660.wav,fil50_11466_ref_tagalog6_CREATE_REMINDER.wav,edd57fbae004fea9af556ed3382c986def041b7fa7431c90e4b78b400c467ce3
vcm_train_011661.wav,fil50_10643_ref_tagalog5_VOLUME_UP.wav,3144b1870252b65c91a32b75cd6ba1834877693ed54699632e1f7a3cef4a0f84
vcm_train_011663.wav,fil50_12320_ref_tagalog7_NEXT.wav,9e585765605319b1a56532469b0aa22df0c64093f49571d617530d30c60aa59f
vcm_train_011664.wav,fil50_03130_ref_tagalog11_VOLUME_UP.wav,1fe91cc15fabd02af855ef05b12f734f2ca9165139c7c3f393193fe343b31f63
vcm_train_011665.wav,fil50_13944_ref_tagalog9_STOP.wav,a3fe6afb340395df7050fff2df9f870eda435ac2c13c86cf99545c7e174dda18
vcm_train_011668.wav,fil50_08055_ref_tagalog2_STOP.wav,5fc4dbb1dc81dc5a2944102fd9ea28915f3b81a998a41c11e6db794d4893400e
vcm_train_011669.wav,fil50_04836_ref_tagalog13_LIST_REMINDERS.wav,59c1676a14bb56d380df9629a609b4af8ffb18ea71235646068823c5380c36f9
vcm_train_011674.wav,fil50_07219_ref_tagalog16_TEMPERATURE.wav,9dbe7c309db71ed04d2c607a0113199c1740238dd2452f8b77446047d047a372
vcm_train_011677.wav,fil50_11467_ref_tagalog6_WEATHER.wav,7c2ca63d50b2886e7983f69a5605c4160f844b6565e15eb3fc5154da80ee3701
vcm_train_011678.wav,fil50_10644_ref_tagalog5_TEMPERATURE.wav,db3055064224604014e9bc581146d026e8aa38b3a78af6eb8969f41906c2bfa8
vcm_train_011679.wav,fil50_02325_ref_tagalog10_LIST_REMINDERS.wav,e5ef8c66c25323fef94224c5cf1373ef93b79a51b38336cdcce8f89f558bf0e6
vcm_train_011680.wav,fil50_12321_ref_tagalog7_MESSAGE.wav,f1a72bdf88fbcc53d1ef14c217096c1100747fdc356e68bc280c998482325b3e
vcm_train_011682.wav,fil50_13946_ref_tagalog9_PLAY_MUSIC.wav,aa187c6a64505d0141161b44a111d80aa54ee8a99b21de10811ab3f54a842cf1
vcm_train_011690.wav,fil50_06523_ref_tagalog15_BRIGHTNESS.wav,dbf135fc29774fda1581dd1cf58a0a7f359d54fda80d43cd24d64104896f65be
vcm_train_011691.wav,fil50_07221_ref_tagalog16_BRIGHTNESS.wav,afd66a6e84f949a72fa28aed834672f22a266e84e46a9cec2656166549175633
vcm_train_011692.wav,fil50_03971_ref_tagalog12_TEMPERATURE.wav,5975574b1fde4e5f754060c9541fc9b3e404733e5da7bfa427035a982f30a32c
vcm_train_011693.wav,fil50_00666_ref_ilonggo1_LIST_REMINDERS.wav,b8e5d8f80101f1c661158872ebaf2cac54fb91916bd43e7519d5b53a3df060f9
vcm_train_011698.wav,fil50_03131_ref_tagalog11_COLOR.wav,59c90d58962d23b401b235d575b816fbab99a90b8aaac52ba954c5f9ea3b8757
vcm_train_011699.wav,fil50_13947_ref_tagalog9_TIME.wav,cfae3c811879676574b5994dd91a62965dda8e651a37d0136ff060ec5959374e
vcm_train_011703.wav,fil50_04838_ref_tagalog13_LIGHT_ON.wav,ebaaf3a68697299626101877e473b1020783d00d3fb12c6c9e757b6c7a6c7e4b
vcm_train_011704.wav,fil50_09781_ref_tagalog4_TEMPERATURE.wav,873f57087ac02cd206c00ea80bda0a8718aa9534fd0aa751f98b3429deb213a5
vcm_train_011705.wav,fil50_13141_ref_tagalog8_NEXT.wav,e129e371c61b85d77990462096cf7dc7693957317868babc5cfc316eec35584b
vcm_train_011707.wav,fil50_06525_ref_tagalog15_STOP.wav,b333e7f4cd25b9fa62053904b2c4193c1e7c52367ab90a10934e91616f1dd897
vcm_train_011708.wav,fil50_07223_ref_tagalog16_NEXT.wav,6d5fe53758c458d3b954cf69f83ef3852d5c2597d0fb1dea75188e833cc92841
vcm_train_011709.wav,fil50_03972_ref_tagalog12_CREATE_REMINDER.wav,991c1dd9e740c602c0c85c06dcbc626ea74d5b4cf744b7fe433037645f0001dd
vcm_train_011710.wav,fil50_00668_ref_ilonggo1_TIME.wav,188beeb2e74c05055770d6e618e044e521c20b598b773c3d8d162959ab6976cc
vcm_train_011711.wav,fil50_11469_ref_tagalog6_NEXT.wav,a6d84c399435f8e20a71bd63d0137f2dba36c9a589c8cca1272cfef53aef894b
vcm_train_011712.wav,fil50_10645_ref_tagalog5_TEMPERATURE.wav,b07a58e50dd6ea0de6482c40812b8c35d15177d7f3f667464e1885e6fe3b0dcf
vcm_train_011713.wav,fil50_02327_ref_tagalog10_PAUSE.wav,cd8f19c00cca84fb2b3010fde86af66e6c22162fb69257fa6964fe1d6a43c9fb
vcm_train_011714.wav,fil50_12322_ref_tagalog7_TEMPERATURE.wav,d2cea37f21540b862c7730949355672565f2591fbbdf8f5eba339a192a8da6c2
vcm_train_011717.wav,fil50_08923_ref_tagalog3_TEMPERATURE.wav,2177f3afec6536139cbdbc0f6ebc4014a3510de93c508c05c9b356eea10d2415
vcm_train_011719.wav,fil50_08056_ref_tagalog2_STOP.wav,56dcef1d873aab476a2497f3e583ed8b41ba77ace7e902948828913a049083cc
vcm_train_011720.wav,fil50_04839_ref_tagalog13_TIMER.wav,31fa81d6f07e8df7af0e3c99237fe24483c761c4615f47330ed40ee4826c0aa8
vcm_train_011721.wav,fil50_09783_ref_tagalog4_CREATE_REMINDER.wav,38fb60e872fe874cd443fa734c5ef0e1b1b9d291a5819311f68e5db303456e94
vcm_train_011724.wav,fil50_06526_ref_tagalog15_STOP.wav,565fa5b439a82e69b5c393601884f949361c76b94e7a33ef05e4ff924a3a63ed
vcm_train_011725.wav,fil50_07225_ref_tagalog16_COLOR.wav,9833e91a7f1eb66670e58306b02d23e994843632427df23c397adb420a00750a
vcm_train_011729.wav,fil50_10646_ref_tagalog5_NEXT.wav,edf79776753b66472eaeb830ab8a4b2fbd7bdc92ea61cc1070b7ddaf9773fb29
vcm_train_011730.wav,fil50_02329_ref_tagalog10_BRIGHTNESS.wav,c40c0cf2779123a24e701f6bbaea43d39791bfe9195c025325ac90d521f236f9
vcm_train_011731.wav,fil50_12323_ref_tagalog7_STOP.wav,ffe092014f4a04e8a8f52e6af5f6d7bbd8d9f05a374a949e9971d21ad1517af5
vcm_train_011732.wav,fil50_03132_ref_tagalog11_TEMPERATURE.wav,99bce288b2716b1c2bc18205152a591de8ae42027e10955a03f216f4adcd534a
vcm_train_011733.wav,fil50_13948_ref_tagalog9_NEXT.wav,85847e11317fc65eb181c59d0b54ecbdb1582923f85bd38b0baef7dd9bcbe597
vcm_train_011734.wav,fil50_08924_ref_tagalog3_TIMER.wav,f7e30a9eb5ad16ced66c68c2b5b2b8bc4b1c570d85005dc791fa9406dbcfb396
vcm_train_011735.wav,fil50_01499_ref_tagalog1_PLAY_MUSIC.wav,371ab8d469f7450b688c45eb92008fea833b00b574a59d28d0ec364da1e81ddb
vcm_train_011737.wav,fil50_04840_ref_tagalog13_ALARM.wav,67ff71de14e78692fa6441e130ab480b9f9abd9265fa975b65fde73b0b9551ef
vcm_train_011741.wav,fil50_06528_ref_tagalog15_NEXT.wav,ad039b4e98b2598fc67870ecb5dda366e9b23ad2b9315935b7b1e5dc14b3e6a9
vcm_train_011744.wav,fil50_00669_ref_ilonggo1_TEMPERATURE.wav,e47821ea191d3e23dbe96afdbe1b0ffac8f68cb3f064b46dcc99519d2c125c93
vcm_train_011745.wav,fil50_11470_ref_tagalog6_LIST_REMINDERS.wav,5413d8d84457c7b64e5851aeae032c4cee2e30ccc5ef4813b7f46ac258242720
vcm_train_011746.wav,fil50_10648_ref_tagalog5_CREATE_REMINDER.wav,281371c4d05aa5e48bab437ac14a78698262535e719a0de8b027d68567897ef5
vcm_train_011748.wav,fil50_12324_ref_tagalog7_CALL.wav,e04337bee084012c065686be1710e07c85f4d766a56583946b36b0d603b5749b
vcm_train_011749.wav,fil50_03134_ref_tagalog11_BRIGHTNESS.wav,33254bc6ab43b612311026043a0fe878d2a9c251553669cebe236ceba29636e8
vcm_train_011751.wav,fil50_08926_ref_tagalog3_TEMPERATURE.wav,eec1955217568e25ba1ea0089a68b62b7d3462d63a48ddc3520f52c5c62770d1
vcm_train_011752.wav,fil50_01501_ref_tagalog1_COLOR.wav,82efd0e1c493fc00b99bf366bbeca04707708b554a1b6dd8e2537c04d3a1f759
vcm_train_011753.wav,fil50_08058_ref_tagalog2_CREATE_REMINDER.wav,a790a68e4a2d9f4016651b8dff3c47443a51d1e9bf984f882f9cbaa7db8e763f
vcm_train_011758.wav,fil50_06529_ref_tagalog15_MESSAGE.wav,93a414abc2b7de78d0ae7479ad9c0a155d4585dc46987a2d890f2cf8f9ff906f
vcm_train_011759.wav,fil50_07226_ref_tagalog16_TIMER.wav,e1fa6f93afa0476cf6c0506149843c80c1de4fa91af9419ce4889fce1971bec3
vcm_train_011760.wav,fil50_03974_ref_tagalog12_TEMPERATURE.wav,cf423780f902b90bf0ca552e84e0633f7c30455784165eb73c7fdb776498472d
vcm_train_011761.wav,fil50_00671_ref_ilonggo1_LIGHT_OFF.wav,cad70a175c55176667e8afe4ed76e22c9b39f85723127b5ee4ee03dbc2b4673e
vcm_train_011763.wav,fil50_10650_ref_tagalog5_VOLUME_DOWN.wav,ce218d84702788464d9f77ce838d81eeeafe117185c45c22e3d49a373d71cfc5
vcm_train_011765.wav,fil50_12325_ref_tagalog7_MESSAGE.wav,b56578680b746d80852fe45ce839b12307733724f981ac9ae2570d3593213b59
vcm_train_011766.wav,fil50_03136_ref_tagalog11_LIGHT_ON.wav,ff305dc874be1b2117697b71ac6fbe8cb42278a138b8f66a02291b9dd5a3bd63
vcm_train_011767.wav,fil50_13949_ref_tagalog9_COLOR.wav,f4845079050ac41ac0e4af7ab2c535e28cf1e18caa07d79d899cf089a8dd1007
vcm_train_011768.wav,fil50_08927_ref_tagalog3_VOLUME_DOWN.wav,394fb6067a9ded9e012f0e4bf3525d0bd140a76be4f68b2a2026550bc7f53fdd
vcm_train_011770.wav,fil50_08060_ref_tagalog2_LIGHT_ON.wav,ab9552ce08274f51a69b447606c87756c81cfc5f24e97107b62db12fa923295f
vcm_train_011771.wav,fil50_04842_ref_tagalog13_TEMPERATURE.wav,b9989d38fb4cb5ab167e178f3b628ea5c85cb737c21159f574d55d82ec23476f
vcm_train_011772.wav,fil50_09784_ref_tagalog4_ALARM.wav,ead891ca21d1db1749a1d66223eafc9d43ebf934fb4ebb00f3107db4cea5c013
vcm_train_011773.wav,fil50_13142_ref_tagalog8_LIGHT_OFF.wav,01f61a1df13cab289cc0c57d439f2d8dd6f5d0fb8ea4650afac20a1b6c8953c4
vcm_train_011774.wav,fil50_05655_ref_tagalog14_TEMPERATURE.wav,48fa0f6227cf8f41440a60fa8cb94f6ffef9ed57f6dba799de9ddaff321785f1
vcm_train_011775.wav,fil50_06531_ref_tagalog15_PLAY_MUSIC.wav,a3544fb37859c1ed0d5d961fdc8f00023740979fb7b2a098a07611e974a0ab2d
vcm_train_011777.wav,fil50_03975_ref_tagalog12_VOLUME_UP.wav,0301e5b3cfd406d8da9f76ecd89d4701ca0b69433083fc43241100d268f9f769
vcm_train_011778.wav,fil50_00672_ref_ilonggo1_TIMER.wav,c498dc09b96409fb77b458eafa022633fe5b3bf67732aaa8eaaf2c2a01fcd996
vcm_train_011779.wav,fil50_11471_ref_tagalog6_NEXT.wav,79d256b5702e3fb3ff959ab749e34363b9bbcce17f142c7e7cb560966f0f1a2f
vcm_train_011780.wav,fil50_10651_ref_tagalog5_LIGHT_ON.wav,707600c4cf7ffbd70b83f3c36899db6e6630965ef663eef0a5d92ad4afded7b4
vcm_train_011781.wav,fil50_02330_ref_tagalog10_CREATE_REMINDER.wav,972a03323fdf30147cb790aaa0886ebf43c5dee7bb2cc742bccfa573e6143c96
vcm_train_011782.wav,fil50_12326_ref_tagalog7_TIMER.wav,22e4f2430247fbed3850712c64b96a979f9d52ed35953445f7c33f3ed5941c71
vcm_train_011784.wav,fil50_13950_ref_tagalog9_STOP.wav,462bd105c55958dba02541b48fba71690598bff8764ae9cc2c56d36e5155708a
vcm_train_011785.wav,fil50_08928_ref_tagalog3_TEMPERATURE.wav,1bad09b6b05242df84c54351ed2577002cb7bfd21d62ef27e33639e5c54433db
vcm_train_011787.wav,fil50_08062_ref_tagalog2_TEMPERATURE.wav,0f78badfde820d85d45d0d2f37b30f7d030b9377a5e5f8dfe3833e9387f7a51d
vcm_train_011789.wav,fil50_09786_ref_tagalog4_LIST_REMINDERS.wav,4af34adccbdcaf6a36da4df2ed22e7dbf9da951910c80214d7f2c6c263a3c060
vcm_train_011790.wav,,b1171575ff37d4cb819b9ba6908656b23fb4a8d4990457087b6e72f8da7e2786
vcm_train_011791.wav,fil50_05656_ref_tagalog14_TIMER.wav,3bd7e4e774d4259b31580010323847039bcea68cdc97c2c84368dde607ed0069
vcm_train_011792.wav,fil50_06533_ref_tagalog15_VOLUME_UP.wav,4a870cab8388336b233c1f9b7f46bcdd2352439401fc44e6532d333c872a8f4f
vcm_train_011793.wav,fil50_07228_ref_tagalog16_COLOR.wav,680f05602bbd6b53d5d9fc218107a7511c1d2286fca6b2eaa711a72bd4cd5a2f
vcm_train_011796.wav,fil50_11473_ref_tagalog6_TIMER.wav,da1379e33ddda0ae2e16259662f4f0621b051fdc168d9f818dd7ae6fbe201467
vcm_train_011798.wav,fil50_02331_ref_tagalog10_MESSAGE.wav,32a9ac5f5b358f772483c16970aa12e40de5b1d113e5e815d9cdbd54a698425c
vcm_train_011802.wav,fil50_08929_ref_tagalog3_TEMPERATURE.wav,1167b74b01002d482c1636fc70820b73629f96f931a7f18e86bde7d7053c24bb
vcm_train_011807.wav,fil50_13143_ref_tagalog8_LIGHT_ON.wav,9fa08deb7bc49de2cfca8c0be8a4301c2f88c8074bcc76a47605a74eb76335db
vcm_train_011808.wav,fil50_05657_ref_tagalog14_BRIGHTNESS.wav,6e146e4174b09dd9ce03cc9376e19a904b1201e268d8a0fd358ce39d0606ac57
vcm_train_011809.wav,fil50_06535_ref_tagalog15_TIMER.wav,a00bd2d53f9839ac2aa9c4beb3f562404ee324fbce30eb4531b8f87dccd95283
vcm_train_011811.wav,fil50_03976_ref_tagalog12_LIST_REMINDERS.wav,8a2f903c37c9e3b0e824f097067753d464e6c1a17ec5b4616df4a41ce224f023
vcm_train_011812.wav,fil50_00674_ref_ilonggo1_MESSAGE.wav,695df56bd8b6f396af610584dea7cf9208f081714348ebc208a4a42201ed5db8
vcm_train_011814.wav,fil50_10652_ref_tagalog5_VOLUME_DOWN.wav,10a4e277a4aa3e09a32c93667654ee996188028552884051717b68c20d9fcd0c
vcm_train_011815.wav,fil50_02332_ref_tagalog10_WEATHER.wav,90e9aa08cc8b79240e800541ea703474c452b961068f0dfbec6e55e7b19c15e5
vcm_train_011819.wav,fil50_08931_ref_tagalog3_WEATHER.wav,073161a9969e45435d2b9327145bc0be58f83cf642071201d945c955e8308097
vcm_train_011820.wav,fil50_01503_ref_tagalog1_VOLUME_DOWN.wav,b7e09ea7fb559ed71d3ab2fbfe5d835e8db3276c47e5be5ef48cade93fc8a653
vcm_train_011821.wav,fil50_08064_ref_tagalog2_ALARM.wav,a8eec25db1f0431e257cb79ab3802c6f7faef62616f195cb885b63eb0eeb0237
vcm_train_011822.wav,fil50_04844_ref_tagalog13_BRIGHTNESS.wav,37967e0476a17fb5a47bb49305a8cb63023e555f1e5d4a9f4d3bed1d25b13f90
vcm_train_011823.wav,fil50_09788_ref_tagalog4_NEXT.wav,dd480ed5ecd3e2acc006196207905760355e05d238b339cbdca6085b89db9d05
vcm_train_011827.wav,fil50_07230_ref_tagalog16_LIGHT_OFF.wav,fd3e1d9b711eb7b4dce33ed38148f3a6322f3055ed608c532ca16e26f56b266a
vcm_train_011830.wav,fil50_11475_ref_tagalog6_TIME.wav,9f4a1bce600b5844e421cc500b7c2a1317dfe5b41faebfb90d0ac1c93328b247
vcm_train_011831.wav,fil50_10653_ref_tagalog5_COLOR.wav,f00d82298f7950ffa32db4adf540955064c692179685d6c0cb0a694d60ea8008
vcm_train_011832.wav,fil50_02334_ref_tagalog10_WEATHER.wav,3667a21c973d772c935c3d09283e036d529528e0d4f6d43bbaa972e7b37f06f0
vcm_train_011833.wav,fil50_12327_ref_tagalog7_VOLUME_DOWN.wav,4aba3ae39dc4c1ec9190cffafe649a7e6ae082a45ccf5d208a8be20bf5eaf456
vcm_train_011835.wav,fil50_13951_ref_tagalog9_COLOR.wav,b2092851ea375ec8fa94642692c071f0671efc3cc9b586d3e287d8e7b85f6a29
vcm_train_011838.wav,fil50_08065_ref_tagalog2_LIGHT_OFF.wav,a086ec0a9ec044b3daa210577c079fb0943e8a2d7ad9653dfedd6c7e0432b390
vcm_train_011840.wav,,342be88470b6646f6cd7b5f7c5c05839e2faa589cc6489c1c6284eb61cc07c87
vcm_train_011842.wav,fil50_05658_ref_tagalog14_TIMER.wav,db8c949394d69356809202e0cf82569b38aaf8189767d5f5ef5ed0301afe2c6b
vcm_train_011843.wav,fil50_06537_ref_tagalog15_NEXT.wav,b5f2e631fded3598abb6cd6f4b353667c256e3a307886354f7786670e748129f
vcm_train_011845.wav,fil50_03978_ref_tagalog12_BRIGHTNESS.wav,4c513c42f363e2de1effa51e804d8c495b6849402483545df33539406912e6c3
vcm_train_011846.wav,fil50_00675_ref_ilonggo1_TIMER.wav,a91ffe95cd7b2d0ba7da6b8d9da596e6e5170ac33c31c746ccbe35b9cb031fc8
vcm_train_011847.wav,fil50_11477_ref_tagalog6_CREATE_REMINDER.wav,270ab5346f96e33e07804ef18e282f69d7e19e85dfbb7be319ccb06696de0b41
vcm_train_011848.wav,fil50_10655_ref_tagalog5_TIMER.wav,8fda1ead3e76ee6473ca23c96506de57cfc66e06c09f1e9d6010cf51559e3db4
vcm_train_011850.wav,fil50_12329_ref_tagalog7_VOLUME_UP.wav,0ba449426e072d8c8d28039eaaec404146212fc6e41021c48f2ea1e140626265
vcm_train_011853.wav,fil50_08933_ref_tagalog3_TIMER.wav,f3590e5a8bd6e67a4d77e6e46aea050de396cf09f343cb1de333d3ba7eef3ed6
vcm_train_011855.wav,fil50_08066_ref_tagalog2_NEXT.wav,638fd6ec326dfd50acf00fad8366474f84583a006bd850f9470c35564e3a3b89
vcm_train_011856.wav,fil50_04845_ref_tagalog13_ALARM.wav,e8b912a454b0350bdc731794e4445bf2aecd160c462d47a0e44bcce8c623f030
vcm_train_011857.wav,fil50_09789_ref_tagalog4_WEATHER.wav,13cd92cd778c5673091e58c51089b11e6c0cdfdc6c6a0f02accd9df9698beb40
vcm_train_011861.wav,fil50_07231_ref_tagalog16_TIME.wav,ecb6fb90ca857d85a470f1852a910f5e6946d2351da80abca94785d1f38079cc
vcm_train_011862.wav,fil50_03979_ref_tagalog12_VOLUME_UP.wav,7c4fbdb0123283ced51616395943951c19683484c52bc73047ed3b491f914d67
vcm_train_011866.wav,fil50_02335_ref_tagalog10_TIMER.wav,a390d911a8154715960025498e87453d0c0b52b78e23f7fbf8807f8e93d44dc0
vcm_train_011868.wav,fil50_03137_ref_tagalog11_ALARM.wav,16742947d44cf386da7308e4c25602f397966a2ed832108245de68f26f935240
vcm_train_011869.wav,fil50_13953_ref_tagalog9_TEMPERATURE.wav,3274bd2684af8cc20b5830a9b0a6bb0096cc66f55eca7308ff8c0ba1226d95d3
vcm_train_011871.wav,fil50_01504_ref_tagalog1_ALARM.wav,3756f3ed80a4b461549135d7e6ed25928f60fc3c25e0feb88704593ae331629c
vcm_train_011872.wav,fil50_08067_ref_tagalog2_LIGHT_OFF.wav,1d7902dec440a76d6729e49d8d421aabf8e4b9eccc16cc65c1f548195c7487c5
vcm_train_011873.wav,fil50_04847_ref_tagalog13_TEMPERATURE.wav,7c2f30158af0153ba986aaaec13bde44c00390fc6d4ba1c6e867de342cd37cc2
vcm_train_011874.wav,fil50_09790_ref_tagalog4_COLOR.wav,ea7dbf19ed14e1495dbea2df635352e020fb819a72d66be3f9dee34c77ce88f1
vcm_train_011875.wav,fil50_13144_ref_tagalog8_CREATE_REMINDER.wav,545518b8b5154476a34a99a39372b9080f4db6c3e2c02f89b3c53fc78bb5b507
vcm_train_011876.wav,fil50_05660_ref_tagalog14_COLOR.wav,ac890afe42c70b1177d511b611d459a73c0ebd0a73b35be84eb2c5f54904a7e5
vcm_train_011879.wav,fil50_03981_ref_tagalog12_VOLUME_DOWN.wav,d75f41765933db9114eb9f0700a15914cc5bd3fcf19718a378e000c98112de15
vcm_train_011880.wav,fil50_00676_ref_ilonggo1_LIST_REMINDERS.wav,e087451de5c97c545ed3823ee02e1b50aaada1866574c6ce9ed6841d680a00b1
vcm_train_011882.wav,fil50_10656_ref_tagalog5_TIME.wav,106c7226e4a86feb6531f6b2938f9256b86ed5083753c0fb25761d763a56cb67
vcm_train_011883.wav,fil50_02336_ref_tagalog10_ALARM.wav,993860a0591b8a8eec822231dd1ed06d4587e7885cddafc2cd834ea0a21a6e9f
vcm_train_011884.wav,fil50_12331_ref_tagalog7_WEATHER.wav,d22389060802c4e939570f279ecec7d3ad4c3ed509291cfd43cc4bf5f1334b54
vcm_train_011886.wav,fil50_13955_ref_tagalog9_COLOR.wav,74d73483c84e9d66d2a6862ecb4d2233ee5aa2b8e7b6976ab48e791ad34aabee
vcm_train_011888.wav,fil50_01505_ref_tagalog1_TIMER.wav,040b9a8c070a99ea98175966e0a1489222cac5fee8ac08c12db1a4052cfbdfa6
vcm_train_011890.wav,fil50_04848_ref_tagalog13_NEXT.wav,4148f41b94f96a22d064e8be6489bfe7386ce0970f0f7b468c0c6e5b5134dfa3
vcm_train_011892.wav,fil50_13145_ref_tagalog8_TEMPERATURE.wav,7cb7d127cb677ab284bf95630f67bb3747a96eac6057bd76769fb6fbfadc5ce5
vcm_train_011894.wav,fil50_06538_ref_tagalog15_WEATHER.wav,4f08ebab5de0420feacf0832e6fd2bd4ccaf9b8dcb8b5a2947d8886c9e302414
vcm_train_011897.wav,fil50_00678_ref_ilonggo1_TIMER.wav,4bf57f7c0a1d1d834256eaeceb4c2766f3ce55a06e544a8460130900eaaee010
vcm_train_011898.wav,fil50_11479_ref_tagalog6_TEMPERATURE.wav,39cb0af2744c24abd77ef760521d826fe93495f2e2bfaca12d6344898f24d8b1
vcm_train_011901.wav,fil50_12333_ref_tagalog7_TIMER.wav,a16f346f2f905ab1784e51fd81eeeca57f9dfc3d68447147bc4c3bcebf07bb39
vcm_train_011902.wav,fil50_03139_ref_tagalog11_TIME.wav,d187ff5a86a7299ce1ef3c75a97ea5cee9fc46b8c4f364f497b04b5169f0fd47
vcm_train_011905.wav,fil50_01506_ref_tagalog1_PLAY_MUSIC.wav,ebfe13c4b5da6219f2a8f7af2f37e2eac6939e0135cb3cde2244f0eb3a3e7dea
vcm_train_011906.wav,fil50_08069_ref_tagalog2_TIMER.wav,3f179a8cea3f508b0bfce7200beed1addff24f2ea3da53efe5c91af739fdc67b
vcm_train_011908.wav,fil50_09792_ref_tagalog4_LIST_REMINDERS.wav,9f2080685a438f8571c592986c49d78a61884ebf1aab99f99fa8d65649337b32
vcm_train_011913.wav,fil50_03982_ref_tagalog12_CALL.wav,70c189f19d837f67d2fa9fdd0460d1ee96bcd69cc1a4ccd9b3e03d540d48a9d9
vcm_train_011914.wav,fil50_00680_ref_ilonggo1_TEMPERATURE.wav,0e1a3488ab7a2992c07686e81cd56fec7548de567b71709a3b7e95d4afaf942c
vcm_train_011915.wav,fil50_11481_ref_tagalog6_NEXT.wav,9b88162505cd0d199772bac4faa4d4a34729da4f51032c959a96abd80ba6d41d
vcm_train_011918.wav,fil50_12335_ref_tagalog7_COLOR.wav,2561e4e6bb498d6d88df88bc5c03c74605223257b94abacc7f50813bda13ca67
vcm_train_011919.wav,fil50_03141_ref_tagalog11_TIMER.wav,f42ed10c789628ad9a763d49017096dfca710105cd5af3a2abdb6d18950b7696
vcm_train_011920.wav,fil50_13957_ref_tagalog9_NEXT.wav,55c2dbc38c90adea372069cdeb9fc7fa33b35485b34cdd50c8092a3fa92b7a62
vcm_train_011921.wav,fil50_08934_ref_tagalog3_TEMPERATURE.wav,1857530086011d0e6baca978efc9105807dc1adeab5754e104342132668f1784
vcm_train_011922.wav,fil50_01507_ref_tagalog1_TIME.wav,b36eded2834ee77d93c4c251ed67a09f77aa412514f28b08a365744efb172331
vcm_train_011924.wav,fil50_04849_ref_tagalog13_VOLUME_UP.wav,f2a76524af89d34dd7057f13aa77acd1d41c4e6a373327845ff62a4ada328af0
vcm_train_011925.wav,fil50_09793_ref_tagalog4_BRIGHTNESS.wav,5b2b478190b5fcc49cf667eda9a45125e05ac81742a0243180d00ce84b035378
vcm_train_011927.wav,fil50_05661_ref_tagalog14_TIMER.wav,0119cea41d8b516b019060dd0c30026cdd8e4dbad39bc2e4747d81ba594a94bf
vcm_train_011928.wav,fil50_06540_ref_tagalog15_BRIGHTNESS.wav,91bb57caf051148faf0f00856bf63565e76c1e04cf1f7435dab996eb9da5456a
vcm_train_011929.wav,fil50_07232_ref_tagalog16_TIMER.wav,dadb8fa609de98c5724ddfe1a95de33c1157b430833b54ac2b057bf13e9ffc9c
vcm_train_011931.wav,fil50_00682_ref_ilonggo1_NEXT.wav,34a491b62333e7654f03675c081f6c704a16bfdef3e52f2675f0432f6e387eb1
vcm_train_011932.wav,fil50_11483_ref_tagalog6_NEXT.wav,3c3699d7d470229e334056304135970d205548a7056bab8a008f57b0d0c9f1d4
vcm_train_011933.wav,fil50_10658_ref_tagalog5_TIMER.wav,75cf192fb4dc74d9f6c3353543805a5d9590e8b6bfa586503596f2444c2df09f
vcm_train_011934.wav,fil50_02337_ref_tagalog10_TIMER.wav,616ceb9e3a0d7926021c0686921ed5de23714412816a92b6ff9c4d7a9078cd85
vcm_train_011936.wav,fil50_03143_ref_tagalog11_TIMER.wav,1a9f91f331bf3b06fc989065d23cae082e81f13c538197aa8083d14bb29f5696
vcm_train_011937.wav,fil50_13959_ref_tagalog9_TIME.wav,aeb85d6ccefa5e78588f17a313d8b142b2c9d1c69abc958973d789a6eca04fcd
vcm_train_011938.wav,fil50_08935_ref_tagalog3_TIME.wav,04aab3952adeefc437ea904ff6b1fb0189e38d18b1d114b643a8bea0f267b2c1
vcm_train_011940.wav,fil50_08071_ref_tagalog2_ALARM.wav,bdb9cfb34a609799cd68869119f7b05bf2faae223daa5d4879120721fe4d1055
vcm_train_011941.wav,fil50_04851_ref_tagalog13_VOLUME_UP.wav,d96b862440d714542355c23a3ed0c5ba67c5a3ecb5966195e91df1c0e164cbf1
vcm_train_011942.wav,fil50_09794_ref_tagalog4_PLAY_MUSIC.wav,9b3802594b5d98a95c7a802c1515c43bfcfe4532adcf730d9ed0a100918621a3
vcm_train_011943.wav,fil50_13147_ref_tagalog8_VOLUME_DOWN.wav,8435453259b8211eb84f7e1db51caa25f35ab5097fe6d3806179197c99c8fd2c
vcm_train_011944.wav,fil50_05663_ref_tagalog14_TEMPERATURE.wav,9ce88ee52d98871cb7600dfef159c6933b326be4e7b8714b1b59017817a00440
vcm_train_011947.wav,fil50_03983_ref_tagalog12_LIGHT_OFF.wav,812ab63e5881e87f0003576ccd398fe80edd975a1d41de42c039942374945bc3
vcm_train_011948.wav,fil50_00684_ref_ilonggo1_TEMPERATURE.wav,fdc7f9498394eb34d3f9945bced23fecbda50c48d765ff8b2498b6d4c7743b1b
vcm_train_011951.wav,fil50_02338_ref_tagalog10_CREATE_REMINDER.wav,fb5d8e2b17f035b16cc2c18f5433cf2eb4a9598c8cb414efd85a4cf168a8bee5
vcm_train_011953.wav,fil50_03144_ref_tagalog11_PAUSE.wav,3607bae8605b65f15d460105581135f5ac1b38562962466519fca8964c79b128
vcm_train_011954.wav,fil50_13961_ref_tagalog9_PLAY_MUSIC.wav,0d6f64e15204cbc7a172d4defcdacc38172c9bcf70eed4cb657c277041f55ab8
vcm_train_011956.wav,fil50_01508_ref_tagalog1_TIMER.wav,b9939a21aad763b43ecca81a7185dd729101ead53b97e02250419f69533a3f23
vcm_train_011957.wav,fil50_08073_ref_tagalog2_LIST_REMINDERS.wav,0fdb7f84fb19094b6fb5ed1efacaf84d0c13f4438624ed2c79cb712c599ab65a
vcm_train_011958.wav,fil50_04852_ref_tagalog13_CREATE_REMINDER.wav,e867afe597edad00351ea781f84d535a3772a699e2d92766ccd52cf991099b04
vcm_train_011959.wav,fil50_09795_ref_tagalog4_BRIGHTNESS.wav,a62573e39ba03777f64cd3207155ec1a7127e3255849a8698a76a00b882bf165
vcm_train_011960.wav,fil50_13149_ref_tagalog8_COLOR.wav,20f02ee4d3e570286a871f88e206b3e35a7365a362335b8918959bbb55d206ba
vcm_train_011961.wav,fil50_05665_ref_tagalog14_STOP.wav,655bc84f7f4c1aa9258510abd1c285750e975ff7018a186ea8741012edc3100d
vcm_train_011962.wav,fil50_06542_ref_tagalog15_BRIGHTNESS.wav,4085a3b9ea2f96fc8617e23c63e1fa2d3c9bc7010ef94be71e60444903f7fb6a
vcm_train_011964.wav,fil50_03984_ref_tagalog12_LIST_REMINDERS.wav,e0787b68514634a5f5409a1b21a867f6e07cb942ed19fcc811b2c2f6ee1664f5
vcm_train_011965.wav,fil50_00686_ref_ilonggo1_LIGHT_OFF.wav,3f07b42e5146172d8152c8f910bc5169a0ed7338453c64ea8c81bc9f694fbfba
vcm_train_011967.wav,fil50_10660_ref_tagalog5_COLOR.wav,7512b9b13072b941ce76b3137a5d8dda10cb92c2d47748f2a665cedbd0b50647
vcm_train_011968.wav,fil50_02339_ref_tagalog10_TEMPERATURE.wav,e9382f95bb86751e5c91046685247e2f716cf06677fd8d3b019c2ca47b9d5b30
vcm_train_011969.wav,,46cb526be3deedef7a511503d184b846f88a146ad2552a4f93b4fb968cfd06e8
vcm_train_011972.wav,fil50_08936_ref_tagalog3_LIGHT_OFF.wav,0f4c30f7617b98ca681ebaa0f0d692c29edc19fa3bd672c0365e8b26708336ea
vcm_train_011975.wav,fil50_04853_ref_tagalog13_LIST_REMINDERS.wav,d1ad2b279911324bd0060ea6d15c7335899d6c125a723ca9b04d6c6165edad9d
vcm_train_011977.wav,fil50_13151_ref_tagalog8_ALARM.wav,06684e5cc8895bcd463481f5cbec372b4a6d70fd60114cc5738fc63546599fa4
vcm_train_011979.wav,fil50_06543_ref_tagalog15_CREATE_REMINDER.wav,4049e24aa9c1d5b65635bf394288c65cd46770c4c45cef492570522ecff9111f
vcm_train_011981.wav,fil50_03986_ref_tagalog12_CREATE_REMINDER.wav,0290224fda37cb06ece89fcca3c8321fbbde62ad90a4e79da143eb0613d4e26b
vcm_train_011983.wav,fil50_11484_ref_tagalog6_TIMER.wav,57d425ba012cfcc3a5fb18b46755067522aa84c921ae29b3f770f5134c77b697
vcm_train_011985.wav,fil50_02341_ref_tagalog10_TIMER.wav,284904ab8d1b4c349c23621cf9fa2040ca806ae863784088c5c5594f324c73b2
vcm_train_011986.wav,fil50_12337_ref_tagalog7_CREATE_REMINDER.wav,0d55ee4fead9bcc9d3a122c2eb05aa4d2f836d674176f7acea3e7fb237cda09c
vcm_train_011988.wav,fil50_13962_ref_tagalog9_COLOR.wav,af6e404db65f4926c9c51bb14285b9e45a3e21c70a56bff3bfe9cc00c9c236bc
vcm_train_011989.wav,fil50_08937_ref_tagalog3_VOLUME_UP.wav,0083d7036224d1057bd0b1dc98488bf8f764ec65609adbb6530667791025cafb
vcm_train_011990.wav,fil50_01509_ref_tagalog1_ALARM.wav,04b83e6b0b4cb53ea709c4d3c8c463aeecc2c22b4c59a91fb5bb0a9d8a89f7e7
vcm_train_011991.wav,fil50_08074_ref_tagalog2_VOLUME_UP.wav,02901741f90289110f4d522c62544040c99a9f7998cf4c7ea1bdffdaf6dbe055
vcm_train_011992.wav,fil50_04854_ref_tagalog13_LIGHT_ON.wav,781a00203b3e72db705a8f12167b6c4d083b8e096ef32a03559ddbb9401406eb
vcm_train_011994.wav,fil50_13152_ref_tagalog8_COLOR.wav,91b223c4bc6a7556c250967ffa1044e4c68cbc2abb55cd0c259c2c74837368f6
vcm_train_011996.wav,fil50_06545_ref_tagalog15_LIGHT_OFF.wav,6c35e286015c1a81a0055d15b9f4392cdc69cbaa3a1fe2029bd6be3ed81a60e0
vcm_train_011998.wav,fil50_03987_ref_tagalog12_COLOR.wav,dc74ea929af12277189bbd9fefffdc451226ea69e2474c22eaf0b15618a0e01b
vcm_train_012002.wav,fil50_02342_ref_tagalog10_TIMER.wav,1b47a066037ee953090cb91e59f52b3e47bf4dd2ef476201d7a4e78fdd9e4865
vcm_train_012003.wav,fil50_12339_ref_tagalog7_ALARM.wav,025f582d0814bced9e022d9c99b22b2b2f9ba20849edea4db4fb03be10873dd1
vcm_train_012007.wav,fil50_01510_ref_tagalog1_TEMPERATURE.wav,f2aa9b93d4aa92f1280c925df809df459dd6faf3cb9caae7303d9a1b6645668a
vcm_train_012010.wav,fil50_09796_ref_tagalog4_COLOR.wav,f3913a3946dae44dd68f1798ee73f2fb920d8cefeb65482d33cb2dd957367992
vcm_train_012011.wav,fil50_13154_ref_tagalog8_NEXT.wav,c64e4298db5b5ae2c3b47025b61bdcc9d3136db0859e857c23ff75c952be1563
vcm_train_012015.wav,fil50_03988_ref_tagalog12_TIMER.wav,85dd6d2708775413b6b74148f99b3fe284c657660289e2c1b3fc7c68cd441e27
vcm_train_012016.wav,fil50_00688_ref_ilonggo1_ALARM.wav,5df8fd05eb178c844078552c2c9eab7adcbee4543fb99e39cec47375448a5100
vcm_train_012017.wav,fil50_11485_ref_tagalog6_TIMER.wav,459e5284af48a2d41d358f2303c30ce447eb42c6faa91ec14c028803c39cff92
vcm_train_012018.wav,fil50_10661_ref_tagalog5_LIST_REMINDERS.wav,52e01ec1d8534dabf7f84d211a0bd424ba4dd8cb729874462e556abaa8e7976b
vcm_train_012019.wav,fil50_02343_ref_tagalog10_COLOR.wav,c45c22245d8f9092e6abc8106f3f846289a510b7dd658256a8430fbdd8e10470
vcm_train_012023.wav,fil50_08939_ref_tagalog3_TIMER.wav,d8f1574e6586ba4b605ffae076f5eae67c1faf9e7c57c62634e06f0ba5460c65
vcm_train_012026.wav,fil50_04856_ref_tagalog13_VOLUME_UP.wav,7d509990d082b34607f0a365b6a4bf9ec8e1c59fff938f9a91af56b75ba7ac23
vcm_train_012028.wav,fil50_13155_ref_tagalog8_TIME.wav,8d7e275c1e81650be1a3ddcb144300f08b95ea599e50ff79c952ad5e70622bb5
vcm_train_012029.wav,fil50_05666_ref_tagalog14_TIMER.wav,e081a5af9cfb719bb22daf5ea199b6e348b705b1cdf50aa02429cb813491a110
vcm_train_012031.wav,fil50_07233_ref_tagalog16_TEMPERATURE.wav,b9c3d3e04e878d14ec58f3e5e1c02ac056d8b98d76c8521cb5a18802d964b91b
vcm_train_012032.wav,fil50_03990_ref_tagalog12_PAUSE.wav,d55db788b7a6fbc247f2ed238b4b6c8001513cfa6dcf1216186f5b9cb2b85878
vcm_train_012034.wav,fil50_11487_ref_tagalog6_LIGHT_OFF.wav,c3a8946460c658ff45b45088d3b472b51751911aef26f06781f2e7cf1c4323f5
vcm_train_012035.wav,fil50_10662_ref_tagalog5_BRIGHTNESS.wav,9259f0a5fbb542ea52e18b307b769ced1a5d5b5c181cb6f4fa28f49127a8de46
vcm_train_012036.wav,fil50_02345_ref_tagalog10_MESSAGE.wav,3ba113e7becce9346b3f18e0cfa0c18c79a4bf27f1ab4d9993ed1eb8885ff9f4
vcm_train_012037.wav,fil50_12340_ref_tagalog7_PLAY_MUSIC.wav,4af8957045363539dbe85493a6edff7885b93defbb28d03c695a044cdd41bbc8
vcm_train_012040.wav,fil50_08940_ref_tagalog3_TIMER.wav,4d3f046a5327d568186709a1ea96977cd78cd64cd0d1d138e1e6e72707719793
vcm_train_012041.wav,fil50_01511_ref_tagalog1_TEMPERATURE.wav,64e65e6063a9b2e91bfdd553c2d899c152ecacf5d9cbd101653c17c81e5c89a0
vcm_train_012042.wav,fil50_08075_ref_tagalog2_BRIGHTNESS.wav,5237b99066716763ce9562cac537fa76e95ac8938c1d0782f456410f5d4dbeb7
vcm_train_012043.wav,fil50_04857_ref_tagalog13_TIME.wav,67b86382b5906469d4ba54beed210ed874ac4506190a05ca5a7899f80ef1acf4
vcm_train_012044.wav,fil50_09797_ref_tagalog4_LIGHT_ON.wav,1a89e098a22ff0aa82b97b014b4f4deaf3fcf71fa3fc4b6ff212867d64707732
vcm_train_012045.wav,fil50_13156_ref_tagalog8_TIMER.wav,99cb44a20784eb9f39e09279e1659b4e0d3f5ed44a3455b9e0d1e3f50b705464
vcm_train_012046.wav,fil50_05667_ref_tagalog14_CREATE_REMINDER.wav,9a8e7d56afdd4125358c8c3dc03c28b6379231912a58ee02217ccba6d1c8e194
vcm_train_012048.wav,fil50_07235_ref_tagalog16_LIGHT_OFF.wav,7ca611d46a0d142d04f7a01863d2d89ca33957e9e49a8bdedc2054cc10ca391a
vcm_train_012050.wav,fil50_00689_ref_ilonggo1_LIGHT_OFF.wav,45dc43a8d8d96c1e1617daaad0fdbd3d9b97963568009a812575881bc9994418
vcm_train_012053.wav,fil50_02347_ref_tagalog10_CREATE_REMINDER.wav,8c95dc321744f8f71c81e89eeb0b244c35fd9ca523be8b1c3016c68b4e1d1165
vcm_train_012054.wav,fil50_12341_ref_tagalog7_MESSAGE.wav,c426314a43e4244abf4628bcb85514f416a8f4c3901eb07efa08312fc6fbdd23
vcm_train_012056.wav,fil50_13964_ref_tagalog9_TIME.wav,53198aed3da0860e741b3fb56b6b9aa5c95f5b1386ee7375c5d338ffcffc24aa
vcm_train_012057.wav,fil50_08942_ref_tagalog3_CALL.wav,b1f2a1e3a459e99a0f9a49c4e01dbb5bc04c4db4499d93a772c2b08c9a06bf26
vcm_train_012058.wav,fil50_01512_ref_tagalog1_BRIGHTNESS.wav,d9ededce6aa1dcc8898bad1fbe8b294ae4cf3d795cf9b370e7118068c6ac67d2
vcm_train_012059.wav,fil50_08077_ref_tagalog2_CALL.wav,a9eb066cf208f236ac83aad73144ae12b8bdd9ae44bdfdb78f8b9a335b26f4f2
vcm_train_012060.wav,fil50_04858_ref_tagalog13_VOLUME_UP.wav,5a2dbc84cbb82346c90d2039b802b019c815e45bc46eb6b1d0f88d90ed0ff80d
vcm_train_012061.wav,fil50_09798_ref_tagalog4_WEATHER.wav,8fe62a6f983ed1862a4bde02a81fa69dd4486862d174d99d9916f411163a5fd0
vcm_train_012063.wav,fil50_05668_ref_tagalog14_NEXT.wav,10fafe027ff6841e60c88abdd501c3be9af9c3605cb71671c6995e9f98744a0e
vcm_train_012065.wav,fil50_07237_ref_tagalog16_TEMPERATURE.wav,2c88ee31c33dbcbdfcb69323681b2c47b67ffd92cdd615894f656a674169f1e5
vcm_train_012066.wav,fil50_03991_ref_tagalog12_ALARM.wav,28f177b7374bb546c0d1ea84c24ec0f901f03baea5fbaa3046336a4888e386d7
vcm_train_012067.wav,fil50_00690_ref_ilonggo1_ALARM.wav,c632d2be9cb6401549ebae7a5e0510f48a7092d55119e8aa2dd655fdd9150040
vcm_train_012071.wav,fil50_12342_ref_tagalog7_COLOR.wav,d44ddaa5963f504126ea2b42e0613d22e93487779b608af2019659ae32283ba3
vcm_train_012072.wav,fil50_03146_ref_tagalog11_CREATE_REMINDER.wav,0abb7eee46ef186487c1efcaa603f953c19c30bb1c5b0077a8696a12735d60d8
vcm_train_012073.wav,fil50_13966_ref_tagalog9_LIGHT_ON.wav,56c22f99c0dc4148316f2eae000990143528569e4cc778ce0e63824da21d6f31
vcm_train_012076.wav,fil50_08079_ref_tagalog2_VOLUME_UP.wav,815eabe23a1795a10f1747f763b89b9358b3f739a6dc78dc3cb4220285955aac
vcm_train_012078.wav,fil50_09799_ref_tagalog4_TIMER.wav,b88cd78c41681e22422af0e5db17e93880fd6271bbb8afb968fcd3017251be41
vcm_train_012079.wav,fil50_13157_ref_tagalog8_LIGHT_ON.wav,d77fccf09ec7f7f4ca16a48c2408eb1b304c9bb726fc18144125a4d4648e4514
vcm_train_012080.wav,fil50_05670_ref_tagalog14_NEXT.wav,1e551e4ab0cf153de898e16667f0732bc56161d8a21a45b3a4a089f9896c35c1
vcm_train_012082.wav,fil50_07238_ref_tagalog16_TIME.wav,09ce4ad99c3f05ef576fb5f4018a746d29f32bbbdeb57c22046659f9a82cced4
vcm_train_012083.wav,fil50_03992_ref_tagalog12_ALARM.wav,99e37d4331cddda621a9ab686ebb02dee192812fe404a7500ca6a44c80562bcb
vcm_train_012084.wav,fil50_00692_ref_ilonggo1_BRIGHTNESS.wav,35c8ac6a9d1ee3377e103ed48056daaeac876629bc24b5975435d3f87d9434c2
vcm_train_012085.wav,fil50_11488_ref_tagalog6_LIGHT_OFF.wav,17f6aefcad44d53b9ca51fa01fc1f40d04a7a813b71e19bc23d19424345a7e15
vcm_train_012087.wav,fil50_02348_ref_tagalog10_COLOR.wav,bb9f8d61f636a3521bb3713f4927b3cefa9542ba0a97cd1a061a5edf089ff8af
vcm_train_012088.wav,fil50_12344_ref_tagalog7_BRIGHTNESS.wav,acd253e0d8794b23d536d1f2254a4e0f724c967f5462d7f84e3d237cd49ea407
vcm_train_012090.wav,fil50_13968_ref_tagalog9_NEXT.wav,7e1df4d871c068388208bf3694ef086db403840fc9ae9597d5e05b5ccf2329dc
vcm_train_012095.wav,fil50_09801_ref_tagalog4_PLAY_MUSIC.wav,acd17bd522745ebe8a1ad135877fd71a9aad598da779e8c67f510223473424f3
vcm_train_012097.wav,fil50_05672_ref_tagalog14_PAUSE.wav,a254c814c3c544fe50461c27ae367b9cf58b6a9743d8ccce1bc83e7a1fe41a1f
vcm_train_012099.wav,fil50_07240_ref_tagalog16_BRIGHTNESS.wav,7c361521c813c0bbd06cbfef18ee54773b83c894e2b50d347a0f13c4ade76790
vcm_train_012100.wav,fil50_03994_ref_tagalog12_ALARM.wav,7f6e7aa85a3ecb849ba4d9d9cc05a327c41649b1658a5f23abef30c470b4458e
vcm_train_012101.wav,fil50_00694_ref_ilonggo1_STOP.wav,c543aa81f8604e0fd7697938b5e55126aa0387f2be425254d8243f8127408627
vcm_train_012102.wav,fil50_11490_ref_tagalog6_STOP.wav,399e9b48b403e1ac00630c99e0fc8a95a787582ae6718b49d017fcd996eaa062
vcm_train_012103.wav,fil50_10664_ref_tagalog5_CREATE_REMINDER.wav,8474f186e71048bd641b6b7cca9d883672e040cd5b6c208125bdea31af1b08fb
vcm_train_012104.wav,fil50_02350_ref_tagalog10_LIST_REMINDERS.wav,693facaff3933cbc144cbebf50ac880fc2e358ae3cedf72007f530e870c8fe4e
vcm_train_012108.wav,fil50_08943_ref_tagalog3_PLAY_MUSIC.wav,ddee27ac5c7fbd251fe8ca8e739997cf00b5df27ed719a85e82b55c14a93726a
vcm_train_012110.wav,fil50_08081_ref_tagalog2_PLAY_MUSIC.wav,10b82673f68071bdfe60a2d829bbfcf9b36c9344040703032c0332604bb40e81
vcm_train_012111.wav,fil50_04860_ref_tagalog13_TIMER.wav,6f1b80c622fb88e80de724a4e111f51c53584734a1d53152ee1554817c83e055
vcm_train_012112.wav,fil50_09802_ref_tagalog4_VOLUME_DOWN.wav,b0a087335792d9fe564009825908fd8152cf8e50548f806a812173cb4629571f
vcm_train_012114.wav,fil50_05674_ref_tagalog14_TIMER.wav,ef5f795bf8b496f62de608e8ade72cf63836579d9bec1c03887d962d8ba21828
vcm_train_012118.wav,fil50_00696_ref_ilonggo1_ALARM.wav,1bf81d398128bde2381c70b1a19232e4d6edc8ab6dbb01fed3fcbf57b7076f2d
vcm_train_012119.wav,fil50_11491_ref_tagalog6_TEMPERATURE.wav,3598beb7eebad8fc5f002e13e4ec13b78a545cdc67081f425c39c14970451ee1
vcm_train_012121.wav,fil50_02351_ref_tagalog10_STOP.wav,21111d1bb630f6c4e1ea68efc5000dec9fe46b842a0bd39748e20f37f58fd988
vcm_train_012127.wav,fil50_08083_ref_tagalog2_VOLUME_DOWN.wav,5f81f9c0ae2da239e9662e78ff872580190de4841d7be155f8f3f5b649658740
vcm_train_012131.wav,fil50_05675_ref_tagalog14_TIMER.wav,ba302e1a1839fc5c6432fa0ca1e7a9879e8e8e55231c15d524b1035e55497ba4
vcm_train_012132.wav,fil50_06547_ref_tagalog15_COLOR.wav,92d18a2e81e22aa8383983a517502d49d5579eca1a408804c9a35626d866bbe6
vcm_train_012135.wav,fil50_00698_ref_ilonggo1_WEATHER.wav,bf960e3e2ee4e7386378ac238c1eb57e677803385e4ba349fe3364a11fd2cd7b
vcm_train_012136.wav,fil50_11493_ref_tagalog6_LIGHT_ON.wav,1d86e7443a590d8788b9fecc426f054d8714aed9e40648092ac2be3c020ebed1
vcm_train_012138.wav,fil50_02353_ref_tagalog10_COLOR.wav,de397ad9564645d9dbfdccdde6536f14e92954b2aab1668708f85b2f72ec9271
vcm_train_012139.wav,fil50_12346_ref_tagalog7_CREATE_REMINDER.wav,59d0cf0fba5c6357e0186f4e81c94c52bc28522432335a4df13845c769f8a25d
vcm_train_012140.wav,fil50_03147_ref_tagalog11_TIMER.wav,525675e617a60caf234df7f5a0cb7e8c2510826c89b788ab79c7dfb6e5f2fabf
vcm_train_012141.wav,fil50_13970_ref_tagalog9_CREATE_REMINDER.wav,68c7dfded10bd404c4fba4e0f56941704bfeff26c2eb6dc000c73a6cac458267
vcm_train_012142.wav,fil50_08944_ref_tagalog3_STOP.wav,f13836f44a58296250d90abdd709a4ba86220b5f8ce172cd37979928878135fa
vcm_train_012143.wav,fil50_01513_ref_tagalog1_VOLUME_DOWN.wav,f03d1aa11b63d011aecc7e02362e81de2f5c5acfd3f0bbbadc13c637f71e9e08
vcm_train_012144.wav,fil50_08084_ref_tagalog2_ALARM.wav,5e42793600549c12674b0f5fb9506404ccfbdae7658ec7ca33ca980eb7d8a191
vcm_train_012145.wav,fil50_04862_ref_tagalog13_TIMER.wav,bb0c97267a3cf7cc205b21e3738d362de891728de059cb8b993bfba7b5732124
vcm_train_012149.wav,fil50_06548_ref_tagalog15_TIMER.wav,f55e48ca6a3e777688c9c3a333732f8f8e3727d9c8098f8c004a6985c0ebba9c
vcm_train_012151.wav,fil50_03995_ref_tagalog12_CREATE_REMINDER.wav,1ef473424538d65490ad21a0b58d77d8e97b9b33df67f5d2cb28e97dedef09bd
vcm_train_012152.wav,fil50_00699_ref_ilonggo1_VOLUME_UP.wav,cd6194da7e054532c8202b0ac2c4ea79ccf6891ce03225c706e69b0ae665ba80
vcm_train_012153.wav,fil50_11495_ref_tagalog6_ALARM.wav,f7fae9103d02494dddf12b1998672739d2ab287118e4c23a1167c3c84b2f2024
vcm_train_012154.wav,fil50_10665_ref_tagalog5_TEMPERATURE.wav,74de319a2e78d05cb2fcf2f10759aa4fd53ccfc8f1be7bf239dac5dd5bc8597c
vcm_train_012155.wav,fil50_02354_ref_tagalog10_TIMER.wav,d4e8a1355cefba5e91a8d119f27b541081a5e622eb260231bce7f38a6b033a83
vcm_train_012156.wav,fil50_12348_ref_tagalog7_STOP.wav,c56a46d86e61f8c5d1563939daf5860c5e039dd9f3c5e2522355e6c76d608da4
vcm_train_012159.wav,fil50_08945_ref_tagalog3_PLAY_MUSIC.wav,37bb24ff98803e3cc018d3ad652165d35ed641b5561d07807ba4e4e0374dec4a
vcm_train_012160.wav,fil50_01514_ref_tagalog1_CREATE_REMINDER.wav,7563c5f1a8a958f06d4dc40e4b2eaad8fed7e08a2c5fd5aceb0367db57fb6ad8
vcm_train_012162.wav,fil50_04863_ref_tagalog13_TEMPERATURE.wav,bc9311ffe6d02aac055b5190f9114ebac3a954559dcb53d850e6c3dc38bd14d2
vcm_train_012164.wav,fil50_13159_ref_tagalog8_TIME.wav,24c62ab63b3e4bcb7d0f84d3352ab039d746a517e7d21550d4d4db843041bae7
vcm_train_012165.wav,fil50_05677_ref_tagalog14_TEMPERATURE.wav,7a617b360419cc023f93ace789ee68b193cc7cec50b41d4eacda401fb9253d51
vcm_train_012167.wav,fil50_07241_ref_tagalog16_LIGHT_OFF.wav,658900c303f01bbc8b840283ebbdf71eb8f819315d44307154883065ee16c01f
vcm_train_012168.wav,fil50_03996_ref_tagalog12_CREATE_REMINDER.wav,25d2495eff1ffaaec4c8efa8b311d76c2953067b5f53daf80351fa7a9f0b3924
vcm_train_012171.wav,fil50_10666_ref_tagalog5_VOLUME_DOWN.wav,dd23621a3bf90a3f42c3c1a1952478e386212352aa363acb6458a73c19b03d6a
vcm_train_012174.wav,fil50_03149_ref_tagalog11_ALARM.wav,08b44982ebc749b92af6d902919aa7f398b6547f67857c262f2e5087318eddb2
vcm_train_012175.wav,fil50_13972_ref_tagalog9_ALARM.wav,8ffe81c2c9f72ec7f6dc721695c0c59509c0bb7261c927417ec801232437ee2f
vcm_train_012176.wav,fil50_08946_ref_tagalog3_CREATE_REMINDER.wav,83c08dc91f8eb2c4dd1103e49ae5fa5d9bb2d9a9696436ccb32f0fec530e73a1
vcm_train_012177.wav,fil50_01515_ref_tagalog1_NEXT.wav,ee3f5bcf132c5b27dadcecd89c109601790d86a07e882b61562bb2c9ac850c72
vcm_train_012179.wav,fil50_04865_ref_tagalog13_PLAY_MUSIC.wav,9cd302530a21b286ff7d8759cfff87e6d453f6c9f083af3e30565839c66d2bfe
vcm_train_012182.wav,fil50_05679_ref_tagalog14_PLAY_MUSIC.wav,4574148b7ffd46347112473dd9acee9adeaf74fbcad51f87cca21af1d0fab90a
vcm_train_012186.wav,fil50_00701_ref_ilonggo1_NEXT.wav,13b92e18d077c48bf75fd79fab8ba4d9cad6cbdc8c45ef6dd0f06775e06dd319
vcm_train_012190.wav,fil50_12350_ref_tagalog7_CALL.wav,9316d272aa186bf74512f1e938e57758a95eff2ba58a8a6bcf71ba1d69be7af3
vcm_train_012193.wav,fil50_08947_ref_tagalog3_TIMER.wav,3fa5feb9215b11e71f87d0fa02e8a863f2df9669e39df4915ce11df4364bceae
vcm_train_012195.wav,fil50_08086_ref_tagalog2_LIGHT_OFF.wav,63de40f14adad174066530d7ceb8e1e6a899e77f57a88435aaf336df67e366f4
vcm_train_012199.wav,fil50_05681_ref_tagalog14_BRIGHTNESS.wav,551f0cbfc12711f57020c51552edace59c04668942db5ce178e6f6ad40dc278b
vcm_train_012201.wav,fil50_07243_ref_tagalog16_NEXT.wav,7beebd8d9a6a28967a5707c682bfe7aa3ab5b8c25b5117cdcf9186fd6505cf70
vcm_train_012204.wav,fil50_11497_ref_tagalog6_COLOR.wav,572b68f3d8d0d8ab0bb4ca1f1bfc74195882f67ab94eda5e03767709a31fbe51
vcm_train_012207.wav,fil50_12352_ref_tagalog7_STOP.wav,f7a75c9212fa75b131d279cdd07269196ec4c966f8a8f9e4eec1adf76dede530
vcm_train_012208.wav,fil50_03150_ref_tagalog11_CREATE_REMINDER.wav,ed54e7c5ee160fc1e2a91def69daac6e3d1ec16384e04dd021467044880e5f34
vcm_train_012209.wav,fil50_13974_ref_tagalog9_TIMER.wav,c0e0e19084af98ae2a345fe8100132edc2ab3da1581f55347b1083408049bfe9
vcm_train_012210.wav,fil50_08949_ref_tagalog3_TIME.wav,9e77e324d6330079d52b83e041a34425b6274fad9afa0edfd07de5e63a9956a0
vcm_train_012211.wav,fil50_01516_ref_tagalog1_ALARM.wav,eb78fbbcc4f45c61203e1559504634f20091b54ec0600dfe93488573080ad676
vcm_train_012213.wav,fil50_04867_ref_tagalog13_BRIGHTNESS.wav,d01e14edaff5bb26b7d68503df1acde048e6ead6796e5ea0531994939ca6d77e
vcm_train_012215.wav,fil50_13160_ref_tagalog8_BRIGHTNESS.wav,e2f18e7352130277a6723ff0dbac22904b8866956de2598d2f947ac3d8513283
vcm_train_012216.wav,fil50_05683_ref_tagalog14_LIGHT_ON.wav,de9f7434432241706ba2766303fce9924342e271a2560a0e19b3f22246f2e646
vcm_train_012218.wav,fil50_07244_ref_tagalog16_BRIGHTNESS.wav,1cfd99ed9b51040b10fa9b40e07fae62d50d219e542f5d4802ffccbf70408142
vcm_train_012220.wav,fil50_00702_ref_ilonggo1_CREATE_REMINDER.wav,4950ad0b59554d14d2cc583ac3cd8a02e9e363f05e4112ddf3bec9c8498d92a0
vcm_train_012221.wav,fil50_11499_ref_tagalog6_LIGHT_OFF.wav,194a874bee8b1a42df4b26704893a927c2a74f9216a85723355f04dc7dbe9bad
vcm_train_012226.wav,fil50_13976_ref_tagalog9_LIGHT_OFF.wav,1287e6f4b734084d5348265ff7d06ff430fbb23db482a362e34b198ef1cefbd0
vcm_train_012227.wav,fil50_08950_ref_tagalog3_CREATE_REMINDER.wav,15e64aa6e35458dc8d19bb9a863100149a15453f2a151f1f966acb0fb763c444
vcm_train_012228.wav,fil50_01518_ref_tagalog1_CREATE_REMINDER.wav,b994186d932789eff37abf8fd26b194d2b617c0732f2f9a7b4ae9631fd011ed9
vcm_train_012229.wav,fil50_08087_ref_tagalog2_TIMER.wav,67d9fb14e8460be1cbe1ee6121240a16b1ab796bdc51a18244db0152c3c0b1ad
vcm_train_012231.wav,fil50_09804_ref_tagalog4_TIME.wav,93ebaa693060774ffcbe5ca4ced1cd51343739d2f90dd4be4b52646457294f6a
vcm_train_012232.wav,fil50_13161_ref_tagalog8_TEMPERATURE.wav,8750bbd90bb6e61ba92f1f2ded8f91d8c7d2845d6472298f2aed3a1c4f1102a5
vcm_train_012237.wav,fil50_00704_ref_ilonggo1_STOP.wav,3aae0b2346c090532c164a1330226a82c57c9387813ef4701386813cd3bdbac9
vcm_train_012239.wav,fil50_10668_ref_tagalog5_CREATE_REMINDER.wav,6d2194b2fad9680b9fee5a2492bc7590863603266e938caea6b48d6e81c14be2
vcm_train_012243.wav,fil50_13977_ref_tagalog9_TEMPERATURE.wav,a6e3e791241c395aa03d0706bb00b0180385b1a74b0d979f79bd9186a1cf73cf
vcm_train_012244.wav,fil50_08952_ref_tagalog3_LIGHT_ON.wav,4c2a00dea2c20378390dd72ad62bcb3ff5ae67d58b4b248d6ad68e245955a0d3
vcm_train_012247.wav,fil50_04868_ref_tagalog13_STOP.wav,2791e69b7c40fb1400092b92072b66fc55a4556608f3dd29f204687e36ea8395
vcm_train_012249.wav,fil50_13163_ref_tagalog8_VOLUME_DOWN.wav,a0ecb291066b107ab8a0f477c0f781cdd5a8374e235c954f7eed552d53b1f9be
vcm_train_012250.wav,fil50_05684_ref_tagalog14_CREATE_REMINDER.wav,8ba2aa7113c801299e2f80f7f88f6a2bfb026f49801dcd1020448378f4bc1ee8
vcm_train_012251.wav,fil50_06550_ref_tagalog15_TEMPERATURE.wav,c5fb9ec6471757ccecb2065da6d653fd306f20d6a3d52e7a5c70a41ea5e15c19
vcm_train_012253.wav,fil50_03997_ref_tagalog12_TIMER.wav,707f28a8b404550962f45ffa08d82f855e78c35c9aabae51a146208b0c028a3b
vcm_train_012254.wav,fil50_00705_ref_ilonggo1_TIMER.wav,9463dae42e5649922d8fc852793dc67e524db7765d2c0fb9670c9c78307d4737
vcm_train_012255.wav,fil50_11501_ref_tagalog6_COLOR.wav,1870e06d4dc2275b2f2e010b697bc505ffddd690e9a84ae64e9eccc925e628f6
vcm_train_012260.wav,fil50_13978_ref_tagalog9_CALL.wav,f889091d56ebb0698a61dcb59a455b696ab036eaadb93f90c1e4cfa47b8d4df7
vcm_train_012261.wav,fil50_08953_ref_tagalog3_COLOR.wav,05dc536d639519e17d075d2e88da723befa14add13e667ba27afe9225ae3ccfd
vcm_train_012263.wav,fil50_08089_ref_tagalog2_PLAY_MUSIC.wav,eafc0914bd5f48761fba2ed14280bdc04efc2713c0fd2579b183061db5e86119
vcm_train_012264.wav,fil50_04870_ref_tagalog13_LIST_REMINDERS.wav,f5a1c1c37d0b9d8f4321c2c5e0799673ec269f32ef0fadbd5ed5e054b55a0481
vcm_train_012265.wav,fil50_09805_ref_tagalog4_TIMER.wav,bf671537952c7851cff348ba70326cb7bb907248fa28967ecfcef9e1830e38b4
vcm_train_012266.wav,fil50_13164_ref_tagalog8_COLOR.wav,810635817e0f346c87220aa7525f345c8b4241655cfbbc86c065c99871ce814f
vcm_train_012267.wav,fil50_05685_ref_tagalog14_CREATE_REMINDER.wav,ccbf1e91bdeabd048e689d94a947b16d5ee22a7193ec7713fcb77a7e3185f65e
vcm_train_012269.wav,fil50_07245_ref_tagalog16_STOP.wav,8a387e9989a00ebecf935885900913177a3b152f4a0e4a3801173edf19714cf4
vcm_train_012270.wav,fil50_03998_ref_tagalog12_ALARM.wav,e6235460b27322f29f1196d9d919d9d0220c857404444949c0f3060fbbcb8638
vcm_train_012271.wav,fil50_00706_ref_ilonggo1_BRIGHTNESS.wav,f54ecdee9c848b8b444181bf4a1e62f766e598daec753310701897499e75f978
vcm_train_012274.wav,fil50_02355_ref_tagalog10_STOP.wav,6e5f257279e4cdba0b0cf7e29d9005d72d4175a34ac8f81ce1326f825b264d96
vcm_train_012276.wav,fil50_03151_ref_tagalog11_BRIGHTNESS.wav,f60afdee258946ddfe7e3eabc95a71e89d775f9bfce9c450e91abb4b2258c1b4
vcm_train_012279.wav,fil50_01520_ref_tagalog1_COLOR.wav,646e0e1ba4b22b2f622c26e92cbd741e342573cfd2c5e608f3de7b8fc6763d3b
vcm_train_012281.wav,fil50_04872_ref_tagalog13_CREATE_REMINDER.wav,1d527ce2b731a630b1a873a897813a581f17db230bc831edc375b82a8919a697
vcm_train_012283.wav,fil50_13166_ref_tagalog8_VOLUME_DOWN.wav,53be70360fc70f2aa8a0dbb6b6e1fdba415ccb63a8eea2ea42c86e1deb87e0e9
vcm_train_012288.wav,fil50_00708_ref_ilonggo1_TEMPERATURE.wav,4856ef3602a9560fe10c2a2b64c38ba33f57ff2be059abd45fbf7ce072f8d129
vcm_train_012289.wav,fil50_11502_ref_tagalog6_TEMPERATURE.wav,bee2c884cef70fee5fe9d0f007cc37a5021a7282b4406c9c105155fd352ad8d0
vcm_train_012290.wav,fil50_10670_ref_tagalog5_COLOR.wav,d4b9474be07b479b04746e7e9c46c5e025661572a5684abc2923557a39c2c52b
vcm_train_012293.wav,fil50_03152_ref_tagalog11_TEMPERATURE.wav,e3c4ec2e2aff02a29e94c18caf7a0cae5230e61159e70d6a3916facf40f56ed6
vcm_train_012294.wav,fil50_13979_ref_tagalog9_LIGHT_OFF.wav,8637793eda2bd626fdcfddfd6a0908455350c487822ddc6ca9d07040e3457c19
vcm_train_012297.wav,fil50_08091_ref_tagalog2_NEXT.wav,eb125bda4bb250fdcaa7b715fe4f9bb639637cd5c60111c5f307aaa1cba1a1cf
vcm_train_012298.wav,fil50_04873_ref_tagalog13_NEXT.wav,292313ad9eedb6712c3966c20adc8db6e4fce3ec483caa5f44b1a0442c741571
vcm_train_012300.wav,fil50_13168_ref_tagalog8_TIME.wav,d5aeddedaf2e3cc9dff41feadfb325bd2bd76cf343f8e0d5fcba7ff9a8e727a9
vcm_train_012301.wav,fil50_05686_ref_tagalog14_TEMPERATURE.wav,b99097565cea0456ffc5fc490b28f556795a1338a3ef9bcbf31d5a1786348a0a
vcm_train_012302.wav,fil50_06552_ref_tagalog15_TIMER.wav,6f18ccaf45559691d12fc9460d929aa47ebddf4d063a18b2654c783b93fcb777
vcm_train_012305.wav,fil50_00709_ref_ilonggo1_COLOR.wav,61e5a671a0a96cf50269b8e9b20d1e7e8104d4bd2d7510c6b4456cee11e90e4c
vcm_train_012310.wav,fil50_03153_ref_tagalog11_TEMPERATURE.wav,1a01856ae4dcfc21e040e68a1a73ab8194590621f0af8c33167110b4fac6a8a0
vcm_train_012311.wav,fil50_13980_ref_tagalog9_LIGHT_ON.wav,85b6d58823f0ff49f427d90d6e7d77c563d5dde46e1feeb7d83b893afb80ab16
vcm_train_012315.wav,fil50_04874_ref_tagalog13_ALARM.wav,679e7ad8cb08d5782307063c4126de540a64e34f0d645b3403e5a581a6d3f97f
vcm_train_012316.wav,fil50_09807_ref_tagalog4_LIGHT_OFF.wav,e31bb96c2bae406152de0dba53e31a52bfd99aaca32b181607b0b053ac346d93
vcm_train_012320.wav,fil50_07246_ref_tagalog16_COLOR.wav,feafcb8480c0adef67e2ebd90923ef84593659db173523a4f32f82888d0133ed
vcm_train_012321.wav,fil50_03999_ref_tagalog12_STOP.wav,7ba1cd95e0b87ff2685c158266dfa42cf7756c1b2404ecdee4b4006510cc8ac4
vcm_train_012323.wav,fil50_11503_ref_tagalog6_NEXT.wav,893b4da955a1aa2ce9d15b2aec19de0693f38956e9f1bc2b395575527641f205
vcm_train_012324.wav,fil50_10672_ref_tagalog5_NEXT.wav,b5571e4eebd476ca0aa07419f2f74a2e558a41726a84af3300551d63a70bc272
vcm_train_012325.wav,fil50_02356_ref_tagalog10_TEMPERATURE.wav,44fded1f4c604d188765aa48d723d9ecff5acfff2f10a9e02b05edfa4981b5ee
vcm_train_012326.wav,fil50_12353_ref_tagalog7_BRIGHTNESS.wav,35c81478839db51def6675ee4f290011d0bb90781aa42b73e617cebd9dfb98a8
vcm_train_012330.wav,fil50_01522_ref_tagalog1_LIST_REMINDERS.wav,94e5b93ecf2d009514b79bb7fb0f8541321f238a228fe2e6f3902c35d1a0d771
vcm_train_012331.wav,fil50_08092_ref_tagalog2_TIMER.wav,ffb912f2b66ea383d3e5ff15c1070d4a2c20fd82276f4cb87f4f90e061bee584
vcm_train_012334.wav,fil50_13169_ref_tagalog8_NEXT.wav,cc0819c678ec6a62b159d684f36ccb92cfad61dc548d3b96f17bcee7d493fff5
vcm_train_012336.wav,fil50_06553_ref_tagalog15_ALARM.wav,7171167f51688823446c6ef555e946ff818ead6e492ba9c8c7ed5ceb6d56613a
vcm_train_012337.wav,fil50_07247_ref_tagalog16_CREATE_REMINDER.wav,ac58937275c7d539e8f4426b04d5879f8359149f5ce0a243dd7d06b7b20831a0
vcm_train_012339.wav,fil50_00710_ref_ilonggo1_ALARM.wav,45390c29a759cefe58f3cb24a28afb07fdb461056040d0568cadf7ea906cf648
vcm_train_012341.wav,fil50_10674_ref_tagalog5_COLOR.wav,b701c109e68a1365a48b1c855199525f43d3aa363b52ad8fd99847faf9da2288
vcm_train_012342.wav,fil50_02358_ref_tagalog10_TEMPERATURE.wav,4c56ac7b5f122cd3ad524a3c8c8079215caa2e7b8131fba5305881907e979dfe
vcm_train_012343.wav,fil50_12355_ref_tagalog7_TIME.wav,e995a234af040be115ddf32a2ca1772bbfd094685febccff32d92c472d1aed37
vcm_train_012346.wav,fil50_08955_ref_tagalog3_CREATE_REMINDER.wav,f3bd35e0ba0976cc6fad010c8ba39faea2d30fcddf433dbb21475335f40a9a4e
vcm_train_012347.wav,fil50_01523_ref_tagalog1_STOP.wav,e6fc8d73cc493c8c3865fdae3fa0e6f6c7367e1188cf81bf3790cc8d4ed01060
vcm_train_012348.wav,fil50_08094_ref_tagalog2_TIME.wav,5d873e29b66acb9b879398d0baf082fd706ff1dcea52b2be114307a6c53e8b1e
vcm_train_012350.wav,fil50_09808_ref_tagalog4_CREATE_REMINDER.wav,8eab85965588b26c8e62128f789b8b0ae4e38b6fd18a274c691eb9f75920c58e
vcm_train_012353.wav,fil50_06555_ref_tagalog15_CREATE_REMINDER.wav,d8a2f0b6facb3da31bee74d18e35585dc8db131351a46e34eced25bdbab101b2
vcm_train_012354.wav,fil50_07249_ref_tagalog16_MESSAGE.wav,6888c5d692a9df34a8c89425e29afbc90dcaabd9dced2be46bb6175d773f70ae
vcm_train_012355.wav,fil50_04001_ref_tagalog12_BRIGHTNESS.wav,8d3786d366f231236f3655888ff9c4b7008160350b7fa67bd1a4bff646b5eaf4
vcm_train_012357.wav,fil50_11505_ref_tagalog6_TEMPERATURE.wav,aea26080ca12728a8ec57487a21c77320c7362212489f5225c0b4413bb9fceea
vcm_train_012358.wav,fil50_10675_ref_tagalog5_PLAY_MUSIC.wav,abd660d5c7b36244d07a3b838093fc9ada7c9ea214095d63ced68911c25f8088
vcm_train_012359.wav,fil50_02360_ref_tagalog10_NEXT.wav,103b71c5db171c64310faf32e6d57580b66bdfd543834f8e30d1a3ede81130cc
vcm_train_012361.wav,,a579b5d923d4243d451cf8049e07f687b42b8802bbd90d312f4867b50da79713
vcm_train_012362.wav,fil50_13981_ref_tagalog9_CREATE_REMINDER.wav,b8c47e3efb8df214928acdf1b4e1cfaa32d6d63dbefc328a975f700fd3714f3a
vcm_train_012363.wav,fil50_08956_ref_tagalog3_PAUSE.wav,eadcdb3e6f13a6d3389b912dbde58feb09f95dcb582908b85c9a56f88e56dad7
vcm_train_012365.wav,fil50_08095_ref_tagalog2_STOP.wav,bb3384cc41331bfbb4be0c380caed03b059d5c7735b8338ae001974a8b1c6f54
vcm_train_012367.wav,fil50_09809_ref_tagalog4_STOP.wav,e99a36e3bcf029170fd630fb8af01eba756b77b131181005d3d9389ac51347a5
vcm_train_012368.wav,fil50_13171_ref_tagalog8_VOLUME_DOWN.wav,0e832e64bfabc20cfcd0a030e681c74aa2240277517af0dbe703d263552ad53e
vcm_train_012370.wav,fil50_06557_ref_tagalog15_TIMER.wav,afee7e544cc99381f38f2e567a98c3dd81fd735a936fb81421913cdb85004e47
vcm_train_012372.wav,fil50_04003_ref_tagalog12_TIMER.wav,f05004dbd35a5a9848664476e8131adb84e4de6956fbba1391e3a6aa09e66270
vcm_train_012377.wav,fil50_12356_ref_tagalog7_VOLUME_UP.wav,7a4400c9d84055be9e4e14ef1e0a459d94bd61a5909bc6c8e09ac644d2123b1e
vcm_train_012378.wav,fil50_03155_ref_tagalog11_PLAY_MUSIC.wav,dfc63269d291c1d8def65abfd53d957a35478027463272220a8e9ae3ca0000af
vcm_train_012380.wav,fil50_08958_ref_tagalog3_TIMER.wav,6da8c72d719f650acb3eaf30dab63cb6c1dc9e63562b0588a816a10ac455eda9
vcm_train_012381.wav,fil50_01525_ref_tagalog1_TIME.wav,160fbc21fbd836fe0b9c66ff1b42ad7c77f328a96faa04803bb675ae3c7eaf58
vcm_train_012383.wav,fil50_04876_ref_tagalog13_LIGHT_ON.wav,49921073b3011160dd78079959ca77c4d26fbe2d885e1b955263de7d2fd9df80
vcm_train_012384.wav,fil50_09810_ref_tagalog4_BRIGHTNESS.wav,1e7c023e7ebd61d15d34c67d4be0f65d57828cc44b6e624fb7681fc93567ebec
vcm_train_012385.wav,fil50_13173_ref_tagalog8_TIMER.wav,2b540cb12f5d200cdeaae075f5d559e474433f640e5a17eb506b9c5d694076e9
vcm_train_012386.wav,fil50_05688_ref_tagalog14_ALARM.wav,a2d02fdaabe525ecaaef845cb536a78758f4ded00382a748f8fa7707467a6f4a
vcm_train_012387.wav,fil50_06558_ref_tagalog15_TEMPERATURE.wav,b5bfe7ddb36df4fc54bbc524f2ca5e5f00b8824d4bf9dfc220132b0b748c3f53
vcm_train_012390.wav,fil50_00712_ref_ilonggo1_VOLUME_UP.wav,7f9c5ea86ca766136aacddcbdd174ff0fd7b83c5e0716c8bc665a09e712b9f83
vcm_train_012392.wav,fil50_10677_ref_tagalog5_VOLUME_UP.wav,64dcfcdc4ebbe6649f520b1e57a91e8a007d3139f752abf81f83fcdda890b27b
vcm_train_012394.wav,fil50_12357_ref_tagalog7_ALARM.wav,63e1e02f05ed53e05a3578dc35b344639d3cd48dc878474cfef1aec159a31c5c
vcm_train_012395.wav,fil50_03157_ref_tagalog11_NEXT.wav,2ace93c88fca3bfb3525fe684c292b385890c5eb369d9a819800f05ee608a1e6
vcm_train_012397.wav,fil50_08960_ref_tagalog3_ALARM.wav,50659c6ebf7b3b7a71dac153ec391331e92a43fb65d9e9b7860d467226cb6ab4
vcm_train_012400.wav,fil50_04877_ref_tagalog13_TIMER.wav,1c29e43eb8deba487b40e556030e4d480cd35b1182547f032361f0e5cffd9ca5
vcm_train_012401.wav,fil50_09811_ref_tagalog4_WEATHER.wav,f202b32bc303f34d79918bd09f2d76e32ae1d191ec70a6594f55b503e14f7402
vcm_train_012402.wav,fil50_13175_ref_tagalog8_PAUSE.wav,4c7c67e575a81fae67ab29da0c310795209bbb7d20003604d58ad5276ec8eb2e
vcm_train_012404.wav,fil50_06559_ref_tagalog15_PAUSE.wav,7b74082418070f968f6a3d8c1884780b9cc5dd767f5ef995639f7c4f3a7a1f79
vcm_train_012405.wav,fil50_07250_ref_tagalog16_COLOR.wav,83553b5c85867e26f4e3a780cf985beefee384ecf90802015d75a59fb671ed86
vcm_train_012406.wav,fil50_04004_ref_tagalog12_COLOR.wav,b8a0520f23ebd65831085ec59ebf35aab483dae2739c0ff0f5f6e3933d24f1a2
vcm_train_012407.wav,fil50_00713_ref_ilonggo1_WEATHER.wav,4be5848d397edde1cb7400e882a78d6a14054dd412f64ca7083f244d2cac498c
vcm_train_012408.wav,fil50_11506_ref_tagalog6_ALARM.wav,44df3652fbd539d7343d4b270cced32e019874fe6a4a4060a8c2bdc01ffe69c1
vcm_train_012409.wav,fil50_10678_ref_tagalog5_BRIGHTNESS.wav,66f8723980f951d7bc533b2057a4206f78c379279328e0302e337b5004579173
vcm_train_012410.wav,fil50_02361_ref_tagalog10_NEXT.wav,173495b1f370da39fe9051f0fc3fbcb695c00c348e4d20214441de49ec1b2539
vcm_train_012413.wav,fil50_13983_ref_tagalog9_TEMPERATURE.wav,10d500a683bed1a376f980c77cfcb88dad2a09ba8e39ef655e97aaaf0da95b83
vcm_train_012415.wav,fil50_01527_ref_tagalog1_COLOR.wav,9f5f13dc17ae75dbf86b10a845f79f5c1c435d581ca383d7947608356a158046
vcm_train_012416.wav,fil50_08097_ref_tagalog2_COLOR.wav,f86205d81c26c28ec4364b2d4ed641e34f8277ed2ebefde4a401d7c1f2b38215
vcm_train_012419.wav,fil50_13176_ref_tagalog8_WEATHER.wav,572fbec01c9f87afc21f2c2c9c9db230610a454c827953cbd46df2e8caeeb63f
vcm_train_012420.wav,fil50_05690_ref_tagalog14_ALARM.wav,2e4a1b230a2afaf90f57d26922e7dcecc5276357c89d470c2d9563cbc6bb193b
vcm_train_012421.wav,fil50_06561_ref_tagalog15_TIME.wav,4d4108730b451d9a58f95b903071d138bce652a02e38ed4019f53c6b133cd0cf
vcm_train_012422.wav,fil50_07252_ref_tagalog16_VOLUME_DOWN.wav,d9b3a7d8d47b4e11730b17fba814f3ab5f130d34a36fcf5d9c3773bc14a36521
vcm_train_012423.wav,fil50_04005_ref_tagalog12_NEXT.wav,acf891b7fc6199009942a84dc02bae7aa133f65a2fdb2f5278ffac374d0450b0
vcm_train_012424.wav,fil50_00715_ref_ilonggo1_LIGHT_ON.wav,20d48825ba7004c95ac6f6bb9bbb09b923670143045879a8fbd01600347de186
vcm_train_012426.wav,fil50_10679_ref_tagalog5_STOP.wav,3ca872802988a0c11a88a9a34d617ed51c7e332f0d7484812a6c6b5f39a0025f
vcm_train_012430.wav,fil50_13984_ref_tagalog9_TEMPERATURE.wav,4c4dd5baefe84b25297c0529431d4df0cb5d80ed0ab5d27808a89e2b88291d68
vcm_train_012431.wav,fil50_08962_ref_tagalog3_TIMER.wav,565187b2f27d8b33da1247c9a07c623d8fe118eda0872feec3a9e21bb06ea7f8
vcm_train_012434.wav,fil50_04878_ref_tagalog13_LIST_REMINDERS.wav,8411bbe572d5ea9c3c057a5846cf0edcfbf466e65d94859dfddbc935737372e8
vcm_train_012436.wav,fil50_13178_ref_tagalog8_ALARM.wav,4fdb4697d0fc03573b1a1d4601931ea075ef9b653b894f5f4acb506f9d7c2432
vcm_train_012437.wav,fil50_05692_ref_tagalog14_ALARM.wav,3ae2f99ae85b8bb6e4ef7edd285f29b454d8fac3c3018fa4d02ad9e619f90610
vcm_train_012439.wav,fil50_07253_ref_tagalog16_VOLUME_UP.wav,40b25d93d2ff8cdbcdc94fe1264b66e07828e94a8ae170348d5340cc65d20b7c
vcm_train_012440.wav,fil50_04006_ref_tagalog12_PLAY_MUSIC.wav,04c5ea33b758a8c7e6f3b65db29b7962597521359df41330b23f64142eadeba6
vcm_train_012441.wav,fil50_00716_ref_ilonggo1_CREATE_REMINDER.wav,f7eb887668dded0cc1040d6844fd91538a732aba8b6097392326ff9b7263c4b2
vcm_train_012445.wav,fil50_12358_ref_tagalog7_CREATE_REMINDER.wav,4060f465ccf6b65c1143dd86aea156506433f000a7ad7414202ec1ef6b5331f7
vcm_train_012446.wav,fil50_03158_ref_tagalog11_VOLUME_DOWN.wav,064839a73a76d4abca15919bb3ad2745b835d19fdcc7db667178a5e3b86f6279
vcm_train_012449.wav,fil50_01528_ref_tagalog1_PAUSE.wav,18c3269d5b44ab1d4a4d3f2dcda6d807183b2c27b013bf80fdaa4116cae0d5ae
vcm_train_012450.wav,fil50_08098_ref_tagalog2_NEXT.wav,bc985c40d46df7feeaaa3f5222c240343e057cf6f1eb9218bf4fa0a9b583506d
vcm_train_012451.wav,fil50_04879_ref_tagalog13_BRIGHTNESS.wav,4b63088a3b52948eacf6d2309f3f16e99c32cbbd788c8981fa2e0e32fbe1a716
vcm_train_012452.wav,fil50_09813_ref_tagalog4_NEXT.wav,e1ccc5a552123e09a90d97483648db841cc4aa7edf96fcc47d9c9759d5ea6773
vcm_train_012453.wav,fil50_13179_ref_tagalog8_VOLUME_UP.wav,a3afc32952f510a357b05abd553c56a89e01c8f7bc31850b4424660f6f477660
vcm_train_012454.wav,fil50_05693_ref_tagalog14_ALARM.wav,dd3352cfe6ec2cad11f24f7e919669231aa6bde6ee7379c475f0343ff978f2ea
vcm_train_012457.wav,fil50_04008_ref_tagalog12_WEATHER.wav,42829cd5f98e003f4938b48ec5040d3d3fcd1226a42f152eab95a6a54aa0d6a8
vcm_train_012458.wav,fil50_00717_ref_ilonggo1_CALL.wav,e564dd81d7982e2dc866a70dd79e654ff6f5568de48eed0c08b63a1d0ba389aa
vcm_train_012459.wav,fil50_11507_ref_tagalog6_COLOR.wav,a39057db6e444847cd34da1083d481a7947ef319d63dee2775a5d22d8d33d060
vcm_train_012460.wav,fil50_10681_ref_tagalog5_COLOR.wav,0b274040d03acb905df301612644f8bc8bf8994cd8ff80d19d57cf0286116d8e
vcm_train_012461.wav,fil50_02363_ref_tagalog10_ALARM.wav,5babbdb4bcbe9acf2b1a7bddef6d682d85f0ca03b51fb3fcfab0e32e60008aec
vcm_train_012462.wav,fil50_12360_ref_tagalog7_WEATHER.wav,167a6bbf4e355899ebef0f319f80d8942e4ac5a85fb4a650e9cff36657519ea8
vcm_train_012463.wav,fil50_03159_ref_tagalog11_NEXT.wav,e72060790fc7ba32e06ff9930107793b9ad63fbe025e568ed8902c803b0680ea
vcm_train_012464.wav,fil50_13986_ref_tagalog9_ALARM.wav,d60fcbcd9bb900bac28f8e6d83d7399c35d9fa913d980d8cd674925f75cee332
vcm_train_012466.wav,fil50_01530_ref_tagalog1_COLOR.wav,0f45ccd4a066c09da7adf911bd7353aa43e2dec640957e7f6dace02710017628
vcm_train_012469.wav,fil50_09814_ref_tagalog4_CALL.wav,df05a5025b728c74f03ff0aa263a1bc8790cb812bc6b3bb038c58ff7e33718dc
vcm_train_012470.wav,fil50_13180_ref_tagalog8_PLAY_MUSIC.wav,81eb04eb59e60f741fc02b7c271470a968c1aabcc102059260acefd63b688d33
vcm_train_012472.wav,fil50_06563_ref_tagalog15_CREATE_REMINDER.wav,2aadb264aff71c376cef16d006244257aa67a4ed0aeafaaa6f6158a4ea72c6bc
vcm_train_012475.wav,fil50_00718_ref_ilonggo1_TIME.wav,de0ceec617028239d1e0ea9ffc9bc189d5d3ffcdce42bf6d8c2bf59669fec50b
vcm_train_012476.wav,fil50_11508_ref_tagalog6_LIGHT_ON.wav,b628a99b61006f1fc6b821ae93cc3beb427889bfd443d6a3772491cc73bbb473
vcm_train_012477.wav,fil50_10683_ref_tagalog5_TIMER.wav,9c2b502cb08db14df05fb0c33f53a1227d96f16b287ec2e158f4199d9261e71d
vcm_train_012478.wav,fil50_02365_ref_tagalog10_TIME.wav,30984d8dd44b8eb62364ac6188a646f937bbb5e4204d50b800a367aa1f64539d
vcm_train_012482.wav,fil50_08964_ref_tagalog3_TIMER.wav,59242579e1a3401078eb5965f29526a1c5e050dc805625abfeef679f58d57153
vcm_train_012484.wav,fil50_08099_ref_tagalog2_COLOR.wav,c27a3c5e1bb49e573167fc72fac313bd81fa2d5dcbb5d7d59698759620338b1f
vcm_train_012485.wav,fil50_04880_ref_tagalog13_STOP.wav,3039810c2d244abb946b9acb69c0758a197acd5728313543e5b965de83b764a9
vcm_train_012486.wav,fil50_09816_ref_tagalog4_STOP.wav,75b4491c9750a1d4d3517c06f51a207c83e7fca95b882217c41b65e38d566eb4
vcm_train_012487.wav,fil50_13182_ref_tagalog8_CREATE_REMINDER.wav,c0da4a9f89df8a5f3f78bacda76ad671298fd129d8f44faeedba59f441d93406
vcm_train_012488.wav,fil50_05695_ref_tagalog14_BRIGHTNESS.wav,f72cbd89d566dc99e5109a4cbdccd24611516e47350912e80f85624daf4ab789
vcm_train_012489.wav,fil50_06564_ref_tagalog15_TEMPERATURE.wav,4b369be795c1fd4bc0cda375315a0c299986681960fecd260222eb13e4bb641e
vcm_train_012490.wav,fil50_07254_ref_tagalog16_CREATE_REMINDER.wav,2a3cb9ecc4b91204a9a8854d2f00bd51797c2de4a3284516411d65099a8ab23f
vcm_train_012491.wav,fil50_04009_ref_tagalog12_TEMPERATURE.wav,34d1f345254421628d55758a44a821cf318e1c2c731bc1f6b3d130a30c4041f1
vcm_train_012494.wav,fil50_10685_ref_tagalog5_COLOR.wav,a9ca85b9d4b26c68be40e2e11409c451c9a7c71520f928165bb7e2c038a01284
vcm_train_012495.wav,fil50_02366_ref_tagalog10_PLAY_MUSIC.wav,c440d40224d788758ee171e2fcc8257239df5cd93c3f0c91d76dc4aa967deb01
vcm_train_012497.wav,fil50_03160_ref_tagalog11_TEMPERATURE.wav,e6d763f45581c81e662ac1e31ff01fe2c7318fe47bc47e75be8462c7398e414a
vcm_train_012498.wav,fil50_13987_ref_tagalog9_TIME.wav,74d4e6908cfe9240af42a799e57a7067556fa4cd6e7f90fbbc51461bb65e8a1e
vcm_train_012500.wav,fil50_01532_ref_tagalog1_TIME.wav,922f624b60067730a31ae7e7818d16e950ad4fdece07fcaa2d0220e6abdedfae
vcm_train_012502.wav,fil50_04881_ref_tagalog13_TEMPERATURE.wav,283a9c858c1f513e82bd28f651e54c3e3467883c50e18f5bda84b8c2bebb8631
vcm_train_012503.wav,fil50_09817_ref_tagalog4_BRIGHTNESS.wav,47090226dfcfad89d0a8948e6a9417ab75a1a8547693d127e81a0188f0332cff
vcm_train_012504.wav,fil50_13183_ref_tagalog8_BRIGHTNESS.wav,0a9a778aba5f549b54f0c0c9dd09c470d47bf87d13abc8ee021e3428d9eb233e
vcm_train_012505.wav,fil50_05696_ref_tagalog14_TIME.wav,1d5feadc1cca93abded5395dc53367226d64e0459bca2ec569fa54a5634cfda7
vcm_train_012509.wav,fil50_00720_ref_ilonggo1_TIMER.wav,643bd56bd2e5ffbd4b8755fe4d6b8f6e46361f00bae256072680a6effca7e864
vcm_train_012510.wav,fil50_11509_ref_tagalog6_ALARM.wav,f264e4b76c50f7f332abc9e7a99dd8fda0ed9dcfa84b87fac81c11d886422712
vcm_train_012513.wav,fil50_12362_ref_tagalog7_LIST_REMINDERS.wav,d039ef7fbb86721c506cec08748372674b67253fc7b769fbeb0c5648a1a89646
vcm_train_012515.wav,fil50_13988_ref_tagalog9_VOLUME_DOWN.wav,f33bade18b50f145edd5daa2858441df30cdbae4581b0c76c90fe5d15d7b189c
vcm_train_012519.wav,fil50_04883_ref_tagalog13_LIGHT_ON.wav,58ba648d99ead8a51305717b6379b401978288634bd4c4902822f0a0cc7f01b9
vcm_train_012520.wav,fil50_09818_ref_tagalog4_BRIGHTNESS.wav,aabe52293ff611cd7d96170eb59c8f8d4c6e149411aaa3965645f2fcc45eb2cf
vcm_train_012522.wav,fil50_05697_ref_tagalog14_NEXT.wav,4bf8a7b976065034f3a722f924284a93a999c750a7da4d87f037b2265646bb7f
vcm_train_012523.wav,fil50_06566_ref_tagalog15_WEATHER.wav,e05a5da31bfef86cc06b3328c10b92d8d64b91472d330faa98f0278cd252ae9a
vcm_train_012524.wav,fil50_07256_ref_tagalog16_TEMPERATURE.wav,47d28d498e5f3ff80cf449085b4d5d2a1ae24ac9b4bce6d66960d7b18629a9ba
vcm_train_012527.wav,fil50_11510_ref_tagalog6_CREATE_REMINDER.wav,a174dd5b7311b1b8f4d65462506f81cb6e20abb78cb192be6339a0e0763c2252
vcm_train_012528.wav,fil50_10686_ref_tagalog5_TIME.wav,a003a2976a7ad4ae9f3a6c6935f85d3993c78be557ff396177a72467c7c5a873
vcm_train_012529.wav,fil50_02368_ref_tagalog10_NEXT.wav,7671b52157cf6e09b40928caef19e0aaba48a56b26d93c647f7bd56d86914fe2
vcm_train_012530.wav,fil50_12363_ref_tagalog7_LIGHT_ON.wav,00567c88183dc97f8df21ed732ead601f8deb06cc66f70da87ab10a7f7106f45
vcm_train_012533.wav,fil50_08966_ref_tagalog3_LIGHT_OFF.wav,5b5caef19fbfab47c2ef6483edb52f7f7104db92cfc99265cedd8ed5412118ef
vcm_train_012535.wav,fil50_08100_ref_tagalog2_COLOR.wav,270f88f830c49cea2512cbb23cfb17de3c2cc3f1b518dc2513778d1a79fac257
vcm_train_012537.wav,fil50_09820_ref_tagalog4_TIME.wav,f27b13fa5d795fadf3cf098e8a32fa72b1009ddb7ccc305bb45e8e90b12db872
vcm_train_012538.wav,fil50_13185_ref_tagalog8_BRIGHTNESS.wav,fedef0a68ac5e94516d3a6ff17a1b334e675f2f91b60934317a3f053340b2dce
vcm_train_012539.wav,fil50_05699_ref_tagalog14_COLOR.wav,c4d1d382d4e7b52fbad897e43c5a6467b3330adfd15f9bb7964b713cda0f1707
vcm_train_012540.wav,fil50_06568_ref_tagalog15_TIMER.wav,42372d6a2942ff62c1803340af703be201dd260f95542bc17a7bafc17ad9e18b
vcm_train_012541.wav,fil50_07258_ref_tagalog16_COLOR.wav,cb329e0413fc4583919fd2462a1bdc26e7f3b469d6bb86ea89a029e06cf5e685
vcm_train_012542.wav,fil50_04010_ref_tagalog12_LIGHT_OFF.wav,825ba92478989328cf0c7589e7fee631d3964b43d266429050e1a6fae38f1646
vcm_train_012546.wav,fil50_02369_ref_tagalog10_VOLUME_DOWN.wav,e5e123c62e4d9793167ed4390c3e160795935b9c91710fa9bba86e5326fa190c
vcm_train_012548.wav,fil50_03161_ref_tagalog11_COLOR.wav,f0a3d79841bd984ed244953fdd4837d924541c0e8d01144f5a1c965f4e5a08f8
vcm_train_012549.wav,fil50_13989_ref_tagalog9_CREATE_REMINDER.wav,03ef448720338077e9f76754acc55e23820faf2cd7d0877ba368bee7f0b84fd9
vcm_train_012552.wav,fil50_08102_ref_tagalog2_LIGHT_ON.wav,8ac73a75a14a5da7f63c1ebebf7cbebe419fe1fdc93c6c8ecd7af8ad20fbb411
vcm_train_012553.wav,fil50_04885_ref_tagalog13_LIGHT_ON.wav,316b60ab563e8e88eda9ca832a97329b29b10f31edff2ebaea02be1d9b7ace27
vcm_train_012554.wav,fil50_09821_ref_tagalog4_CREATE_REMINDER.wav,7509e4c40744f9adf1a495ba0a08103b6c7b9119ba6a0cef2a6d9f0d75f61004
vcm_train_012555.wav,fil50_13186_ref_tagalog8_VOLUME_DOWN.wav,1726290566b4e4cedb50e777c6f3299847423afdbdcec32f84694bebdda4c5d7
vcm_train_012556.wav,fil50_05700_ref_tagalog14_COLOR.wav,8193db0458dc4e4ba56ac57cb144dac174f7605212de1e05da6d7b60d933bf69
vcm_train_012559.wav,fil50_04012_ref_tagalog12_NEXT.wav,3e055d21589752fc3333c936cb0ec8e2309a6b9e853e0a518550ea314e5117d2
vcm_train_012560.wav,fil50_00722_ref_ilonggo1_LIGHT_OFF.wav,352aaa7301ce1ce24632789657b1aed523aaf18694e514c84115392876f6a4f0
vcm_train_012562.wav,fil50_10687_ref_tagalog5_PLAY_MUSIC.wav,10b60bc7d9de71dfd37a876c89ac4d1a9d732d591dbc8ddecff7895ec63a6061
vcm_train_012563.wav,fil50_02370_ref_tagalog10_LIGHT_OFF.wav,d6eda975b01dcbc26e4e855548d1687675bf7a43af2368bd118b121fb6405445
vcm_train_012566.wav,fil50_13990_ref_tagalog9_LIGHT_OFF.wav,146da972202ae1ce8918e889938961ac78a38b7c0820229ac1e104e4ae4b2ca9
vcm_train_012567.wav,fil50_08967_ref_tagalog3_TEMPERATURE.wav,438a0980588e85cff812e2a7df38fd649678731b242cf7eccc8b60cf3fd26e86
vcm_train_012569.wav,fil50_08104_ref_tagalog2_TIME.wav,7fc1f188ef8b36dc035be964a6c0999c1ff052fc2429a261e0928360cbce240e
vcm_train_012573.wav,fil50_05702_ref_tagalog14_TEMPERATURE.wav,8e0a50f7b1914f1239c6d68cfaeffd5841bd9d54621d7a877397b5bd6e89a6dd
vcm_train_012576.wav,fil50_04014_ref_tagalog12_CREATE_REMINDER.wav,8c3e9144a8a5f773c15c0c5a2354d1ec19053439263aca137657f06bb7c6ff39
vcm_train_012577.wav,fil50_00724_ref_ilonggo1_TEMPERATURE.wav,d1b919ba16d7567d5273656bf64271a7b28e842279ca7a4a9220762b57248d98
vcm_train_012578.wav,fil50_11511_ref_tagalog6_COLOR.wav,afa2e1df08d6903515a855f1cba9290c9fae3060f9675b6277a634c637ddc30b
vcm_train_012579.wav,fil50_10688_ref_tagalog5_MESSAGE.wav,e8aad263290fc081ac324bd252873f46970bc35ec428afe17dd89bb86b35581b
vcm_train_012580.wav,fil50_02371_ref_tagalog10_CREATE_REMINDER.wav,88c807b043bc4ecde55e3bbb6b10c0a39a9d9036aebd28780dd80efa4cb2901d
vcm_train_012582.wav,fil50_03162_ref_tagalog11_VOLUME_UP.wav,fdf69d055eb613c5710b5ad642d5265db92a46516651b1c7d673870a951b1efb
vcm_train_012583.wav,fil50_13991_ref_tagalog9_BRIGHTNESS.wav,01ad624ea86c7ad2c9ae1cfa4bc07f4dd9641c93a8b96f478246b41db033d6ab
vcm_train_012585.wav,fil50_01533_ref_tagalog1_MESSAGE.wav,23020469e2b05d15538795502372cc629d08265d0ef363aeb0cfd483f7ddc444
vcm_train_012586.wav,fil50_08105_ref_tagalog2_LIGHT_OFF.wav,daff2aff8521c83fb2c071338810b0e421a9bf50814a826e3d7e42bab8e2d0ad
vcm_train_012587.wav,fil50_04886_ref_tagalog13_LIST_REMINDERS.wav,a98bfe12241979f784852638c51c2c5aa12c3a502f424e8019222106b8def9cd
vcm_train_012588.wav,fil50_09822_ref_tagalog4_TEMPERATURE.wav,69625a59175fd8c658f38d7c9175feb99695f0703f13070e08ee9b0899983b38
vcm_train_012590.wav,fil50_05704_ref_tagalog14_LIGHT_OFF.wav,78f56657cb3f3982548bc6613f09163cc50249194ad1c376e6045b9b43963d7f
vcm_train_012591.wav,fil50_06569_ref_tagalog15_COLOR.wav,5e173cb77cb950de1cb4b37d3d62bfe4f4baa0e41d1f3cabd20c72746a3920f7
vcm_train_012593.wav,fil50_04015_ref_tagalog12_PLAY_MUSIC.wav,a02eecccea87cca1ed1c730827c6f990a152ac07d534fcee230427d9665d367a
vcm_train_012595.wav,fil50_11512_ref_tagalog6_COLOR.wav,daf45ed71a4e6a15f8696e9bba7181cb06afcfe9aa733ecd6974ad114bc4186a
vcm_train_012596.wav,fil50_10689_ref_tagalog5_CREATE_REMINDER.wav,5a682fc73a353583087532c5bb5524f460430ff0946777708db2de3a851570df
vcm_train_012597.wav,fil50_02372_ref_tagalog10_TEMPERATURE.wav,adf7ab75d8f61f974db4a62c5b4e0cc8d69c6e51c41d53555858a3143b172a5c
vcm_train_012598.wav,fil50_12364_ref_tagalog7_VOLUME_DOWN.wav,a570bbe2ce59ebc3dc69eb5173bad9f32667bccdb100e603d5c69bca58da440d
vcm_train_012599.wav,fil50_03163_ref_tagalog11_ALARM.wav,48c2ea1539f58e9550eac4cd23cfed21df54bff23c2a1fc9d702b22022a2f80c
vcm_train_012600.wav,fil50_13993_ref_tagalog9_TEMPERATURE.wav,8a10db2c0dd94baf893d39a8e51596a66e140f3ab79a0adb6a4c1ca8144ed694
vcm_train_012601.wav,fil50_08969_ref_tagalog3_MESSAGE.wav,b5fb309e4631a70521483842e0eb4bbe4e7288e9e7e33efadafc43f840d0527d
vcm_train_012602.wav,fil50_01534_ref_tagalog1_COLOR.wav,cdbe2a9c81a7b0aa30887fb0d7722d132697792fc38b77f38728641b0149bf04
vcm_train_012603.wav,fil50_08107_ref_tagalog2_TIMER.wav,4d27399eb81d31a571173701549ddd86e8a550bb915ac783ae0f14a705252b12
vcm_train_012604.wav,fil50_04887_ref_tagalog13_CREATE_REMINDER.wav,bdb939eb795f01f3074b155ad14e986177fdbcd190697f6d12be71a11d64eeba
vcm_train_012606.wav,fil50_13187_ref_tagalog8_LIST_REMINDERS.wav,423fea38e74330290f203fe37a4c34a74e78a65adeb34058f0dd45f1626ebad2
vcm_train_012609.wav,fil50_07259_ref_tagalog16_NEXT.wav,b22612fdb003b432cf231141d23bdc1049cee4833a34959608f3bccf708a771b
vcm_train_012610.wav,fil50_04017_ref_tagalog12_LIST_REMINDERS.wav,29f3018587cc6be5655eec80f1547e8f40751dc7e593ff2e9f7c26d4a68e6810
vcm_train_012612.wav,fil50_11513_ref_tagalog6_PAUSE.wav,fc9e22d0d2e0499bb59cbf03ad9ac952fc8a70dd55bfac73aafdbcd35b415f10
vcm_train_012613.wav,fil50_10691_ref_tagalog5_STOP.wav,96a0c4d100a30c4a8b5989630d9853ce085c560a904f7ac036baf50b9fba3b6f
vcm_train_012614.wav,fil50_02374_ref_tagalog10_TIMER.wav,1f91cca0a05b6032f6e73fc812306c0035a326a699dd2d508aa4be2f4f527e75
vcm_train_012616.wav,fil50_03164_ref_tagalog11_COLOR.wav,bb33bb7026a5698460172288cd007f42618830abbe631cf0d8451f193ebe33a3
vcm_train_012617.wav,fil50_13995_ref_tagalog9_ALARM.wav,b1d372a1233f7ece5c96139bf14dcfeedc8fe325e5573b816cb10ed1171e4753
vcm_train_012618.wav,fil50_08971_ref_tagalog3_NEXT.wav,d97d647fdfbb7c9378ee49900a9175e6cefff782825e9fde0eb4e3384e83edff
vcm_train_012620.wav,fil50_08108_ref_tagalog2_TEMPERATURE.wav,6ca2eea30caedd016b8448e9617c1c76536aacc739e8215b0517ed57e2f44da4
vcm_train_012621.wav,fil50_04889_ref_tagalog13_VOLUME_UP.wav,ee3eda4bedb3ae78c77645ae9016202ef32afae787f9363497e9285121b6f5e3
vcm_train_012622.wav,fil50_09823_ref_tagalog4_STOP.wav,df2ffc9da0933b1f669f3a0b5de323b3a265e46817c7098ab1bb924b40f5694a
vcm_train_012623.wav,fil50_13188_ref_tagalog8_LIGHT_OFF.wav,3b7857aead5240b9af1f507a0c46ee4f0ceeb6c0ca9470244041e0c7bb429c13
vcm_train_012624.wav,fil50_05705_ref_tagalog14_TIMER.wav,3dfee95fab0d531a5732e0a45b3229a0165e2b898cd7ed0ebe6fe0df96b5a396
vcm_train_012626.wav,fil50_07261_ref_tagalog16_NEXT.wav,ef4607101a1758324aa46a5565c6f870e4190ff53f383261c1af243fdc38e00e
vcm_train_012627.wav,fil50_04019_ref_tagalog12_TIMER.wav,ae4e5da60788404e079cc7e861c0fc14bb89c7bb38d7362a28d1e36378bd5e45
vcm_train_012628.wav,fil50_00726_ref_ilonggo1_TIMER.wav,f885c19ae5be816a3bf121c3aa182c0d398e70445327e3b0cf892daf9cc2d97b
vcm_train_012629.wav,fil50_11514_ref_tagalog6_NEXT.wav,dc26ef084f539e86daf7b62bdb7f1209677f57294bc06213a3822de01e595ae1
vcm_train_012631.wav,fil50_02376_ref_tagalog10_COLOR.wav,e28d598f08301535fd90de3a67308fdd2c039f44f1518bbb42f42c97af816753
vcm_train_012632.wav,fil50_12366_ref_tagalog7_NEXT.wav,6e50c20b369e0c8ba185d66318be3a038dbdd01e7f6563a9a747c85551e063c5
vcm_train_012633.wav,fil50_03166_ref_tagalog11_LIGHT_OFF.wav,913a66d6b00aab063b3db7275e5ae367649e462155c99011408333605feaa316
vcm_train_012636.wav,fil50_01536_ref_tagalog1_TIME.wav,70db2a0a2df970faa3218d1d9e069b2f69c7c3705d34940dec7fc898728e1b31
vcm_train_012641.wav,fil50_05707_ref_tagalog14_TEMPERATURE.wav,d2b418e926430f54f924f3ffabae3fb199e2accb8e416fc57ea7fd630b3a2bd1
vcm_train_012642.wav,fil50_06570_ref_tagalog15_NEXT.wav,fb38d679a6fe3d076006a200caed71d6e57c00670ce4e658e4dfe8fbafe03522
vcm_train_012644.wav,fil50_04021_ref_tagalog12_TEMPERATURE.wav,ebb5bb90f8d51442b502dea979c2e62b1c9d695448bf6033bf09ed109f46216c
vcm_train_012647.wav,fil50_10693_ref_tagalog5_MESSAGE.wav,c6ee60b9a7bc5df0a0f0457d842b515ebae9452e846ece3ec952655ae41c6718
vcm_train_012649.wav,fil50_12368_ref_tagalog7_BRIGHTNESS.wav,4dc662407fe4bee349aa7ef0ef4e18bf56bc716f5f28a694a17fca07afa763c8
vcm_train_012655.wav,fil50_04890_ref_tagalog13_TEMPERATURE.wav,3f17fd694b78a62b8de612d9e6eff670f6a940be04228dcaeac5028fa7079e79
vcm_train_012657.wav,,c734fdb547a6e5e4e40242140cf3cf313f93e1a4c9c9ee59fd4707793edf2cff
vcm_train_012658.wav,fil50_05709_ref_tagalog14_COLOR.wav,18a74324f65430841972385a23738e0f107ee0cd92083e88ce316619c1a76513
vcm_train_012659.wav,fil50_06571_ref_tagalog15_BRIGHTNESS.wav,ab55c8739eee156cece2a2a043f09a082e669f8ac6e4e7eaaacaea7f31e717ef
vcm_train_012660.wav,fil50_07262_ref_tagalog16_VOLUME_DOWN.wav,0e50864a2ff668f9ed9dad2c2b7028226f2ec1ab0010c06bfca6fbf0c1fedfb8
vcm_train_012661.wav,fil50_04022_ref_tagalog12_PLAY_MUSIC.wav,82a3c60ec5a265d1b9c900352058981dde49056ad9e4a27329142da40eb6c1cd
vcm_train_012662.wav,fil50_00728_ref_ilonggo1_CALL.wav,9244df8a9816d302780b74d2275dcedfbacdb9f8b19f782a1069a8cb645a15ec
vcm_train_012664.wav,fil50_10695_ref_tagalog5_LIST_REMINDERS.wav,066eddee64bb1df5932374acd9e634d8901d05f2248ed8808f1476b7a04cd188
vcm_train_012669.wav,fil50_08972_ref_tagalog3_LIST_REMINDERS.wav,349571de3b332f3bf799ccee1331de672cbcaba6115d08452e1fa1882adc0424
vcm_train_012670.wav,fil50_01537_ref_tagalog1_PAUSE.wav,6ed933a3d2afe30b655378dd7d838ab5eeabdef2d8a149ced3fb1e26b706d41b
vcm_train_012673.wav,fil50_09824_ref_tagalog4_ALARM.wav,ffcdf6497ad0b5d231cb0ee38eeabfa5baca1b3b875c67520bfe6eed0087354d
vcm_train_012674.wav,fil50_13189_ref_tagalog8_CREATE_REMINDER.wav,4711f31982f2a21fd0c46ea716fea91db2b7f0e41c80dd8db1250e3f93ef36a9
vcm_train_012675.wav,fil50_05710_ref_tagalog14_NEXT.wav,eee064358a0a84c4a3878ffcc3b2e3339b088d8378ce74306dd3ee55a61cc40d
vcm_train_012676.wav,fil50_06572_ref_tagalog15_BRIGHTNESS.wav,aa8f722bd2ed64e394b6c13c3238c9ec723bc3bad4926c96eabb7993af399c90
vcm_train_012677.wav,fil50_07264_ref_tagalog16_ALARM.wav,f9c8e3a3e939fa125504b12455c222aac2c04752e49c402ec77d9fa786f5e318
vcm_train_012683.wav,fil50_12370_ref_tagalog7_CREATE_REMINDER.wav,4ad7a3b18eb2a203cc1c36e0098d56577781a5075ba71ddd0472fc428148d9b9
vcm_train_012684.wav,fil50_03168_ref_tagalog11_CALL.wav,2ac702678edfdf69b7ce2fbc173657fac93768c31e08c64e7f7c6bcbc40084c0
vcm_train_012686.wav,fil50_08973_ref_tagalog3_TIME.wav,612409fddb3a6d89631f48390dafaf7ee4583c998dd2ac6fbe99cc0009ab0dba
vcm_train_012687.wav,fil50_01539_ref_tagalog1_VOLUME_DOWN.wav,11f9336d4e601b6fc459e376d90959a6c2cf765e0e1a1fad9511a1a6be7896be
vcm_train_012688.wav,fil50_08110_ref_tagalog2_VOLUME_UP.wav,deb558eb52db0ad9506594800d325a362cd6eb101a79d4f79918b06fd0fe2c54
vcm_train_012689.wav,fil50_04892_ref_tagalog13_ALARM.wav,6c04547b55c85fb2dfd60c3a92d04f6f64f739df310b1505a87cc4b3629bd21c
vcm_train_012691.wav,fil50_13190_ref_tagalog8_LIGHT_OFF.wav,9483f85bf087a9ba731a083b1d63e1e79962865bcb3dd95f9d6849a10eb42f4a
vcm_train_012692.wav,fil50_05712_ref_tagalog14_NEXT.wav,15fa6ce15d24d76c08f4c90bfcdf18d1f4f9c66059c5355eae8bac7b461c07d7
vcm_train_012695.wav,fil50_04024_ref_tagalog12_LIST_REMINDERS.wav,b6c253624c3828e778d356cfff38a138ca87a3b162357eeba6fa39f2e0d3b30d
vcm_train_012696.wav,fil50_00730_ref_ilonggo1_COLOR.wav,4f0fd662e260180dedab8a5ec948579e280b9bd1d2a3bedf78b510353bdd9a3d
vcm_train_012697.wav,fil50_11515_ref_tagalog6_VOLUME_DOWN.wav,8a48b6cba0d2f52423746aa6b9e4eb4edf9d7d726c3ea861d411a3975bb41955
vcm_train_012702.wav,fil50_13997_ref_tagalog9_WEATHER.wav,32556c33a8eae5023c3bc6a9e3d982ea7aa9275437affea916a7fcac4886fe22
vcm_train_012703.wav,fil50_08974_ref_tagalog3_VOLUME_UP.wav,9dbd9d8c4b04d4517e290c502859bbc9a386cf26ec4a597b88ad049a5cd3cbeb
vcm_train_012705.wav,fil50_08112_ref_tagalog2_PLAY_MUSIC.wav,6fc3dea95a614cd0eaece705f9372c51dbf8f3345881556d8eb3d1081a0558e6
vcm_train_012706.wav,fil50_04894_ref_tagalog13_COLOR.wav,576535f84dd5dffd822c7fe3d96171134af5a45924fc281c9c8afff5fdb6a65e
vcm_train_012707.wav,fil50_09825_ref_tagalog4_PLAY_MUSIC.wav,b3fe9d5f590dcb293dfeb4b51a131243e40fd6494aa33ba07de372ad32562b59
vcm_train_012710.wav,fil50_06573_ref_tagalog15_COLOR.wav,b674dc0353d8aa108a5d6a5411ccac96bb6828b9390fe915103b69468782dbe3
vcm_train_012712.wav,fil50_04026_ref_tagalog12_COLOR.wav,e8280b6835fb053b16fa61044e404d8de821e865e37ae81034b7328c6719220e
vcm_train_012713.wav,fil50_00732_ref_ilonggo1_ALARM.wav,42719a3aa0fdf9ce022f2a2d2e30f5e7ef16c2dcc14e02a74600fbacd66c25eb
vcm_train_012714.wav,fil50_11517_ref_tagalog6_COLOR.wav,b63d83c6f219de6f4ae27d40914d250762446ee64845010ad72224dca083496e
vcm_train_012716.wav,fil50_02377_ref_tagalog10_LIST_REMINDERS.wav,58902b840a2525ee50d6e87090a5f6866d85cad3eca31b8d3dd007ed71eff1ba
vcm_train_012717.wav,fil50_12372_ref_tagalog7_CREATE_REMINDER.wav,01df435f4d5aed7c1d0a33f7c74ac088d1875d0b4a3b63c7fae90873ee193419
vcm_train_012718.wav,fil50_03169_ref_tagalog11_NEXT.wav,071ad94344a6843cdd92bd276458e842d3ed3bd83c25858acd03786e0d6e46ff
vcm_train_012720.wav,fil50_08976_ref_tagalog3_PAUSE.wav,c075c366b911b7376e72085ad79a92b27f9bbb6878bf635fd23e1058d9f15dc7
vcm_train_012722.wav,,ce07dda76765c98f522138de69b5652ec8062b0a990280623edddbf98fc835a4
vcm_train_012723.wav,fil50_04896_ref_tagalog13_NEXT.wav,5aa9dd9a8b8ed05af9b7750d469b6adbec8cdf92ab560ef8b5553d38a2c6fa86
vcm_train_012726.wav,fil50_05714_ref_tagalog14_LIGHT_ON.wav,80f4ad5306efb3f5f7b9523493fcd852c9d37b46192529b7b4f2657813d6e037
vcm_train_012729.wav,fil50_04027_ref_tagalog12_COLOR.wav,4044fb53e5b85a2ab8a515f7c3abda004482ea5c685a93833f3cda3014d6282e
vcm_train_012732.wav,fil50_10696_ref_tagalog5_STOP.wav,8c6be28d2b8a1b6f22c793bdd2fafcc4a11f4feb4e76b9f34b9215583997f40d
vcm_train_012733.wav,fil50_02378_ref_tagalog10_CALL.wav,4d5bcc6aa874c5957b9dcd93900014abdd3b2345274d1d774edce746198e7ef4
vcm_train_012734.wav,fil50_12374_ref_tagalog7_VOLUME_DOWN.wav,f4e8920aa3a58edccc17f9d33e0bfa088d27b9f3cc7c89d969f164e66a22bce9
vcm_train_012735.wav,fil50_03171_ref_tagalog11_VOLUME_UP.wav,d667ba170906169f8a7c49c959ec3139b8675da1b39e6883a962f1f3f8003148
vcm_train_012736.wav,fil50_13998_ref_tagalog9_TEMPERATURE.wav,6259e8bfba78adc6d5351fca4d43dd9d601949553129c1ab01439c41368fb090
vcm_train_012737.wav,fil50_08977_ref_tagalog3_TIMER.wav,30dcd778aa90e79a67325614943f81cc2c5a01d8581ba6c424fade05a54ae25b
vcm_train_012738.wav,fil50_01541_ref_tagalog1_COLOR.wav,6f02bb5b22ce9b38154b9a37382fba6a72f0c234b0aa0c3b39ed67a43fba81bc
vcm_train_012739.wav,fil50_08114_ref_tagalog2_TEMPERATURE.wav,35c5922f64e9bfcb3dbc3036162faa71dff68f48c2dadc4e76c14f24a2623c3d
vcm_train_012741.wav,fil50_09827_ref_tagalog4_TIMER.wav,77ad4116b9e21b83dad46962a5fa3ab90331063fff4257cff0f8f8c644edea1a
vcm_train_012744.wav,fil50_06575_ref_tagalog15_TIMER.wav,0b769635f82743a71282d287392ebf820636ea951e49591dcbabf0f39e1f3d5d
vcm_train_012745.wav,fil50_07265_ref_tagalog16_COLOR.wav,84afe462fa8db25bf532076dc9caa1f2cd4bba1e2bd8c35ef71bca7814b5c78c
vcm_train_012748.wav,fil50_11518_ref_tagalog6_TIMER.wav,bd1f71a0a8f9f2d43dc9cbcfb6ea15cc01fc3ed6977801a8f59195159d505919
vcm_train_012750.wav,fil50_02379_ref_tagalog10_TIMER.wav,dc2ce5e878b931ac0eb617dd4e545976adcc2a6fbf286bc8cc272ea6d6408588
vcm_train_012751.wav,fil50_12375_ref_tagalog7_VOLUME_UP.wav,241f10a37f7ae7fef65b3a35b80613fae2b97983a093a34e31c7af868ba10f81
vcm_train_012752.wav,fil50_03173_ref_tagalog11_NEXT.wav,a2a729c1367ecb5c7131675f45d41d8d0628afbf76b02796574589ad600144f2
vcm_train_012753.wav,fil50_13999_ref_tagalog9_COLOR.wav,948853b2e6e726e1c5a1ee2ad02f5c43374830f63a7580c3a2f4581364ce880c
vcm_train_012754.wav,fil50_08979_ref_tagalog3_BRIGHTNESS.wav,fb45cd26d812ed15433676849a4d69fa8de92c265c12a4d69434b7a9ee4f37b4
vcm_train_012755.wav,fil50_01543_ref_tagalog1_ALARM.wav,a82ba054701a5a0fc615ca3c32a57ee222ce079c2e968b182e1fd9477f05104c
vcm_train_012756.wav,fil50_08115_ref_tagalog2_VOLUME_DOWN.wav,5e37ebcf7b04ff6151d479b85dff3cb02418511ea0da9ea50404f67e478afebb
vcm_train_012763.wav,fil50_04028_ref_tagalog12_TIMER.wav,add64e5ea437a03c5cb35653051bc745bccc8ffb5166a36a77b43ac32b15ba52
vcm_train_012764.wav,fil50_00734_ref_ilonggo1_TIMER.wav,aa39c4ad9b16ad941e9fc6c574f08222eb017e018508bf212964b18377f764ec
vcm_train_012765.wav,fil50_11520_ref_tagalog6_NEXT.wav,f29ebe9c04f625485c311de5b86b37b2e0ef90547c2a62cec473f57db2bcbf81
vcm_train_012767.wav,fil50_02380_ref_tagalog10_LIGHT_ON.wav,cfce80a5298ab6d2bfe7ef64ebc07baa9ac5b5633dac5d40dfb706cc043b557a
vcm_train_012772.wav,fil50_01545_ref_tagalog1_MESSAGE.wav,edfd55e2aceeab792528172180da0269e3beee8ef175c86c596cc8bf34b33f40
vcm_train_012773.wav,fil50_08116_ref_tagalog2_MESSAGE.wav,20e1b2854924c97e8ec2b558e4645d8a33642eea2c75b8496cc62e9c9c6ef399
vcm_train_012775.wav,fil50_09828_ref_tagalog4_LIST_REMINDERS.wav,0fc9343c856004ad8312a752a119541902797247f7c019246d36331fdf34b83a
vcm_train_012776.wav,fil50_13191_ref_tagalog8_VOLUME_DOWN.wav,bcd5dc05c2eaa0194363628d03ded4356edd6649b043275227f187941169565d
vcm_train_012778.wav,fil50_06576_ref_tagalog15_TIMER.wav,473930cbad672ab51d12e1e84de536a86a4304bcdc72710c495def1f46ee5332
vcm_train_012781.wav,fil50_00736_ref_ilonggo1_STOP.wav,c059c8d95912e8b892622749762304266199782517414c9fb394e79454f462ae
vcm_train_012782.wav,fil50_11522_ref_tagalog6_TIMER.wav,d50ac43bfedab7f22f8a001b1b648c57f922c712a09d339a777153afdaa5727c
vcm_train_012784.wav,fil50_02381_ref_tagalog10_CREATE_REMINDER.wav,7c26c5b390810ffb6bfdd020cf1fee53fa3f98b0502cd69a89153d2744d8d125
vcm_train_012785.wav,fil50_12376_ref_tagalog7_PLAY_MUSIC.wav,5a94f8d2de4701a20f6e72b269dec06cb47ae8a45b0663ad90bcefa1d251bc05
vcm_train_012787.wav,fil50_14000_ref_tagalog9_BRIGHTNESS.wav,dbc956b6ec32e6423f57307510b9a5323fbfeac4f6aa1b26221f142aab677c8e
vcm_train_012789.wav,fil50_01546_ref_tagalog1_COLOR.wav,dbd6892b3f4f79da299be598a7c5caeac1ae06ca9e2844eec39b183ebcb5f0bc
vcm_train_012790.wav,fil50_08117_ref_tagalog2_COLOR.wav,0ec1452dfc9646e4d0b49839eb942067cda444499a58b0d9b35afe8a723e3c77
vcm_train_012792.wav,fil50_09830_ref_tagalog4_MESSAGE.wav,4ade536988cdb6ca398f8fd0b695ce983355570e38d10a469a879a8e37205594
vcm_train_012793.wav,fil50_13192_ref_tagalog8_MESSAGE.wav,48f142f130cc0e8169c615db27e502ea1495db72283493b0c7e2f50ee5e1bbcf
vcm_train_012794.wav,fil50_05715_ref_tagalog14_TEMPERATURE.wav,582b76ce96ee0be368c8f8332706dff5af7cc0a29e727572e297c9afe24278c5
vcm_train_012797.wav,fil50_04029_ref_tagalog12_VOLUME_DOWN.wav,4e6b14586939fafc157ddecc390a5ec79f152fd1e9602ea8056e66d0c9a1400a
vcm_train_012802.wav,fil50_12377_ref_tagalog7_NEXT.wav,1f7d434d32426e6e73a339b0732d79c29a13ca4c977775c5adc23c07c67e9540
vcm_train_012803.wav,fil50_03175_ref_tagalog11_BRIGHTNESS.wav,9c4ee76077e14298343408af7bc4e9e123b3c210d885a552a379df6f475bfa3a
vcm_train_012804.wav,fil50_14001_ref_tagalog9_TEMPERATURE.wav,c341a44d55f214776ea0de6e7a2330461560f09e33758628cd48583cff1575a6
vcm_train_012805.wav,fil50_08980_ref_tagalog3_LIGHT_ON.wav,0fdad9725c4bc7df1da1a8e4662f71ae72dab15a111e062ff97a6ead1d8451ac
vcm_train_012806.wav,fil50_01547_ref_tagalog1_VOLUME_UP.wav,4a68b1e7fd08420cea7d4de1f48b8b460fdc8afb97ec0fd0aa4e95846c8930ab
vcm_train_012808.wav,fil50_04897_ref_tagalog13_VOLUME_DOWN.wav,2608a6b3ad3e83bf5e8c062e4622a6705a1b3de018c5c8fc1bb40a6821f95a5e
vcm_train_012810.wav,fil50_13193_ref_tagalog8_BRIGHTNESS.wav,0cb0cd3931f20c40033b1f4f4cb93bbf248663216d3ef688bbbbe2b99aa2eade
vcm_train_012811.wav,fil50_05716_ref_tagalog14_ALARM.wav,0129ba4eb0d63c3e47af3e9771bd23a57a21f9ad0facccc6d9a2ae76c11456ff
vcm_train_012813.wav,fil50_07266_ref_tagalog16_CALL.wav,0e8bac3ca20f938c4abdc56b670d5fe7d5344f3d43fc627fbffaf680fa97f713
vcm_train_012814.wav,fil50_04031_ref_tagalog12_TEMPERATURE.wav,2c189dce17414cad2a8c447963a975dd6247e7bb3e977483637c57144fe2218d
vcm_train_012816.wav,fil50_11524_ref_tagalog6_CREATE_REMINDER.wav,bd23ec3e902fe02386a45503e4114ab51b2d3aa30fa037aff8ed7de528d7b404
vcm_train_012817.wav,fil50_10697_ref_tagalog5_TIMER.wav,f771ba4f10e60766ce84d2271481a013ea06078230861f0bfd8ae8f4fb004aea
vcm_train_012819.wav,fil50_12379_ref_tagalog7_BRIGHTNESS.wav,7e0279b30e46d669c5cf1de16e6779ffefef98e8055cac6c5d83126889f2ab79
vcm_train_012823.wav,fil50_01549_ref_tagalog1_TEMPERATURE.wav,542d9936056888525343944814858090878f8ac51f22e4ccb80fb269d38a7777
vcm_train_012824.wav,fil50_08119_ref_tagalog2_BRIGHTNESS.wav,4ab2929745da6609b9eda58b8287c485f4ebb9f5e2c0ca20a4de61b4c67842d7
vcm_train_012825.wav,fil50_04899_ref_tagalog13_COLOR.wav,23076e333063b4c91b6915acc917828af8084ee411f7bc3dc3ef40b60f017171
vcm_train_012829.wav,fil50_06577_ref_tagalog15_PLAY_MUSIC.wav,d0dba4bd637692580fbd240ee7aa0944e69533c42c8ab5ccad231880843580a3
vcm_train_012830.wav,fil50_07268_ref_tagalog16_BRIGHTNESS.wav,b215361896a5c2c217b00bb03fe0efb33885bab0513d76b444583904cdb018ca
vcm_train_012831.wav,fil50_04032_ref_tagalog12_PAUSE.wav,f0527ca02d8d835a8209c86798d97a5736b8c85db9abf6323e2e2d324532da69
vcm_train_012833.wav,fil50_11526_ref_tagalog6_VOLUME_DOWN.wav,3a610f9bac628148cae21f32fa74c97c69a475d65dd525231f942203ce1986d1
vcm_train_012835.wav,fil50_02382_ref_tagalog10_ALARM.wav,9767d84fe3824f6f58522dc0d7580947c5a98168f9f3689488d392e8a0e41171
vcm_train_012836.wav,fil50_12381_ref_tagalog7_LIGHT_OFF.wav,058b9f700b06b41722a708a14f449f814b5b7a0a88b6be7de181bdb9a57a0311
vcm_train_012838.wav,fil50_14003_ref_tagalog9_VOLUME_UP.wav,7872d4f2634cc75e2c8abc88c85f552f04f8e20eac925b0054a4af887983daf2
vcm_train_012839.wav,fil50_08982_ref_tagalog3_CREATE_REMINDER.wav,4f2973cfc107a8139533ea2382c8a56110d85987a9afbcada029cab6a44af60d
vcm_train_012840.wav,fil50_01550_ref_tagalog1_WEATHER.wav,29e60b74a111d164e894744938c77ec4ad1f8248eb450931694fda9a1ba1deee
vcm_train_012845.wav,fil50_05717_ref_tagalog14_CREATE_REMINDER.wav,7ede58dff6f5c48decf6e0e73681ac7e1e9a4a6ab44aa6cccf92415789478d84
vcm_train_012848.wav,fil50_04033_ref_tagalog12_WEATHER.wav,9e69578c0e3c2788a4bba815847a43619fcf2ee9073e075fe8b11861e99bf558
vcm_train_012849.wav,fil50_00738_ref_ilonggo1_VOLUME_DOWN.wav,5ada615c9c13aa2b1803a3d0df662ed8576211371ee1817a6c619d29262be72a
vcm_train_012851.wav,fil50_10698_ref_tagalog5_VOLUME_DOWN.wav,17e73cb6f6092aa528a241d919dd5e0cc73ddf515e05d3c9f17b21bc09d2f38c
vcm_train_012853.wav,fil50_12382_ref_tagalog7_TIMER.wav,da38131d878d3ec4434310b8611af92167f121ea14fe8d83de560eec31435561
vcm_train_012854.wav,fil50_03176_ref_tagalog11_STOP.wav,728a7931c252da0d6eb84a4c1ff7d125e4ef898dce2558905640c98561acf0f9
vcm_train_012858.wav,fil50_08121_ref_tagalog2_LIGHT_ON.wav,b36c429d70fae16e991239a481eb7fd80c45647f5851054265adb47fb82027f8
vcm_train_012859.wav,fil50_04901_ref_tagalog13_NEXT.wav,5bf8b126a0d5b534f9b1ef1b2159b49775b69f32df6111e4855f25006c602634
vcm_train_012861.wav,fil50_13195_ref_tagalog8_PLAY_MUSIC.wav,47be064146a9fb4c49d435dffc7a94f520c257ab2450aab8d421d17f1d174dfa
vcm_train_012862.wav,fil50_05719_ref_tagalog14_COLOR.wav,141632694997e1af52a25653e8de44d169b7b34c9acb26259eb03b49684a6077
vcm_train_012864.wav,fil50_07269_ref_tagalog16_CREATE_REMINDER.wav,ccd2c03fe01bd14699ae21d00f53ae841c8354236dcd13123cba7775b7d0679f
vcm_train_012867.wav,fil50_11527_ref_tagalog6_PAUSE.wav,ed6ae7f977337d83a0b9598889eda1fd93a16762d7298665ad3865726a7d92b8
vcm_train_012868.wav,fil50_10700_ref_tagalog5_LIST_REMINDERS.wav,fa0d3860a8092f60ebf48af9ada9056689b40d48082a05a496df599eafa28e69
vcm_train_012870.wav,fil50_12384_ref_tagalog7_ALARM.wav,86ef18c2ca64bd8f23ed4a11ae90dcd52b1e7c756ed662c64c8f108f78e8bda0
vcm_train_012873.wav,fil50_08984_ref_tagalog3_ALARM.wav,7eb9225e8cd634582b9dcf39af54ee92dad2c7085c51dc0d999136d89f03d241
vcm_train_012875.wav,fil50_08123_ref_tagalog2_TIMER.wav,8e10a0675d99d2c4e03db388d2e6226ae71336060c247a2f852f3c503170aba1
vcm_train_012877.wav,fil50_09832_ref_tagalog4_VOLUME_DOWN.wav,869ba99a0d6a3e51ad7aa2ae3d177a62597f99245ff38d5d7c676b64d09f089a
vcm_train_012878.wav,fil50_13197_ref_tagalog8_TIMER.wav,d84fed124b85fc8ed41d8a3a30cdd3b44e660fdb518bb0d562fe979b3b519057
vcm_train_012880.wav,fil50_06578_ref_tagalog15_TIMER.wav,cbeb65af4582a9e629604f146971a467713d876d0ed5539299eef7f93f9528cb
vcm_train_012882.wav,fil50_04035_ref_tagalog12_TEMPERATURE.wav,c70060d1d8a9a32b4968a1688a98e9a3b3070bfbc8eb5efd6c79a431fc7adc1d
vcm_train_012884.wav,fil50_11528_ref_tagalog6_NEXT.wav,90314c2f971a8527cd4fd2a6447671b05fe96ed760a60172becccbfc36187cb3
vcm_train_012885.wav,fil50_10701_ref_tagalog5_TEMPERATURE.wav,e143d16e00b3b24c4d73e07c40b7b5848d33b51f5710fe6625bcaf724eddaa32
vcm_train_012887.wav,fil50_12385_ref_tagalog7_STOP.wav,a411e061ee2b891764295f9bd171823358cd5c42f416f8d5c289e05e12c04a8d
vcm_train_012888.wav,fil50_03178_ref_tagalog11_PLAY_MUSIC.wav,7c8d77c7c8437a878860ee08ec6440205fd3e7356210f2c1763b76473651bcf3
vcm_train_012890.wav,fil50_08985_ref_tagalog3_COLOR.wav,5a0e0240468a3ce14a329debd893655879702312d2abbc8454c9d7b380751661
vcm_train_012892.wav,fil50_08125_ref_tagalog2_COLOR.wav,424a851637d560031e3b4dcb7789f9f68ddee0ca1e178939adb6db879b9a3ae5
vcm_train_012894.wav,,abed080af64c8321dc662336c5552b1c4ba0afd612baf5215384872ea865a5fc
vcm_train_012895.wav,fil50_13199_ref_tagalog8_COLOR.wav,8000256acafc19f09164180e7c813dd567c1f125b430b55fa02d4ef08573bf30
vcm_train_012896.wav,fil50_05720_ref_tagalog14_NEXT.wav,6ac2bd6ac94538a5a674bc5527f7a617fce952612c29d131d320db957cdfc8cb
vcm_train_012897.wav,fil50_06579_ref_tagalog15_PAUSE.wav,84625d036efe800c4c8d87c9db1c3e410af5bffdbe13bc57dd4dc5479b1cae99
vcm_train_012898.wav,fil50_07270_ref_tagalog16_CREATE_REMINDER.wav,6cec2f82ae93fba1fe3a0e08cf30278f07b53e1aa3a8c9e24f413045855cb3a8
vcm_train_012899.wav,fil50_04037_ref_tagalog12_TIMER.wav,59df756a05e9bad5097a0a3ddb35870851db089a530caaba1c058862a8bad878
vcm_train_012900.wav,fil50_00740_ref_ilonggo1_LIGHT_OFF.wav,ae51b50dbbb88998b286b12d91c761db3d475baf219e5fb9dd468a9a0a34b195
vcm_train_012904.wav,fil50_12387_ref_tagalog7_LIGHT_OFF.wav,1ea3f6a92ee4341a2e04dc426321ebcb1b0f9865c1dbd41be18985cd6aaace2b
vcm_train_012907.wav,fil50_08987_ref_tagalog3_TIMER.wav,4f2ae99e5374b883fc27901bc60f2ddd950f75bc34112471b4f9c1e0de6c95ff
vcm_train_012908.wav,fil50_01551_ref_tagalog1_CREATE_REMINDER.wav,64e72fc797899ed781c6e9daf343310340f487d4e1919d1e225153a6e52e2b14
vcm_train_012910.wav,fil50_04903_ref_tagalog13_ALARM.wav,de8650326a49668d48cf7178cfcd1b67d6624ee3febb6908d29d306405848260
vcm_train_012912.wav,fil50_13201_ref_tagalog8_TEMPERATURE.wav,5ede5c52baf966a204e2b08842f1c4ef352d32ca648442ec10646064da378c6a
vcm_train_012913.wav,fil50_05722_ref_tagalog14_NEXT.wav,ff1b364e28d0df5f08660a639696a0d2e14ec8b2c798b8b54339345d45181691
vcm_train_012914.wav,fil50_06580_ref_tagalog15_TIME.wav,bd2fc549b90bc3e283ea4130f98580273282970ca4c69d067c641708a0112767
vcm_train_012915.wav,,d4678006adbfd12c47d6a4951effe845dc0b6989d1d9e9659f2d68ac5496b6d4
vcm_train_012916.wav,fil50_04039_ref_tagalog12_ALARM.wav,c5e3e870e9949e8247aa065c203ce81776672b117b17712d1d0af8db6405053c
vcm_train_012917.wav,fil50_00741_ref_ilonggo1_VOLUME_UP.wav,f915816eab4642c64d79a41ba6bd9bd73cb4456adc714f7bdd5678b8fd72b9f3
vcm_train_012919.wav,fil50_10702_ref_tagalog5_NEXT.wav,40de14038551aad3dfb2ab42247a76e1bf1e9ac9a3885070b2f171e96a5d1319
vcm_train_012924.wav,fil50_08989_ref_tagalog3_CREATE_REMINDER.wav,a9a0dfaa493200de7196d59e320f65554d12da5ea28ec2c1794b80e800081bd1
vcm_train_012927.wav,fil50_04905_ref_tagalog13_VOLUME_DOWN.wav,1d971ecca44d1c28523f99052489f0139352324ed66e2fc804b7dfeee0c7a1ae
vcm_train_012928.wav,fil50_09833_ref_tagalog4_VOLUME_DOWN.wav,eb57f81a04693b592e22636b45c12f29786270ec788c95e65c3f18078ba5d84e
vcm_train_012931.wav,fil50_06581_ref_tagalog15_NEXT.wav,aaed27debb9f59e7935dbc743a7164ff34b9bb9d91ced367bbe45ff05bc3dc8b
vcm_train_012933.wav,fil50_04041_ref_tagalog12_CREATE_REMINDER.wav,de461e3e1abf60bb02d3a7a1cdfc17dfe71c6f49394b685cbce08175a9b51b39
vcm_train_012934.wav,fil50_00742_ref_ilonggo1_TIME.wav,e646c763118fee34cb621eb7d0a777a442e2889956f91cb67a27b145b60bc162
vcm_train_012936.wav,fil50_10703_ref_tagalog5_VOLUME_DOWN.wav,d31242d81c9f1c08407ad69d83a2025046eb7bc7d4c4c1195e9078034dddd8ca
vcm_train_012937.wav,fil50_02383_ref_tagalog10_COLOR.wav,d976b407d5b8bf7daf99a70172a33ea5eb64078ad05856e70fb36ee102c450f1
vcm_train_012938.wav,fil50_12389_ref_tagalog7_BRIGHTNESS.wav,60f366be2175468d59b641cea24929c9bbb67a1dfb2910ca944248285afcb369
vcm_train_012939.wav,fil50_03179_ref_tagalog11_STOP.wav,0c5d7c8d0bab0ac2ba7cada06419ae7defdc3ee0d84d8014af9345854090e17f
vcm_train_012943.wav,fil50_08127_ref_tagalog2_BRIGHTNESS.wav,3a81a9bfe3cca7a0b059b0e94ea792ec013d26028db1a62270640f8ec2e870d7
vcm_train_012944.wav,fil50_04907_ref_tagalog13_ALARM.wav,86cd5e52703426d06452ca6fbb22bcbcc8b34d4aae2d8be658d6359ba5ef712c
vcm_train_012945.wav,fil50_09835_ref_tagalog4_BRIGHTNESS.wav,e4ca6debe6143e770af8286ce213d06a980f26a094d37ae63939c2afd8d0357b
vcm_train_012947.wav,fil50_05723_ref_tagalog14_TIME.wav,02abfddcc21252ac0ea994a38cef1830dc94f66cfd3acda4426ea17f10192d1c
vcm_train_012948.wav,fil50_06583_ref_tagalog15_TEMPERATURE.wav,713c7e2a8d9986a6e35003b35d2b3c0608d9cbf0a8c3db683700fddb76e8981c
vcm_train_012949.wav,fil50_07272_ref_tagalog16_TEMPERATURE.wav,502272e89a5c3f79fefd70fb3e46ea12cc87ae36c3983f155f3ebb4e2705d9a5
vcm_train_012950.wav,fil50_04043_ref_tagalog12_PLAY_MUSIC.wav,9ece6af070233e28726fa568b6d30b1adc9a81cc2e275bb52e246a0d88c7ee31
vcm_train_012952.wav,fil50_11530_ref_tagalog6_WEATHER.wav,0cf2860ce4ab3d2acf6fa381b1b4ba345059c6aa5b34a4efb3513d58a79d1c4e
vcm_train_012953.wav,fil50_10704_ref_tagalog5_VOLUME_DOWN.wav,b36e71510ba18bf6720311041d210787c731483e78259e15a56ba960998fbff9
vcm_train_012954.wav,fil50_02385_ref_tagalog10_ALARM.wav,bc10c97cc593a2330003cbf81e43922e2d1c5f22cfa50cf22fe9a537d4dc28ed
vcm_train_012957.wav,fil50_14004_ref_tagalog9_NEXT.wav,1159a8c3a506b17bfc2e85759a4c8b839b3a7edc0610bd7cf238b35f48558129
vcm_train_012958.wav,fil50_08991_ref_tagalog3_NEXT.wav,c34b3ee55cff5a099dbef30f38aa618729251b61cd2472d5ecb51663a265451e
vcm_train_012961.wav,fil50_04908_ref_tagalog13_COLOR.wav,9b2073e9471ab633decce4e4342eeecc848c43116e2212f12947494cc1c09f2c
vcm_train_012962.wav,fil50_09837_ref_tagalog4_VOLUME_DOWN.wav,0ddb7e9c672bddb89925ebb0a545ba199aeb960f83c282bdc858357288935588
vcm_train_012964.wav,fil50_05724_ref_tagalog14_TEMPERATURE.wav,49eaf1e7e397135f33595fd1e5c4e041839e3cb54e5bca3b8e84e2d17ff4ca63
vcm_train_012969.wav,fil50_11532_ref_tagalog6_BRIGHTNESS.wav,43fbee507958a9aca6fe195202524438717717d326cd046d950ad7aaf748c172
vcm_train_012972.wav,fil50_12391_ref_tagalog7_LIGHT_OFF.wav,eae2b96a55f98565570e6cbdf51fba304d2aaed7c564e7e06a113b91859dd623
vcm_train_012974.wav,fil50_14005_ref_tagalog9_ALARM.wav,25c28d8bf172a7da6e9ac1b769b830f244df05fe0da3141aa0cdd17ffaed81c2
vcm_train_012975.wav,fil50_08992_ref_tagalog3_LIGHT_OFF.wav,6d87a2714bee1134a483b6aa81b8e34d1c35191429b2d974c8fadd02ebbf1cf9
vcm_train_012977.wav,fil50_08128_ref_tagalog2_ALARM.wav,8c3206d13dfc255768458ee0a347b82bad376131cc5c081466ce28e17a676ef6
vcm_train_012978.wav,fil50_04909_ref_tagalog13_TIME.wav,84706d21d26acb5618e12db35dd3b0601854fcab9c9c969f2b4892ef24c86c11
vcm_train_012979.wav,fil50_09838_ref_tagalog4_CREATE_REMINDER.wav,84c067e079ecaace1f7ac699eec82d6d67aa58722d456ebe8d05c61fa1f4aa36
vcm_train_012980.wav,fil50_13203_ref_tagalog8_PAUSE.wav,6676f67c9b77312f2d6fc8cc722b19df8076c8e97e837b3a37fbc2664ab28a63
vcm_train_012981.wav,fil50_05726_ref_tagalog14_NEXT.wav,d2405e3e7c5cb616b4f5b5c7cccdf43a57ffbb95811889b1c0f7a8d4045da948
vcm_train_012982.wav,fil50_06584_ref_tagalog15_BRIGHTNESS.wav,6814d0d96f85091347b4480f2778bf44eacaeb7c7518e7a8f5781e502dfba414
vcm_train_012984.wav,fil50_04045_ref_tagalog12_CREATE_REMINDER.wav,1f68c511eb7576e8f3fe3da3377029614d1e1dfa5e91feef18ba7950a11f632f
vcm_train_012986.wav,fil50_11534_ref_tagalog6_TEMPERATURE.wav,b81e5b99b193c7da8a4ea382821c059e407822e68525e8f48b553b0aea198fb7
vcm_train_012989.wav,fil50_12392_ref_tagalog7_TIMER.wav,9daa4a90256f39bb83815eaba2c4060277f6b97f470ae94c848db952fd86cb1f
vcm_train_012990.wav,fil50_03180_ref_tagalog11_WEATHER.wav,c3b5ff4285200aa7fd39bebee9b458538b6689ae4ea6c101c1f1a8f1ccacb438
vcm_train_012991.wav,fil50_14007_ref_tagalog9_WEATHER.wav,0d7d80f590907d8a73d5a0c0418b6d9df29b4a6bd469ac79e81ccea84dc8c6ab
vcm_train_012993.wav,fil50_01552_ref_tagalog1_TIMER.wav,8fb595dfd54a0dfdaf9420ee03ec44de40132b4f40d28060e1133d292f3e6c26
vcm_train_012994.wav,fil50_08129_ref_tagalog2_TIMER.wav,5c0c71380c7ec02f6e02a402244f043d7f1e87a49bed0217d40d011a4b76ef9c
vcm_train_012995.wav,fil50_04910_ref_tagalog13_CALL.wav,6cdd01a06df4eef68fc34636541963c8c488ddfc1f3d488214349692adc8e8f0
vcm_train_012996.wav,fil50_09839_ref_tagalog4_LIST_REMINDERS.wav,7fce1134a2c4d4892ee357027918b1ecfe6719d1f61eb297c115bbaa0a6773e4
vcm_train_013000.wav,fil50_07274_ref_tagalog16_ALARM.wav,8760348060f9a3ba3f90095408cf9e86b647dc4e20c1178c060f12dce192ebb5
vcm_train_013003.wav,fil50_11535_ref_tagalog6_PLAY_MUSIC.wav,3ab8479636c8e21293d53ca0d73f9c2df1280ad72b670c005d2d3e19acda8c48
vcm_train_013005.wav,fil50_02387_ref_tagalog10_COLOR.wav,17133cd8c1ffc8eafe319cc15e7d9351267f38a5c6bcc927242c212058b2da94
vcm_train_013008.wav,fil50_14009_ref_tagalog9_VOLUME_DOWN.wav,2236e5c46ed8777d1b9df3aee61fb9940ac29b6dc063fb27f575962b30f7790d
vcm_train_013010.wav,fil50_01554_ref_tagalog1_NEXT.wav,98758698c1403510931a1e22189022e95b6b63c848b6ae3fb3d93f37cbaa0d22
vcm_train_013011.wav,fil50_08131_ref_tagalog2_TIMER.wav,3239fc334ab8fddcfa7afa84537e607595681da6049408aa6dfa6d0c5dbb3621
vcm_train_013012.wav,fil50_04911_ref_tagalog13_BRIGHTNESS.wav,c34e4030f585aff6956f461a4b4cd87b97c8d2bb53722505ee602bfbf1681f19
vcm_train_013013.wav,fil50_09840_ref_tagalog4_NEXT.wav,98fb4aa9d503ffe473042f710ce084ec2cd1e9d743ff1bce7997967cb16e8a29
vcm_train_013014.wav,fil50_13204_ref_tagalog8_VOLUME_UP.wav,d3b10c819f0242441a31a254ced6b0a36ac729f01ddd9340a7b02d5f0d3984f7
vcm_train_013015.wav,fil50_05727_ref_tagalog14_TEMPERATURE.wav,7662558b66911734066d44fdb298dd71f95e9fb49c64f0b1faf808625ae00264
vcm_train_013017.wav,fil50_07276_ref_tagalog16_LIST_REMINDERS.wav,eb546262a7fba2ecc8b686182521b5d97aba8cfdb9f936d964b36d1d1de39a00
vcm_train_013020.wav,fil50_11536_ref_tagalog6_CALL.wav,4ca7d745716d4f0be59f55187442676bd0aa318b0ab573400b7639d3ae701e46
vcm_train_013021.wav,fil50_10705_ref_tagalog5_PLAY_MUSIC.wav,07909484f50a7e812040363a3ca03fd1f21123b2dada673a9beef46292cfbd7b
vcm_train_013022.wav,fil50_02389_ref_tagalog10_TEMPERATURE.wav,160fad0a17bc6cfcf90eab20cd87ead1d0acc48cad8d05dbc20e6b09868bd703
vcm_train_013025.wav,fil50_14011_ref_tagalog9_CREATE_REMINDER.wav,72be9102d9e7bbbc0575c66654a31dd8cff9053b369caa28ab15f3f656364d0d
vcm_train_013026.wav,,fa4dd85cabdd485b5f68fbbc6ba7226ecaebb07304cb8a39bb45aeea2e8ec10a
vcm_train_013027.wav,fil50_01555_ref_tagalog1_TEMPERATURE.wav,f25f009db0418bb8dc0ac4653e920fa56a7edcdbec5e3716dc03b902b9747c20
vcm_train_013028.wav,fil50_08133_ref_tagalog2_BRIGHTNESS.wav,3127a39c20e6eb64f888e85c34c4b20cb43d86800adaace91ebc1604f64568f1
vcm_train_013029.wav,fil50_04912_ref_tagalog13_VOLUME_DOWN.wav,8947419d846d37499fc99a9e41f9e4e71b4feae74edcf90c3bcdd20cdb5b3f5c
vcm_train_013030.wav,fil50_09842_ref_tagalog4_TIME.wav,575a29082c116d8c3537b6746793ad95c53b72f78fe866a9b6746499c941d3ff
vcm_train_013031.wav,fil50_13206_ref_tagalog8_TEMPERATURE.wav,4d9e5d1e871a7fececea3b320bf7b555c1a7491d81613964f5cf033e72ab0ac8
vcm_train_013033.wav,fil50_06585_ref_tagalog15_COLOR.wav,58bca2b13ca55a21af34698a696667e560928525f280488b1c811dd0e3937b10
vcm_train_013034.wav,fil50_07277_ref_tagalog16_ALARM.wav,aacdb8d7da8dc81f4867cae7a6d99c2314ab56a1224390b95c093d1e71c4ed8a
vcm_train_013037.wav,fil50_11538_ref_tagalog6_VOLUME_UP.wav,dd6ad4a3cabe6ab729d911ae0a9da1bbcf53f3ec76ddc16f1ea8d8422df7d39f
vcm_train_013038.wav,fil50_10706_ref_tagalog5_ALARM.wav,7adccf890670e169d2f9ea244647d564a797bf0ae9f9f0e15fd88cd3fa52bea7
vcm_train_013039.wav,,5a21ee0541f65465dcd06da0afe16e89b47eeeab6b128b8ce2ad65f3fb9a8b79
vcm_train_013040.wav,fil50_12394_ref_tagalog7_TEMPERATURE.wav,b8bb3a16ad8fd3405621937b9328867194d0fe4a1ea966106baa02b76d5378a7
vcm_train_013044.wav,fil50_01556_ref_tagalog1_LIGHT_ON.wav,6fa4011948d03feeef1ea214df6188738758423bb134a2e7613d04d58a0a9d8f
vcm_train_013047.wav,fil50_09843_ref_tagalog4_PAUSE.wav,25f469345c863ec9feb79f07ebae2e1a95b5a2968cbdb3371cd5d100a37fb58d
vcm_train_013048.wav,fil50_13208_ref_tagalog8_CALL.wav,15a531d8512c3b369b385aeb00fe43597e2186309950f764207da88a775f0f40
vcm_train_013050.wav,fil50_06587_ref_tagalog15_VOLUME_DOWN.wav,de0a16b7bb2789721d6c99e4433226b0a2d3cf216e987fa4315a31677d05806a
vcm_train_013052.wav,fil50_04047_ref_tagalog12_TEMPERATURE.wav,4b630dc142f22e808e547506f70281d66af843a437a1e5012d1cac2c2b8feb8a
vcm_train_013055.wav,fil50_10707_ref_tagalog5_ALARM.wav,4f36de875980477ed08fb1d3d82c02aa4d43a8ede886eb114c3fca26b839ca3c
vcm_train_013056.wav,fil50_02390_ref_tagalog10_TEMPERATURE.wav,b32ceafd01875c7913f9119400728755f44e17e7292b4641183b38085334b435
vcm_train_013057.wav,fil50_12395_ref_tagalog7_TEMPERATURE.wav,2aa5898a0d1709f2f7093d78e29366f9b73ef322fb648a3ff2a7b44edcf96f14
vcm_train_013058.wav,fil50_03181_ref_tagalog11_PAUSE.wav,a3fcc58b5b51b430fba27d6f2fed3b1aa0913680f60d2d4414e312d40159092d
vcm_train_013061.wav,fil50_01558_ref_tagalog1_MESSAGE.wav,28ad393d01333d9702bf4db3aecabed272af19de05070e9ea9e5d2e6a9dd27c0
vcm_train_013062.wav,fil50_08135_ref_tagalog2_ALARM.wav,c1b513abbd7f74e2f0c391c2e1ddd6ce7a134512a0874859ec50b1750c4084fc
vcm_train_013067.wav,fil50_06589_ref_tagalog15_TIMER.wav,2e337a3dfb56f496355dbad6fe3e3a3ec391e20db687fd2fd4ff5d135cb71bf0
vcm_train_013070.wav,fil50_00744_ref_ilonggo1_CREATE_REMINDER.wav,535285699b77e60fc2113d8f9a4188a6a9017f2fe81a9b25595126fc9667ae47
vcm_train_013071.wav,fil50_11539_ref_tagalog6_VOLUME_UP.wav,23bac581746341946c4a3c614ced5ff99d4b7f55d721c5fdf96b7b1671c3cee2
vcm_train_013072.wav,fil50_10709_ref_tagalog5_COLOR.wav,07c5a1c5e4df122cc5e52a0a0ed58de518c060237868bc2cdcd88885c1a9eed3
vcm_train_013073.wav,fil50_02392_ref_tagalog10_ALARM.wav,df8087050f32c28f0ef6756888bc4d526dbecdd016014a14fc60f2c467cc7fe9
vcm_train_013074.wav,fil50_12397_ref_tagalog7_PAUSE.wav,32a49fd467d4af288b67acf56b1e47ab858284ab60e396148af3e419d324974b
vcm_train_013076.wav,fil50_14012_ref_tagalog9_CREATE_REMINDER.wav,2934c1b997d5d9466fc5b23219b46e01b54fdcb274ba3a0723728b15376a3e17
vcm_train_013079.wav,fil50_08136_ref_tagalog2_NEXT.wav,7157767e1aa3ed6422e8afe29518b1189545aa7c4401a6756dfc12b9b1128148
vcm_train_013081.wav,fil50_09844_ref_tagalog4_TEMPERATURE.wav,d69f27289e679aea58a1350b4919fa4e5cb7fee8a5bbe29e3d6b80455688c636
vcm_train_013082.wav,fil50_13209_ref_tagalog8_BRIGHTNESS.wav,a065c977bb3342de01183d04ebc9c25f1e3c58adbb7e3f3135f4978598090464
vcm_train_013086.wav,fil50_04048_ref_tagalog12_NEXT.wav,6efcb99034d66550c746b32edc8465fa277b8a2c025470322b48c97222f43a0f
vcm_train_013088.wav,fil50_11541_ref_tagalog6_TEMPERATURE.wav,a06cee09193b7de9ee232995dd803dae7ece293b01d396c423e535f7b9a1ffa5
vcm_train_013090.wav,fil50_02393_ref_tagalog10_PLAY_MUSIC.wav,2eb060adb21f2c6e3921453d8e82b11f3d2ad93fa07fa5a444f8741f2d93a237
vcm_train_013091.wav,fil50_12398_ref_tagalog7_BRIGHTNESS.wav,1d210aee633bab066de4589770b4d31d845c60b79fe90c8449b1adf568dcfcba
vcm_train_013092.wav,fil50_03183_ref_tagalog11_PLAY_MUSIC.wav,6eed1e808c317e22fd770dbd9edd118ebfae3fa6b13b91774a4a5b94c1eccb6f
vcm_train_013093.wav,fil50_14014_ref_tagalog9_NEXT.wav,5ce08bd8c34c19bcd441c6859349836fab1cd71192c82147bf133f74eec6670d
vcm_train_013095.wav,fil50_01559_ref_tagalog1_TIME.wav,ad77d653e4b4bb121b889bc2c535e57439a2c72f6122d040a81ffac48f4aeb35
vcm_train_013097.wav,fil50_04913_ref_tagalog13_ALARM.wav,7b5e437c2caec652ddaf51594a3b66951db421bf43cee113a40e49e5000891af
vcm_train_013100.wav,fil50_05729_ref_tagalog14_TIMER.wav,0362f307736f549d3ca0423d021e9355dc92233a0b9447d8cbef373593d2d39a
vcm_train_013103.wav,fil50_04050_ref_tagalog12_COLOR.wav,90451bf99bcebcf75f9dd1e679201b7544c217316feb73af3c6de9245818c4b8
vcm_train_013104.wav,fil50_00745_ref_ilonggo1_COLOR.wav,cec23a7bb3c3734c269ead927d4406c4677f290111b72412fe86f61851beee57
vcm_train_013106.wav,fil50_10710_ref_tagalog5_COLOR.wav,40591a64f5d89212619a7fe11beebd1a306c07ef7e612323e677ad54d72e9213
vcm_train_013108.wav,fil50_12399_ref_tagalog7_TIMER.wav,6eb102e9be94fa55082441a91a3a3c729a15d9d09e66460df112bfe86100a219
vcm_train_013110.wav,fil50_14015_ref_tagalog9_BRIGHTNESS.wav,ef7f8221c6cd72aec319099e817470c6f40e32e422e44277736b5e79c911846e
vcm_train_013111.wav,fil50_08993_ref_tagalog3_COLOR.wav,ecb2d4eca587545e41712a71a7673bef5a20ac550afb713d42b0b4984049abfa
vcm_train_013112.wav,fil50_01560_ref_tagalog1_CREATE_REMINDER.wav,28a189439af0b3496130a835fc754ca644ec88e9bf8e815af08d154ef00a0a90
vcm_train_013117.wav,fil50_05731_ref_tagalog14_TIMER.wav,b9370f785aca45c7f8ed9324714746283a72635fc91c2340f9950816ba7da825
vcm_train_013120.wav,,742a16bb2d43c304c1b71e89b251e766192f9fa0bec964ed346aeb6a1b94a048
vcm_train_013121.wav,fil50_00746_ref_ilonggo1_WEATHER.wav,e6a56c7fb29d7a474d694dae0505f9a4bcccb99deb50fbca36df5e016fa41513
vcm_train_013122.wav,fil50_11542_ref_tagalog6_BRIGHTNESS.wav,892fbb0c52060aaf62d9c75a23476eccdb1cf4acf0610a413fb9e192ed73fc0c
vcm_train_013123.wav,fil50_10711_ref_tagalog5_VOLUME_DOWN.wav,7566820c8e7bdc4b531cddda2b702e90f46ce54be2d15b91b486a4a659d16338
vcm_train_013125.wav,fil50_12400_ref_tagalog7_TEMPERATURE.wav,9408fae4f548275d73f66a0416821ace3b3223df9b37c545dafda3bdf14c9103
vcm_train_013126.wav,fil50_03185_ref_tagalog11_TEMPERATURE.wav,f06176e7ca0ced962e514e9035454ee432097501d8673d8274df774dd04c9d7a
vcm_train_013127.wav,fil50_14016_ref_tagalog9_ALARM.wav,66c7a549d5d444896ef5a2fff910a4c5b3b6d87ba19436d67b997540a4ff22ba
vcm_train_013128.wav,fil50_08994_ref_tagalog3_NEXT.wav,7a9bef8fe330ac5fb09b2cc97ec43e23c73c2b19b17372570e5d5200be59b376
vcm_train_013130.wav,fil50_08138_ref_tagalog2_TEMPERATURE.wav,f666429bba82cf9095dccd3e49b40c0a985b23a7045bd168535c125f73fc2c84
vcm_train_013131.wav,fil50_04915_ref_tagalog13_TEMPERATURE.wav,ce9b914f82c5e80fd94d4d5f4487d07d3b0fabdde66d6c4c5e276a9be4e25cc5
vcm_train_013133.wav,fil50_13211_ref_tagalog8_LIGHT_OFF.wav,38627b1f03698e8cddfeac153296622c80a2fe6ca605162f9993adfb3340210b
vcm_train_013135.wav,fil50_06591_ref_tagalog15_STOP.wav,b0dcd2e6e13ff5fad4c86d2935225a69e1f9c4948b74b385a02d74f145872b65
vcm_train_013137.wav,fil50_04052_ref_tagalog12_STOP.wav,9f84a4ab8ecd26f25f6fc751e127e7fbeed79d19721e51e178d28bcfd3bfafbb
vcm_train_013139.wav,fil50_11543_ref_tagalog6_TEMPERATURE.wav,10fafb786c9dfbfeea36c0800daf15c7e66e47c6f1bd38bcdf2428900c7c09f0
vcm_train_013140.wav,fil50_10713_ref_tagalog5_BRIGHTNESS.wav,f3a2fbbc45e82e16ab72a8d2a2a9d0f5dc12dffdb70730f469b4979adab9c980
vcm_train_013141.wav,fil50_02395_ref_tagalog10_LIGHT_ON.wav,560f35e82cc51b6bf0cd08038ad404f3085a81c352a4c2f332cd2c7092619c95
vcm_train_013142.wav,fil50_12401_ref_tagalog7_BRIGHTNESS.wav,85b0645141708e02411fb72163daf2974cd757f88888f988c48c37ff27fae803
vcm_train_013143.wav,fil50_03186_ref_tagalog11_VOLUME_DOWN.wav,ab787638569999edc5df4683b541de2add9f68815aa4118052c47a8eb319fb3d
vcm_train_013145.wav,fil50_08996_ref_tagalog3_NEXT.wav,e29262c138a495de4de9ae3f375673c9d49066f9eb066032ca4b73e5e015ab28
vcm_train_013146.wav,fil50_01561_ref_tagalog1_COLOR.wav,cc11db428200f2e0910561d59cafcf51195400e224124d43cb89362f67dcbaa0
vcm_train_013148.wav,fil50_04916_ref_tagalog13_TIMER.wav,e77f574392b6b9a90195c658d73d0413c2b51e36eeea88620997a1ee813eb957
vcm_train_013151.wav,fil50_05732_ref_tagalog14_ALARM.wav,c07f1a6aad8711d46555f619f9dc3a9ad272df80f95ecd0b82a40da1f544d0fa
vcm_train_013152.wav,fil50_06593_ref_tagalog15_BRIGHTNESS.wav,97fa1a39e2fede11977cdbcab0737f5732c829f1e393b7b320c0a7eca30800b7
vcm_train_013155.wav,fil50_00747_ref_ilonggo1_COLOR.wav,c3f95c11f4362ccd536689323b0e29c84b65b84f637070b01cf44ed5ca46a831
vcm_train_013156.wav,fil50_11545_ref_tagalog6_LIST_REMINDERS.wav,94986441999068f77b7a40dcc4ac57d7a4a96f072d0e0b4f034c2605d13883d7
vcm_train_013157.wav,fil50_10714_ref_tagalog5_ALARM.wav,501e3b405f737da96858d4435ff577e48db53f9aea43e0580fff8691d695281b
vcm_train_013158.wav,fil50_02397_ref_tagalog10_LIGHT_OFF.wav,fc274a1ec47850f99e694911c433582a1c981a4beceacb6edcd7e9c5625c4932
vcm_train_013160.wav,fil50_03188_ref_tagalog11_TIMER.wav,e2d91ed9b33dcc30bbc01cb71db2e2f66991a412e53424b657830f0fa01edf77
vcm_train_013161.wav,fil50_14018_ref_tagalog9_MESSAGE.wav,323947243722d9cf91e7c2c7032f0119bc350fad48a6a5103f4f93e1b8bd6aba
vcm_train_013163.wav,fil50_01563_ref_tagalog1_TEMPERATURE.wav,35213a6bb20558aa3c91ccc9a6a51fe29590ca7eea3780333f64baf360e1d921
vcm_train_013164.wav,fil50_08140_ref_tagalog2_LIGHT_ON.wav,1befc49506d640776ce32f8d2c1e7ca48b1eaff434672dc724920dea7ad3e34a
vcm_train_013165.wav,fil50_04918_ref_tagalog13_VOLUME_DOWN.wav,eb692921c9fac4bd8835c18edc3eb21487c5392281168b204bd0ac11f44f491b
vcm_train_013167.wav,fil50_13213_ref_tagalog8_NEXT.wav,77601daa3e240c6cba8200ba0f10720a2bc89ba22fe248c232be402e014ea4cd
vcm_train_013168.wav,fil50_05733_ref_tagalog14_ALARM.wav,d12d439c9b0302724f97c4c490530032ec477125afd279995117aa5e573e9cf4
vcm_train_013171.wav,fil50_04054_ref_tagalog12_COLOR.wav,59d920c9d8f3bfbaa6cdf0926c6e4c9f0d8209a527fa4baf659fd15ce0643e5f
vcm_train_013172.wav,fil50_00748_ref_ilonggo1_STOP.wav,f4e2afb5887fa62d9875daeca6f7594cd57b68edee806493fb93a6fd218459c1
vcm_train_013173.wav,fil50_11547_ref_tagalog6_ALARM.wav,43da9a8ec3719e98400b80945782e67c7838df0fc1e8cf0d6d44274387c59b8c
vcm_train_013174.wav,fil50_10716_ref_tagalog5_TEMPERATURE.wav,2dbc1cec439715b8a7992666a339c5d66d73a0ddadd7e8fd55289dc1a937003a
vcm_train_013175.wav,fil50_02398_ref_tagalog10_CREATE_REMINDER.wav,62a928c9029bba2846fcb833cb983aa345ca92b211801e521c4c972578bb8fc3
vcm_train_013176.wav,fil50_12403_ref_tagalog7_TIMER.wav,2750f479412c7b3dd2d66b8e76b4233635b570c54f49fc6763846a855155bf11
vcm_train_013177.wav,fil50_03190_ref_tagalog11_TEMPERATURE.wav,a7df97e67809dabdc1c111cd4c1b67f71ba26cb866e5262a8b8ba661fe71619b
vcm_train_013178.wav,fil50_14019_ref_tagalog9_NEXT.wav,d53cfccb182b3c347aa2e47626993112bcda2b0e6af369dad5cdd2c7f25a734d
vcm_train_013179.wav,fil50_08998_ref_tagalog3_TIME.wav,f9e6f9574c439d329423510256d08e4c21d77e400043f5ed363baf066b69a9f4
vcm_train_013181.wav,fil50_08142_ref_tagalog2_PAUSE.wav,bef6cb38e1b2109b1249f5aa48d62f929f6ee8ad055302d6b892cc88db2bb976
vcm_train_013182.wav,fil50_04920_ref_tagalog13_COLOR.wav,e939be8baf64102786f7a3ff41ff0316975b0c02d23c36add6b120b9698774a8
vcm_train_013183.wav,fil50_09845_ref_tagalog4_LIGHT_OFF.wav,e34d8a58cc154829e51c903246279a6e43cd236288412c1adde1e9a3051ed6d5
vcm_train_013185.wav,fil50_05735_ref_tagalog14_COLOR.wav,dfd0dd754f4ec40576f180f3e98fb1bc704adc7154a525aa36f4cdbe49550b8a
vcm_train_013186.wav,fil50_06594_ref_tagalog15_COLOR.wav,8c0382de3e0f9697776830e61fda3bdb99f762892d0e19fedb0eec5a53f71a29
vcm_train_013188.wav,fil50_04056_ref_tagalog12_ALARM.wav,8f3f37eb6957d152a8ee017be8bceb9332e0f276f4685e91e4976a1be135fca2
vcm_train_013193.wav,fil50_12404_ref_tagalog7_ALARM.wav,80f6233f75fa5825e1c1eb58351ca354fdf6f92c94a4e87d06ba797840950354
vcm_train_013194.wav,fil50_03191_ref_tagalog11_ALARM.wav,9563f826a9dfb1a22bad802f34ffe1a25c2ad78abb442df3eb8c1cf48ec85def
vcm_train_013195.wav,fil50_14021_ref_tagalog9_TIMER.wav,6628a981d25b2bd78278245d637264a0cbb6eebf500cbe5da352fe1b633b7ba1
vcm_train_013196.wav,fil50_08999_ref_tagalog3_LIGHT_OFF.wav,31de0bc62a56a265c365aab563b06f7071c329053c384be292452a4492285bf7
vcm_train_013199.wav,fil50_04921_ref_tagalog13_VOLUME_DOWN.wav,96b4ce11011c75db31057f72381097cd1729f7a26c3b75003e0d37adba6323cd
vcm_train_013201.wav,fil50_13214_ref_tagalog8_TIME.wav,8ea7525dafb8e6494dc1b19ced2d3cdde8549c96643a07cc03ffbfd69d681d35
vcm_train_013202.wav,fil50_05737_ref_tagalog14_NEXT.wav,40add59a301c3034d7043fa26693ed5c10570a79dc1d6a88487f7438d373dab1
vcm_train_013205.wav,fil50_04057_ref_tagalog12_TIMER.wav,13a3677e6d5629ae484b0657760d41932d19936f16aec6fe31490eee8284d028
vcm_train_013207.wav,fil50_11548_ref_tagalog6_NEXT.wav,94aa709f48292df33de97ac98f222bdfeddc6c1ac52d379a974ea6e217624376
vcm_train_013209.wav,fil50_02399_ref_tagalog10_TEMPERATURE.wav,d7fa7a5ac91e5ea2d26a0c37f3a3016f75666bf96518215a0caa7a0515e486b5
vcm_train_013210.wav,fil50_12405_ref_tagalog7_TIMER.wav,286b2a2d00282c9880481f96f44634772debf18ce5933dea613188c326cdfb09
vcm_train_013211.wav,fil50_03192_ref_tagalog11_ALARM.wav,0a931c6d339a63f06bbc87c44968d85ef363c51443637ef64c10189d34485dd8
vcm_train_013212.wav,fil50_14022_ref_tagalog9_TIMER.wav,0928b1521bc922e83fe59622a8e7ea124ae5e5443b3c59b54f5355b38a4369b9
vcm_train_013215.wav,fil50_08143_ref_tagalog2_NEXT.wav,a2eb1c4131b892a0ec486537b090298d09cee858ce1c02d9d2130677442dbfbf
vcm_train_013216.wav,fil50_04923_ref_tagalog13_TIMER.wav,9b0656bc6793e66da4ec7a251d77391e2f01865b9986676c29455d1338e4fad1
vcm_train_013217.wav,fil50_09846_ref_tagalog4_VOLUME_UP.wav,f9ea7c4939ad919455e0165a668ab0434ddd8a610648e78f162f1f47802e6b8e
vcm_train_013218.wav,fil50_13215_ref_tagalog8_BRIGHTNESS.wav,3d1251cab6e3e251204147855eb5155b0b6b1b1730e769ee349d771b057e5f82
vcm_train_013220.wav,fil50_06596_ref_tagalog15_LIGHT_OFF.wav,8ceb540a6b6c639b64d19a3f82c273e09eb874b4043c08324521ce6eba8c6652
vcm_train_013222.wav,fil50_04058_ref_tagalog12_CALL.wav,9e9474424d24607f274392ddf3c3efce555ed8c176275afd27adaf7c178799e8
vcm_train_013223.wav,fil50_00749_ref_ilonggo1_TEMPERATURE.wav,bbd0afc1916fc23cc372e59141d94e9c1b7226538fdb7b1d732bc341ed552a48
vcm_train_013225.wav,fil50_10718_ref_tagalog5_STOP.wav,4361586bee32080bc314e40b81e311b3230c3d7dfd1969806953273aa5fb7a17
vcm_train_013227.wav,fil50_12407_ref_tagalog7_BRIGHTNESS.wav,e0c0d5e5fe0fbd1208656ae3079e773e5df72cc8ddc3c8c3556faedd884cd414
vcm_train_013228.wav,fil50_03194_ref_tagalog11_TEMPERATURE.wav,f1a2b5bbcab7b177b1164504d4eac8d1ad5295734d02d18bf9fdcf6698933bc2
vcm_train_013229.wav,fil50_14024_ref_tagalog9_ALARM.wav,e77cb20147f92f80d7de5f8e1a5f8cf7bd26bc9ad4f1aefc73939fd6826c83be
vcm_train_013230.wav,fil50_09000_ref_tagalog3_TEMPERATURE.wav,fbf84ddf4a37d0ce11b7b6a9a2b07803b22a1fd57c827346da048a80547655b1
vcm_train_013233.wav,fil50_04924_ref_tagalog13_ALARM.wav,dfd920dd550c660b93cc68d5ec0c2ba898ebf97a560afcb89c53b9f0fa70c623
vcm_train_013235.wav,fil50_13216_ref_tagalog8_PLAY_MUSIC.wav,73ad931c3e70d512f32bd7272c813419b39c9775891c0d35a20f729a04090a4a
vcm_train_013236.wav,fil50_05738_ref_tagalog14_PAUSE.wav,92c49229c1efba39c8bf58c0af6edff0e54239889a9b41cedab72c636e583865
vcm_train_013238.wav,fil50_07279_ref_tagalog16_LIST_REMINDERS.wav,b76fde6aeeb5b9dd18dcc23c65496fbe2e8cf89c58cdd3be02832a196ace63bc
vcm_train_013239.wav,fil50_04059_ref_tagalog12_TIMER.wav,3b836436d8fb9baaf9dd5531ef792b6f798d632c69cce032280cfa5e4098ba41
vcm_train_013242.wav,fil50_10720_ref_tagalog5_TEMPERATURE.wav,643477cfa5ae447e3271d855dd4a21072abb6b35f6089dae71e4e4f179a3043d
vcm_train_013244.wav,fil50_12408_ref_tagalog7_LIGHT_ON.wav,0f9d6c9159fd517bd7037b03b31fc197ebe0c0d87e70a4b6ca178ff667698227
vcm_train_013245.wav,fil50_03196_ref_tagalog11_NEXT.wav,3a6ab5a8685c3af8edcc717c79a2284fb6a7fc068a9cb520b05f801e03e97efb
vcm_train_013246.wav,fil50_14025_ref_tagalog9_VOLUME_DOWN.wav,543ec143ce4d1b6765c840b11cb23afab5abd4af115c1a8a3ffec7e377ed472b
vcm_train_013248.wav,fil50_01565_ref_tagalog1_TIMER.wav,083b9ce105b35cbe56b8b58a565d89462c3d0f0b8a24f9d61743079d8c70c9a9
vcm_train_013249.wav,fil50_08144_ref_tagalog2_NEXT.wav,63811d23076991484c13ec255fec88b28f75d719c221c0d14a87e912a1313624
vcm_train_013251.wav,fil50_09848_ref_tagalog4_ALARM.wav,7e668c553de5a7ffd26d93e1f0d2de4ae7c3dd2e43a39935295c8a506d70095a
vcm_train_013254.wav,fil50_06598_ref_tagalog15_LIGHT_ON.wav,577715618959bb9d2d415805401f3bcc38f1f51394613777795561784eba0b04
vcm_train_013256.wav,fil50_04061_ref_tagalog12_VOLUME_UP.wav,81d6a2878b09b6cc941ddc1a89a6d17d6f085c61232e90faa0fba862ba640b6f
vcm_train_013257.wav,fil50_00751_ref_ilonggo1_MESSAGE.wav,f083e8c34540b6bd8a89ce980662e09ef74f62177e97aeee6fa859b20866f607
vcm_train_013260.wav,fil50_02400_ref_tagalog10_VOLUME_UP.wav,bea9cf3769e98729ebd115d9f3db5e3f6512e8443afb3f641f9138c532ff214c
vcm_train_013261.wav,fil50_12409_ref_tagalog7_STOP.wav,2617afc5d58b0dc3260c38338875c7e070707eda1c6d9dd2108fd21ad0f9af18
vcm_train_013265.wav,fil50_01566_ref_tagalog1_CREATE_REMINDER.wav,23e516f1ee1db11868c16582988d11068ca5acc5970cb0e37d8828c926e8e8ff
vcm_train_013266.wav,fil50_08146_ref_tagalog2_STOP.wav,03985f5443afc4b9c9586d929d4ce58205202c069062f7e6faae58bab1a211d6
vcm_train_013268.wav,fil50_09849_ref_tagalog4_TIMER.wav,a12521b28bc41fd7407763fc9ec51f9492c56d8de2f0bed4bb655287e0e631be
vcm_train_013270.wav,fil50_05739_ref_tagalog14_LIGHT_OFF.wav,e412afe93efd01dc0f94373132ce80a9378f2104199c324b01e247cb7fc65ffe
vcm_train_013274.wav,fil50_00752_ref_ilonggo1_COLOR.wav,a15d5790be10381b7a1aaa1a5b5335be5fe73abdc6ee991f5c2b42adb0069dd1
vcm_train_013275.wav,fil50_11550_ref_tagalog6_COLOR.wav,3771a03eba38dd8e862d2a722b4498c48a011b112bdd58f58a203797380f5f2f
vcm_train_013276.wav,fil50_10721_ref_tagalog5_LIGHT_ON.wav,4b42f1c0bc9013d97b5e74fbf7748997a61cff9cb3e3d47013e29fe6d8287d24
vcm_train_013277.wav,fil50_02401_ref_tagalog10_CREATE_REMINDER.wav,d76f276ca1ba0efde99121aba2ea6fd10c1f287a18660192d7a7c46de4ffd5ae
vcm_train_013278.wav,fil50_12410_ref_tagalog7_LIGHT_OFF.wav,16dd3803d3808f5e69c9ae932c3a9bc247bd1a1f22a8a43367d19e872e012805
vcm_train_013279.wav,fil50_03198_ref_tagalog11_TEMPERATURE.wav,b13102d186b95b545ad3195e0b3f3db66af7a471145b76486d5b292a0f74fe0e
vcm_train_013285.wav,fil50_09851_ref_tagalog4_COLOR.wav,020232c06b3ced8a583708df0c1c4e064354aa39c46417d45c569ca067f279dc
vcm_train_013287.wav,fil50_05740_ref_tagalog14_TEMPERATURE.wav,eda2df4f1383c64d12bb182b366685865d4f52151c4e6f96669c194e123db97f
vcm_train_013288.wav,fil50_06600_ref_tagalog15_CREATE_REMINDER.wav,4bebe12aa95a3343157db0bf94431b8cf8155bcd849fbf1bca449b809e14cf56
vcm_train_013289.wav,fil50_07281_ref_tagalog16_TIMER.wav,597e77f046f6e7e53da5d9ef5a761812021252fcaedb1d94b837b86eac271240
vcm_train_013291.wav,fil50_00753_ref_ilonggo1_WEATHER.wav,8a051a069cea15c3cf1ac98aee9c5ba47ba271f121f0f7b79620885f8b95f2ff
vcm_train_013292.wav,fil50_11551_ref_tagalog6_PLAY_MUSIC.wav,23ba67f841773c087ef32b6f1d8e40601d120e23c2fe9c490fc24d17678751ca
vcm_train_013293.wav,fil50_10722_ref_tagalog5_LIGHT_OFF.wav,9073224f2616b5b948dbf6d1898ec2fa70d8bd2f7c4e41475133783a4599bbea
vcm_train_013294.wav,fil50_02403_ref_tagalog10_COLOR.wav,96099f4611400e2551eef96afc2ece5dd68302a7485b3a808ef8f81ee6d4d902
vcm_train_013298.wav,fil50_09002_ref_tagalog3_NEXT.wav,aac3b2684e38d7b47de92fd7a6f8bf72f86274f1d68c4fed69802fa547728a9a
vcm_train_013304.wav,fil50_05741_ref_tagalog14_LIGHT_ON.wav,d2f2d53c957279f8b2033141181895e8e9ffa290ca0aa07c2486a4933e7532f4
vcm_train_013307.wav,fil50_04062_ref_tagalog12_TEMPERATURE.wav,2a88795569efe21e574770c109e2502b65597b67cefb29bb8008371b9f3eef2b
vcm_train_013311.wav,fil50_02404_ref_tagalog10_STOP.wav,9b0da0eaf935ae3addf6cd31c8d5ec05e1cd7c832486eeb438cd567b8800613d
vcm_train_013312.wav,fil50_12412_ref_tagalog7_COLOR.wav,9a04a8a8bb3e30e40065a6e08b184e60fcdb736568626e1b229733a95a9c486b
vcm_train_013313.wav,fil50_03200_ref_tagalog11_TEMPERATURE.wav,8fc78519889b3fa3a54eac4ccdfd81df90c30a8cec5b348782db414f8ab290d3
vcm_train_013319.wav,fil50_09853_ref_tagalog4_LIGHT_ON.wav,69ce697273c11c9f567cbfe2f72c9d63d830007e786269d196638247ea6e3053
vcm_train_013322.wav,fil50_06602_ref_tagalog15_NEXT.wav,c925a65709cd427e1b8c41aa1ded9a373883b04f708c1421f65835e11512677e
vcm_train_013323.wav,fil50_07283_ref_tagalog16_CREATE_REMINDER.wav,622565dd655cfcb5c2506b5db45ccd829c85bc8f2dbed91c2d1545e403589c88
vcm_train_013324.wav,fil50_04064_ref_tagalog12_CREATE_REMINDER.wav,a282e7d8def0e9d20ef803f6d979503409b183e5d08c1cbbb8cb82f3e19cc2e6
vcm_train_013325.wav,fil50_00754_ref_ilonggo1_STOP.wav,762752860e46487085a88b3c55e23934b59dc6ff19a28ab2abb5f4b27d5f8593
vcm_train_013326.wav,fil50_11553_ref_tagalog6_COLOR.wav,1f68962d2808e3939eb823d34548916bcca6950a892341895f147efb1eb15ce0
vcm_train_013328.wav,fil50_02406_ref_tagalog10_TEMPERATURE.wav,34e0d43490cbaadc72384ba1eaf5545e60cb397fc61afd74358b213cd199f2ed
vcm_train_013330.wav,fil50_03202_ref_tagalog11_TEMPERATURE.wav,768071898bc9d42960007002213ebb8136f2758ac76a64407ed2da9fd7fe3f92
vcm_train_013331.wav,fil50_14027_ref_tagalog9_WEATHER.wav,099f784629f76636007f854834b4d7db0e6c8f7b461f5f643ef6d4509b7d2afa
vcm_train_013332.wav,fil50_09004_ref_tagalog3_TEMPERATURE.wav,0a1f1e6a7e1de16019df0eb33981470f6fce740ccf794b4069392e46bb056592
vcm_train_013334.wav,fil50_08147_ref_tagalog2_CREATE_REMINDER.wav,0f28731462fa838392ab38be614a9a665f9f749ff97f27726c6d24a7051d27e6
vcm_train_013338.wav,fil50_05742_ref_tagalog14_TIMER.wav,add53cfc256d4078fbb48b2daf4e57d4e5ed82fab1e607d2bd65ca13de02cee0
vcm_train_013339.wav,fil50_06604_ref_tagalog15_CALL.wav,13b55cc770ea96427672863bde3df3a44c39dcb256c34486622141b5e94de9f2
vcm_train_013340.wav,fil50_07285_ref_tagalog16_ALARM.wav,805c0083581587c9b6becf86755d6199ee75dd8081ba8b374901af30fc4afde8
vcm_train_013341.wav,fil50_04066_ref_tagalog12_TEMPERATURE.wav,6dceea107103339bfcf2b6edb4be03b728bda2a91854caa39ec64f0a5147ebf1
vcm_train_013342.wav,fil50_00755_ref_ilonggo1_LIGHT_ON.wav,b13b4bebc60ba7d2e9516820b98e2ef7e4a5c099bf310353d88d4174731ff14d
vcm_train_013343.wav,fil50_11554_ref_tagalog6_TEMPERATURE.wav,54f4bda7c60d683b7869b5e7d360299ed94b6faa784f78ec2924c18d61eae8ed
vcm_train_013345.wav,fil50_02408_ref_tagalog10_LIGHT_ON.wav,6082bc06592a41dd847cd36d761129e37577052e94ea0a8ee6dfa68e067e3384
vcm_train_013347.wav,fil50_03203_ref_tagalog11_NEXT.wav,194bdf168ea490699482efbbde4289a4af7fb05cc0218bca70820ef6ec3297bb
vcm_train_013348.wav,fil50_14029_ref_tagalog9_NEXT.wav,3339a2482036469ac3c7ffab39481f9df763260aa13844708c84e70f38f3769a
vcm_train_013350.wav,fil50_01567_ref_tagalog1_TIMER.wav,794746750e990ef92a2784226958c13877dafa0868e6a610628fd519836c391a
vcm_train_013351.wav,fil50_08149_ref_tagalog2_PLAY_MUSIC.wav,63db825c4fae2eac3fe38dc4962b3ad957d24e4cf8d7ecb0319599d0f6784752
vcm_train_013352.wav,fil50_04925_ref_tagalog13_CREATE_REMINDER.wav,6c633708e18ee243cef081b1055c620bd24b00763d5e7f6eedfef5c6a79f865a
vcm_train_013353.wav,fil50_09854_ref_tagalog4_VOLUME_DOWN.wav,f399d0125367e95799a61a5efb3d8462d1c2afb01b567ffbe8c0d0b887d68bcb
vcm_train_013355.wav,fil50_05744_ref_tagalog14_ALARM.wav,7aa168df145ea60c4604c0cb10a4c748459295fad43e6b2093201235e73ffc5a
vcm_train_013356.wav,fil50_06605_ref_tagalog15_MESSAGE.wav,28148417e701a7b93292f863c7b851c9e6efb333205baee3a1c491da0135a993
vcm_train_013358.wav,fil50_04067_ref_tagalog12_WEATHER.wav,bda775512e185b8a41de64b5189c702894b50a8d9b70917b27ff93a64dcc7025
vcm_train_013364.wav,fil50_03204_ref_tagalog11_BRIGHTNESS.wav,c3eb9fcc8aaad44a596bd5d9a457e64f930e9334c3f29b48c457841f1d7d124d
vcm_train_013366.wav,fil50_09005_ref_tagalog3_ALARM.wav,73944b95febc4ad475ebb2e4aa1b6935ad0ff400081d66b802897ea1f37ce7fc
vcm_train_013370.wav,fil50_09856_ref_tagalog4_TIMER.wav,71321febca92180f64bae1f63f672417b01d3fd24a24be5a2f3825942d9907b6
vcm_train_013371.wav,fil50_13217_ref_tagalog8_NEXT.wav,40c3eb8ef9fcec8a4dcaf60443033374cc0f8cc15186d9d3659fa70bdde23afb
vcm_train_013372.wav,fil50_05745_ref_tagalog14_MESSAGE.wav,efe00c8e3e9e290e75dc04f85cf237410ce42c996ffbb42542b35753339b9a6d
vcm_train_013374.wav,fil50_07287_ref_tagalog16_COLOR.wav,aa9eb7790bc2b3e665a1a56a0e5ff40d54395670a7cee53fe0fd767cd3fe8779
vcm_train_013375.wav,fil50_04069_ref_tagalog12_LIGHT_OFF.wav,4de33442b01c0111583079f44304029937a427a635e58109ca86d05a75f30cd1
vcm_train_013376.wav,fil50_00757_ref_ilonggo1_NEXT.wav,347c0d95d507fa8e3f5064b4b1a9a341b71316126c0c1c03c8b1482428776f42
vcm_train_013377.wav,fil50_11556_ref_tagalog6_COLOR.wav,427c3d8e1965e0e0747c58792396ed53a95eee1a2d6d3894bcc25e3aafe24677
vcm_train_013379.wav,fil50_02410_ref_tagalog10_MESSAGE.wav,e2837b3fa61996a3c1f412746d31bf28b034b7d5c188021ffbb8da1fbbb70e65
vcm_train_013381.wav,fil50_03205_ref_tagalog11_NEXT.wav,3a39a188acdc2370bcab902ddc8a7a1aae9a66641642c8d7f127b3ff0ba5f61b
vcm_train_013383.wav,fil50_09007_ref_tagalog3_BRIGHTNESS.wav,3a7875de5a324e3edaa7c22113cb61ed280d73b1fdc2a871c05e952eb46496f3
vcm_train_013384.wav,fil50_01568_ref_tagalog1_VOLUME_DOWN.wav,cb7c9a8ab934b460994f095210fac525988082867737cb86a38f6538f79deea6
vcm_train_013385.wav,fil50_08150_ref_tagalog2_LIGHT_OFF.wav,6d8c228e65e766eb6bd88d26c0a34850a61cd5953af89e304a74902ca7ee5a94
vcm_train_013388.wav,fil50_13219_ref_tagalog8_COLOR.wav,32c620f1144631185c1e275494b998537a67d90539b655f77d7239080d9f7af9
vcm_train_013389.wav,fil50_05747_ref_tagalog14_VOLUME_DOWN.wav,2e654a6a3abb1f7c4ed73f1f4a8f5ee56fca356d8a9a853063ca71ef0a9f9113
vcm_train_013392.wav,fil50_04070_ref_tagalog12_BRIGHTNESS.wav,51e02902b3dd227a94ebdc09b9b7f538efd5a1a53cec0fd014cdae91a84f8b57
vcm_train_013393.wav,fil50_00758_ref_ilonggo1_TIMER.wav,8e175e71fea0d0a0628694111c2c2a8f1776a9dde3750adf2015c20233237f79
vcm_train_013394.wav,fil50_11557_ref_tagalog6_COLOR.wav,59e97104a9cc932a9116a552d9aaca835aaca6ba987c5c0720455c46d040761b
vcm_train_013395.wav,fil50_10723_ref_tagalog5_TIMER.wav,79395cfc8ad6c79e92ed475b9b9b7454f417661a538f5fe338299f405dcb7833
vcm_train_013396.wav,fil50_02412_ref_tagalog10_NEXT.wav,36dd5b54cfdaed1370acd75889dffe7e7971e0d69c141a28742ca3a272e762bc
vcm_train_013397.wav,,1f50a082874088a5b1d65089b5ceb6b5b0ef7b442566f48a86315bffc6518e01
vcm_train_013399.wav,fil50_14030_ref_tagalog9_TIMER.wav,8aa89a5a7512a74768d328646d34273f4ac160f29e4765ee534d4f79ccee77cf
vcm_train_013401.wav,fil50_01570_ref_tagalog1_ALARM.wav,ba353b5233557f0505989b9f29b2033992316998459405dfd5654701ecd8775f
vcm_train_013402.wav,fil50_08151_ref_tagalog2_MESSAGE.wav,fb9e77937123c981b721693a9625776edafc45cd5dfd3005f3c6b0dddf58c8dd
vcm_train_013403.wav,fil50_04926_ref_tagalog13_CREATE_REMINDER.wav,23f633fd418969da2f06a7ad078ef4df52836fda1a7e7b44f565401c2395ba60
vcm_train_013404.wav,fil50_09858_ref_tagalog4_TIMER.wav,be2474b22a35743ab62b2d7ebf8349034d83c7d5e6af9ab257840dd1dfd50366
vcm_train_013406.wav,fil50_05748_ref_tagalog14_PLAY_MUSIC.wav,86334f8b75774a786453b8ef8e85356931eeb4a1a7b9b72984dababc8f22d1b4
vcm_train_013409.wav,fil50_04071_ref_tagalog12_VOLUME_DOWN.wav,19db2a9849dd0cd0832a970ced59e878295b88aa20435222cab873840d50f757
vcm_train_013410.wav,fil50_00760_ref_ilonggo1_BRIGHTNESS.wav,6d663ed0d4333f470fca334198bfc54907ab518734192e6af095491d3fdc248f
vcm_train_013411.wav,fil50_11558_ref_tagalog6_VOLUME_DOWN.wav,a2df0435b9c28fa61604f9de199f27675867a9df59363654b741281deedd6708
vcm_train_013412.wav,fil50_10724_ref_tagalog5_NEXT.wav,2ee791120c330522d9412ea43955eb7bec0755915b5f08d0c8b4a37f8735da8d
vcm_train_013413.wav,fil50_02413_ref_tagalog10_TEMPERATURE.wav,26b87ce8382a4b715e8419979d3c661fe1368834f0ff01a57b1797da3f79cb71
vcm_train_013414.wav,fil50_12414_ref_tagalog7_ALARM.wav,f9baf1fb9514c4cebb35bb7602968ed9fb648fab9ebf9af70067bff55bc96fe4
vcm_train_013415.wav,fil50_03206_ref_tagalog11_NEXT.wav,7341a0507c8e85f803307e14cb08eb385b98d9f1777fa8b8a49ea496d2b2cd4a
vcm_train_013416.wav,fil50_14032_ref_tagalog9_CALL.wav,ce45a87e1951f395e47dd1035e44e09d59cea2e48793cde938c49df6a7dfca14
vcm_train_013418.wav,fil50_01571_ref_tagalog1_COLOR.wav,553b65adb7898fcf1bc0090a9c4f1720d158412179d07752370e08f356790bd3
vcm_train_013422.wav,fil50_13221_ref_tagalog8_LIGHT_ON.wav,4c278cf62b15166ae5835b2e67a8b15d1f368c8ad81e4db8b115b14bd6121742
vcm_train_013428.wav,fil50_11560_ref_tagalog6_ALARM.wav,01850f6087332966d69dd49f3124b81d58181750307e6f3f529f5f28af1ce527
vcm_train_013430.wav,fil50_02415_ref_tagalog10_ALARM.wav,39b7b7e9888c2cfcf3b5512c74faaa2d315cedc7f86df6b1368eb46022ad91f8
vcm_train_013432.wav,fil50_03208_ref_tagalog11_VOLUME_DOWN.wav,a97e8c7bb04a9de639f16769a65dc0145597cf35c1581e2a40247dce0ede4301
vcm_train_013433.wav,fil50_14034_ref_tagalog9_WEATHER.wav,a9de0fd8b1d3416e2d1f24ed13991c0c5fbca6c01c253d1c1bb1e96be8f129ea
vcm_train_013434.wav,fil50_09008_ref_tagalog3_ALARM.wav,a231d643b9b67e7a88f7ff868d78ada742619337729f4b817553ce8bec84a6a2
vcm_train_013436.wav,fil50_08152_ref_tagalog2_TIME.wav,cac523182e8a756ac7aad389306554a098b43e344ce48e891819ea5854c0764c
vcm_train_013437.wav,fil50_04928_ref_tagalog13_CREATE_REMINDER.wav,7e4a16af2ce35e8df123da25d58c8748e622a5d1589aedd5d6e51c8a315d324f
vcm_train_013442.wav,fil50_07288_ref_tagalog16_ALARM.wav,6f57e3f0d0cd8ee7de4bf56cc88057c0e184c1e8768cb73190f6ec0af42f9cfa
vcm_train_013443.wav,fil50_04073_ref_tagalog12_PAUSE.wav,bfb6c568e9790fc0e8155d57abd41156ec91d31976f807c20a66cc9211e07c0f
vcm_train_013444.wav,fil50_00762_ref_ilonggo1_TEMPERATURE.wav,6fd1039ac63161739359940a3695a4fd309bae95fad51e7b0b2b4f11f23c2497
vcm_train_013447.wav,fil50_02416_ref_tagalog10_NEXT.wav,3cbd96c5ec8486e7768a6a20d5971ce341a7abdc7fec34764aa18bce32ff2a8f
vcm_train_013448.wav,,c2998eb3c4a26e2d15d9c1842439f2498ed7125b1cd5b6668ba8b01f8536e26d
vcm_train_013449.wav,fil50_03209_ref_tagalog11_NEXT.wav,57428b6e9c75878d7df5b78cf2e83e8761eb84e7f4aa9a80b6e773036f6d0a8a
vcm_train_013450.wav,fil50_14036_ref_tagalog9_MESSAGE.wav,2a8b55b73bcbcb5c778fcdb63797c23075e31f2a167f3d4f64bf710eb67ec22a
vcm_train_013451.wav,fil50_09009_ref_tagalog3_TIMER.wav,45c88bba06db92bc50b27813c624244b5cd466b54671e719be910613ab0e191f
vcm_train_013453.wav,fil50_08153_ref_tagalog2_BRIGHTNESS.wav,bcff66179ea59d303d8d78ce7955bb7aedc9dd724e399c3ff18e89a5e60a6416
vcm_train_013454.wav,fil50_04930_ref_tagalog13_COLOR.wav,05c18f6bfc796cb4cdd3a8e5ae609167335473b26ca6eb268b562e524a83759d
vcm_train_013455.wav,fil50_09860_ref_tagalog4_LIST_REMINDERS.wav,105bffd07bdf1a66a99fdd716869a24f42fdba2a7e780f2c89db5d3bd69e9ff2
vcm_train_013456.wav,fil50_13222_ref_tagalog8_TIMER.wav,f9ede932a62a2b36e990868f204dff6274e99e0ca335723991d5faa68fdc5495
vcm_train_013457.wav,fil50_05750_ref_tagalog14_LIGHT_OFF.wav,3b18431434fde9010961ef4018f90f046edaa1afd77b5d04937a049fd8279936
vcm_train_013462.wav,fil50_11561_ref_tagalog6_BRIGHTNESS.wav,5c8f6b0993c89e5efe17524a2ea3d9ae273e3b9526ebe1ad825f7ca5c546ba2f
vcm_train_013463.wav,fil50_10726_ref_tagalog5_TIME.wav,eba104e9e4e7345f660fb4b00fc1262b2c75f090e691eef13aee5b1581428848
vcm_train_013464.wav,fil50_02417_ref_tagalog10_LIST_REMINDERS.wav,74b10a170c1c1dc84db94ee3c6f4a05f5d33be9214f487e66f58c6a283e12ae5
vcm_train_013466.wav,fil50_03211_ref_tagalog11_PLAY_MUSIC.wav,ee8797edf0807f8789b437201165616d988f59170e2d1d9a91736b5f330f6f47
vcm_train_013469.wav,fil50_01572_ref_tagalog1_VOLUME_UP.wav,c0e72a8754c9b22cd139176eefef17384c4701594a929ae9f627dd9e98b47b77
vcm_train_013471.wav,fil50_04931_ref_tagalog13_COLOR.wav,fdf425166a553e73010854a8bbacde1f278539b1faff309bae2f2802f207e153
vcm_train_013472.wav,fil50_09861_ref_tagalog4_ALARM.wav,2103966cd16858340650ec9b86e74f806c85cc23b112e1277bce9b76720d5b96
vcm_train_013473.wav,fil50_13223_ref_tagalog8_MESSAGE.wav,32c3b8219fb33b3e8cfe05ffc0e284ad9f166f8752a20221d213bc5a79e01c9e
vcm_train_013474.wav,fil50_05751_ref_tagalog14_MESSAGE.wav,a3b6ac893abeb425c64b2e1404f865635ac897999ed54d44bbe857b1af8c8bd2
vcm_train_013476.wav,fil50_07289_ref_tagalog16_TIMER.wav,bb0a40d749d234fe0d694bf18abacaabb681aba411c080940b272e1d20320263
vcm_train_013477.wav,fil50_04074_ref_tagalog12_TIMER.wav,f871d4dea54ec3f8954fe7f4d656304a4842774cc64d235a5aafb1c1701941df
vcm_train_013478.wav,fil50_00763_ref_ilonggo1_LIGHT_ON.wav,3f5429a6872369133703f7082d19ff998cf4bb5b57be04b9a8f4adffbbdd52a9
vcm_train_013479.wav,fil50_11562_ref_tagalog6_TIMER.wav,10a0c8b02b5738b37ec7ac11f34c9dcdc9bc98ae1d9716e6b68bd4dabce72750
vcm_train_013480.wav,fil50_10727_ref_tagalog5_VOLUME_DOWN.wav,4ed3a5d313f825836f74396503776bada5636744ca0f52f59e9dde2afbe4696a
vcm_train_013481.wav,fil50_02418_ref_tagalog10_STOP.wav,0317c762e60cd32e6fb858283cf797512866f367657304816e1bd86a861c774e
vcm_train_013482.wav,fil50_12416_ref_tagalog7_TEMPERATURE.wav,462bd52aa30d432132a8c83fcb018254d744020de0ef930408438d4b804fde91
vcm_train_013484.wav,fil50_14038_ref_tagalog9_LIGHT_OFF.wav,57e715228e9999709f4b892153e8d68c4135f534f49b2b9a366d6f53a5e163c3
vcm_train_013486.wav,fil50_01573_ref_tagalog1_CREATE_REMINDER.wav,e540e626261f969880712b16eb47ac25afc1c7ba5c6d4998959ce140999dd887
vcm_train_013487.wav,fil50_08155_ref_tagalog2_VOLUME_UP.wav,835c9655baa48164e8345eb15062974e1fb924f55c1b72295e0e9c9da4c17f8b
vcm_train_013489.wav,fil50_09863_ref_tagalog4_COLOR.wav,da9611071a54258ec28b5158c53c5043c3424b4ef8880183a49518947e71e3ff
vcm_train_013492.wav,fil50_06607_ref_tagalog15_TEMPERATURE.wav,2493b18465aa786524ada8e1a15a3175f565f401c2a9471bc71aa06acc6810a7
vcm_train_013495.wav,fil50_00764_ref_ilonggo1_NEXT.wav,cf687c5c09c5f87ec9a1b59a0fdf80e5c499fa32186733a89e7a0bbf94a28e35
vcm_train_013496.wav,fil50_11563_ref_tagalog6_COLOR.wav,917af7675448449b538eff4c5592618773c87c53b0281f39eb8f9e8e2f093166
vcm_train_013497.wav,fil50_10728_ref_tagalog5_BRIGHTNESS.wav,4019fbeb489aae6463c65b610182529d320f75b46be9bc460539e3fcef5f33eb
vcm_train_013499.wav,fil50_12418_ref_tagalog7_COLOR.wav,9eaf4a376f4cc81c023f1b450605fcd562a75db6133c32beb18f42d2bc71fd99
vcm_train_013500.wav,fil50_03212_ref_tagalog11_VOLUME_UP.wav,af230960c153b283587fffde8418fbaad3122e00b9d5dcde8137efaf0ba70b4a
vcm_train_013501.wav,fil50_14039_ref_tagalog9_ALARM.wav,547cbde98e9981bb471eac857a214aac5aa6dbeafee8ea7c7e3cafedef1c50b7
vcm_train_013503.wav,fil50_01575_ref_tagalog1_CALL.wav,e466c7c9f653703bd8a5cda8775e8b52c3db3337a1c85350303785b2b6e76200
vcm_train_013504.wav,fil50_08156_ref_tagalog2_NEXT.wav,8a0e14780e181ab305610d407ed9becb4713e44e5fa74a6277f59678f42cfbd9
vcm_train_013506.wav,fil50_09864_ref_tagalog4_PAUSE.wav,1dc0f57e96d2da6fdcb20fa9240533d32017d7a2241cf829764526ee9bfd4e4a
vcm_train_013507.wav,fil50_13225_ref_tagalog8_COLOR.wav,2d3917f5c6738e29f1e66ba84cb43373b6c353a15df35ff8e192d7fb49f3f72a
vcm_train_013508.wav,fil50_05753_ref_tagalog14_TIME.wav,a53e873b8e195d9aecd3059a3eb63a2673c742c6553ff7df4d617c42fb26cb33
vcm_train_013509.wav,fil50_06609_ref_tagalog15_BRIGHTNESS.wav,1e7ddc48e9f200dc9821619d816172da0cd94459deb31b60d9e1bdd163626e79
vcm_train_013511.wav,fil50_04076_ref_tagalog12_CREATE_REMINDER.wav,d447072ea4a669ccded1976e737ac0d93cd808fafedd9ca65987be56e432ebb8
vcm_train_013513.wav,fil50_11565_ref_tagalog6_TEMPERATURE.wav,7174395754a68e37068f6e4d84f37ade091994dc23f736a7a8f3a8949830a31f
vcm_train_013515.wav,fil50_02419_ref_tagalog10_CREATE_REMINDER.wav,9605191e971f9da22b9069aff7fb083d8513095c200a18c7e71875d2ec6898a2
vcm_train_013521.wav,fil50_08158_ref_tagalog2_COLOR.wav,44ab9bd0f22ce253fccf06259c3d47afdfd299c0001072651d6ec0607e53330d
vcm_train_013522.wav,fil50_04932_ref_tagalog13_CALL.wav,0f89462bac02c1f65b778ac00965647966d44ffebbb87f0828571bc884e3d671
vcm_train_013524.wav,fil50_13226_ref_tagalog8_ALARM.wav,19a7792f7f1b79d0daf62c4a3c3cdf5125934da15404cb7dfa02a5f99c289569
vcm_train_013525.wav,fil50_05754_ref_tagalog14_TIMER.wav,4e11eae4536c640f7ff661aa77a15c815ae62d427a9d84c078d550a97258a7f1
vcm_train_013526.wav,fil50_06611_ref_tagalog15_LIGHT_ON.wav,00c3c57734fdc7b8a0aa390f309ce908ee82564eebdcc24b18f2ed975041e371
vcm_train_013527.wav,fil50_07291_ref_tagalog16_TEMPERATURE.wav,d6813096afba09cefe2518882ea13cc9e21ecdf0f095685f4ae48b7430db9d55
vcm_train_013530.wav,fil50_11566_ref_tagalog6_BRIGHTNESS.wav,c9d5ac5ff94aa7d1287168e811a44e3300de6aba9f6d9787c0831b85d6c57d1b
vcm_train_013531.wav,fil50_10729_ref_tagalog5_VOLUME_DOWN.wav,528b48fb480c98c2687206e984cb989e810b2e1ad8f99b28b0c50ae207f2c9c6
vcm_train_013533.wav,fil50_12419_ref_tagalog7_TEMPERATURE.wav,83933f3cf1b4b13c77ddd60903317256bb017efe0533f91d7aed651bd66280de
vcm_train_013536.wav,fil50_09011_ref_tagalog3_LIGHT_OFF.wav,57e0e84c3ddcf4aee78d49a1a55dd3e3c24216c75c25c4268a5f2d19fec0b028
vcm_train_013537.wav,fil50_01577_ref_tagalog1_TIMER.wav,23a20df5708f536a8e2c9fe05d1138430c9165895ec8537d87640a76df6c8357
vcm_train_013539.wav,fil50_04933_ref_tagalog13_LIGHT_ON.wav,c0dc4272579d3425e0e327ff815435062f2e32376241ebffd1c43bb87ab0fadb
vcm_train_013540.wav,fil50_09866_ref_tagalog4_COLOR.wav,344016f883a6190944a916ddb8d7a4691e387034055aa7b9657132a408d3cd58
vcm_train_013541.wav,fil50_13227_ref_tagalog8_STOP.wav,b244f95ef3261e3c314b599a8e6dd68bb716fcfdf4533210f9c15f91cc242dde
vcm_train_013543.wav,fil50_06612_ref_tagalog15_LIGHT_ON.wav,beb4d46bbc9760c2720149110f20806e6d55f4cd33f2f616025ee888410a1c68
vcm_train_013546.wav,fil50_00765_ref_ilonggo1_NEXT.wav,b0063b6eee7af47ce3aeb94fb86dd4fe4ef6e21f00fb93ec24c5354ca8c6ddf0
vcm_train_013547.wav,fil50_11567_ref_tagalog6_BRIGHTNESS.wav,174af79df8f8e3845d538091f2038579f38ec77821dfd58e41906b1a0aa9ba79
vcm_train_013548.wav,fil50_10731_ref_tagalog5_LIGHT_ON.wav,eb81da19b43b009dc51463a34bc8fac24fb6cd8c85f8ac2cf3dfba05fb519e54
vcm_train_013551.wav,fil50_03213_ref_tagalog11_COLOR.wav,8b3853596300eccac86e366128837e68d1ca174806c29382ffd914dfe592b32f
vcm_train_013552.wav,fil50_14040_ref_tagalog9_NEXT.wav,dc986794595c7e52079c3556e7d1048bb2bbad01979507710ab5734efdb106e1
vcm_train_013554.wav,fil50_01578_ref_tagalog1_VOLUME_DOWN.wav,5bb5077bcc83f156c315d993f807b1eeede5851a0b24a9e0e54e2ec5180fde7f
vcm_train_013555.wav,fil50_08159_ref_tagalog2_TIMER.wav,11e997c8944cb99ed69a88ab0a106591c4851bf0e6a2e7e4016f13998e52fb09
vcm_train_013558.wav,fil50_13228_ref_tagalog8_TIME.wav,a6de58b354282b50bd13bf4af66869d1335544199e999726bc0c531bcab8e09c
vcm_train_013561.wav,fil50_07293_ref_tagalog16_NEXT.wav,62d757660392b07fd528f1a46376d97bd78f11bca0b5a387bc364369ad9708f2
vcm_train_013566.wav,fil50_02421_ref_tagalog10_STOP.wav,3f6931e7aa78a1bff90a58801f03857467d2d680a80002f369c56ed8d8c140d8
vcm_train_013567.wav,fil50_12420_ref_tagalog7_TEMPERATURE.wav,4fdaea28cd6d84619f7c62ec903079a0fa8165fb5492e56bf1b82dabc2ea43ae
vcm_train_013570.wav,fil50_09012_ref_tagalog3_WEATHER.wav,3ffc8b9e9480150c55d386036d31160e153cadde737248548b513212c5996318
vcm_train_013571.wav,fil50_01579_ref_tagalog1_TEMPERATURE.wav,8594e985c8a91eb6e555e683cde19eb3fed8f8959ae9cd713efdfae3a36b6bb6
vcm_train_013573.wav,fil50_04935_ref_tagalog13_LIGHT_ON.wav,958b2b73161b6bc9ebf159f465e53c98d9d808bc5559acda9cef1fbd310579b0
vcm_train_013574.wav,fil50_09868_ref_tagalog4_LIGHT_ON.wav,30d2c4a863f0d86c985f06f92f08b9016d6f2baf21d54f7f2e3c2aeb8556517c
vcm_train_013575.wav,fil50_13229_ref_tagalog8_COLOR.wav,ae11bff1c4c2c71db07fa4f20dbe7c367bb4d28c23dd247279bc249845ee915d
vcm_train_013577.wav,fil50_06614_ref_tagalog15_NEXT.wav,1bba4baf11e41e2bcd4751707dbd9053f2cdd900b2ec26fc4f69e2083fd41dc1
vcm_train_013578.wav,fil50_07295_ref_tagalog16_TIMER.wav,c2eb5a403d33fdb93ab2825a2a294926d39f55847cffe8803fc24dd8435c94cf
vcm_train_013579.wav,fil50_04077_ref_tagalog12_TIMER.wav,1b3bd3d9095aa57e910659e50e811d001e0199383639fb54a0cef15f742236b1
vcm_train_013580.wav,fil50_00767_ref_ilonggo1_TIMER.wav,801de2d0bdd3a674347e98891238e7fdc6bf184aeab614d8de552ef55df6dd23
vcm_train_013583.wav,fil50_02422_ref_tagalog10_TEMPERATURE.wav,c654b985427a7552e469187b6f59cc6afb942a44e767c3999df6bcdc08d91bea
vcm_train_013584.wav,fil50_12421_ref_tagalog7_CREATE_REMINDER.wav,b260cb5930b36481df972ca74513ce202260b940e38210c96739365a9d2ce9d5
vcm_train_013585.wav,fil50_03215_ref_tagalog11_CREATE_REMINDER.wav,e4e2278d432ea25db6a53739b3474ed8effc1cdf6947cf888394095b4a6078a6
vcm_train_013587.wav,fil50_09014_ref_tagalog3_PLAY_MUSIC.wav,89b28bd8503d070c850dbc05aab041d5886e06571fa263b3cd48e110088dd633
vcm_train_013588.wav,fil50_01581_ref_tagalog1_LIGHT_ON.wav,94b15014f6c8fb7436e880100b720ef28abdaaa774a0be1d658c74016f891cf7
vcm_train_013589.wav,fil50_08161_ref_tagalog2_MESSAGE.wav,3b348b99fc3b3533d81c2883049308e0cf2e8265001f4695768cdf8f7c747031
vcm_train_013593.wav,fil50_05755_ref_tagalog14_ALARM.wav,719cbe25d46450e2b2400fe29633af160ecb3f4b70d4fdd908761d6227268e79
vcm_train_013597.wav,fil50_00768_ref_ilonggo1_CREATE_REMINDER.wav,d67335549a77147622f2c63d0942b580b2ce1ebad007fad6d86cbc67d2b1e27f
vcm_train_013598.wav,fil50_11568_ref_tagalog6_VOLUME_DOWN.wav,550168b537761ecdb16fcbf5ed285372d822884877a33680fde1c51a9648b569
vcm_train_013601.wav,fil50_12423_ref_tagalog7_TEMPERATURE.wav,880f2acf6a4b4db8113e0a97617a4369b9f3d75ff8644524a343dc0bc8db9895
vcm_train_013604.wav,fil50_09016_ref_tagalog3_NEXT.wav,6f38ab71279d768998db34f501725db6514eaf006e3af91693a14da72cd63772
vcm_train_013605.wav,fil50_01582_ref_tagalog1_LIGHT_OFF.wav,ca0ce9df1af036c8266dde8c97002b534db8ee92cf89d4350bf360e46a22026e
vcm_train_013612.wav,fil50_07296_ref_tagalog16_TIME.wav,5e6214589120f265b6e6b86a60602ba13b2013aa95577d05834cf12498cf5f3e
vcm_train_013613.wav,fil50_04079_ref_tagalog12_COLOR.wav,3952d5b37f3d4cc3e518277ce3fbc1f54b505dc16a383daa80f747aef71de291
vcm_train_013614.wav,fil50_00770_ref_ilonggo1_MESSAGE.wav,8f83bd4034c6714e1a45882000c7d6b44af76a3a2f1c5a6781d5ac3ace9913bd
vcm_train_013617.wav,fil50_02423_ref_tagalog10_VOLUME_UP.wav,a9d8a458bf4aef14234104fc40d7597e92d9513bfe483ac90a711ece2851f1ea
vcm_train_013621.wav,fil50_09017_ref_tagalog3_TEMPERATURE.wav,ba119cf2420967f8a9472f0fb38cf552229b30f3d3d791ff65abf8fe51ce3e44
vcm_train_013623.wav,fil50_08162_ref_tagalog2_NEXT.wav,6f5d5ac0475d537982b9838764936776960f6103353e1284039c6e9f9be85c5a
vcm_train_013625.wav,fil50_09870_ref_tagalog4_BRIGHTNESS.wav,d1e041d49bb114877fb53940751aedc829c155ad76a14a083241c743825d91a2
vcm_train_013626.wav,fil50_13231_ref_tagalog8_COLOR.wav,ba1d580f32ddea8311255997b49681ebaf090693ee850da9428d29d4c1a2f071
vcm_train_013627.wav,fil50_05756_ref_tagalog14_STOP.wav,1b8c9813015b9c2d25dca96888aff8ad7d38d296edaa0bbf10c5964e651d3e52
vcm_train_013628.wav,fil50_06615_ref_tagalog15_ALARM.wav,b5a80fd555cb8b30aa92955da1ef97c40026125c41d6bc97875f0c86b59aae8b
vcm_train_013629.wav,fil50_07297_ref_tagalog16_COLOR.wav,59b2af4b0b89a29291640a64e1d96f79ae030806f038ba8f8f9170eff4ccb9ce
vcm_train_013630.wav,fil50_04080_ref_tagalog12_CREATE_REMINDER.wav,07d885a45d4e5b8bfa67013f781ace5fc4a79e2c8fa09e5fdbd06043f1b3ddef
vcm_train_013631.wav,fil50_00772_ref_ilonggo1_VOLUME_DOWN.wav,78da7c8829e0ee3742d8b36e105efba863a14eacf4c8dd088e7f6744e16054c3
vcm_train_013632.wav,fil50_11570_ref_tagalog6_BRIGHTNESS.wav,bbd5ae368040afdff6286e4f6f39f6bb02c5f5e2bf73e17e978ef28d8d878523
vcm_train_013633.wav,fil50_10732_ref_tagalog5_NEXT.wav,b2239c391c378405ae439aa67e50003ee7f8fecb2e0fa0cfb547b0dfe1da95b8
vcm_train_013634.wav,fil50_02425_ref_tagalog10_NEXT.wav,dea7bec37d860a52a2c426d7df111328fb186f6bf1db0216385331d89318c2ed
vcm_train_013635.wav,fil50_12425_ref_tagalog7_LIST_REMINDERS.wav,1564bca59a6663a940b33b5d11ce009e782ecb174ca4c00f14e9ab4185d494a4
vcm_train_013636.wav,fil50_03216_ref_tagalog11_LIGHT_ON.wav,46aa619903e16a20b9e9ccec78f183ea47b59eaa06f3d2003ffc04e8d423010f
vcm_train_013637.wav,fil50_14041_ref_tagalog9_CREATE_REMINDER.wav,2ed50272f97be7245caf5558431ac3ea9435ab25bf1e10fea25450027bf529da
vcm_train_013638.wav,fil50_09018_ref_tagalog3_NEXT.wav,c13edc63db555d87b28ee247a7d7eb10b6be3226ac777624b8913b05f2fd5577
vcm_train_013640.wav,fil50_08163_ref_tagalog2_VOLUME_UP.wav,8e57f23a1990004d5b135be04da1ea46095c5f3d327b4f40e02f0d0be7e4bf8a
vcm_train_013642.wav,fil50_09872_ref_tagalog4_CREATE_REMINDER.wav,efb472fd44103af1900a32cf830cfe25f386b6938fe536e9ac5b3d424eb89eee
vcm_train_013643.wav,fil50_13232_ref_tagalog8_CALL.wav,71f85c8ffbccd309128417c1477f44a1948d310fa0206c5fe02311cb1d576a66
vcm_train_013644.wav,fil50_05758_ref_tagalog14_NEXT.wav,5ff72299eddda5c628788c14029807ff4f5c1e992baf3db2c2eb0c2685babe86
vcm_train_013645.wav,fil50_06616_ref_tagalog15_TIMER.wav,1188ca8d666b2e798433a9dcf21620579a418ec83245c6dce7c74027e44603bc
vcm_train_013649.wav,fil50_11572_ref_tagalog6_TEMPERATURE.wav,523f57f222a02d7206227204ec76768c50bf0a1bb35fb40b26239ca080031145
vcm_train_013650.wav,fil50_10733_ref_tagalog5_CREATE_REMINDER.wav,2ef6b7b23e95f7adf8033549951ee0b7ed90a50f5695b1a430edb5eb8dde535b
vcm_train_013651.wav,fil50_02426_ref_tagalog10_PAUSE.wav,fd96d59d0478d6cd37f9e03162a1d3dd602ad83cdb87e2e1fd4c849a7c17d82f
vcm_train_013655.wav,fil50_09019_ref_tagalog3_VOLUME_UP.wav,6ddeabf5e52a3aeb95205d4fcd1a61798b23fb5024b8f0833d49ab4e5652418f
vcm_train_013659.wav,fil50_09874_ref_tagalog4_BRIGHTNESS.wav,447ffe300c57de3493c70903ca707436291fb2b2771c4e7af5a5545cb94f626d
vcm_train_013660.wav,fil50_13233_ref_tagalog8_WEATHER.wav,06ef2ab6ee368a946ef92a0aa161f6fdb0f1f5b418da4db5b8e405a73bd5fa48
vcm_train_013661.wav,fil50_05760_ref_tagalog14_NEXT.wav,ca8015f1b188ddf1f6f5fd94b092fc4c41691b84398eae415254896ab1843783
vcm_train_013662.wav,fil50_06618_ref_tagalog15_TEMPERATURE.wav,6050bdc33ccb246f2aeb410e25dc806f2167a56145b015ed385dfbed45c54f22
vcm_train_013664.wav,fil50_04081_ref_tagalog12_PLAY_MUSIC.wav,a7257e450585b3a6d4f4396f9e183000e97c4359fa5a87d151b2e865dc57e9c7
vcm_train_013666.wav,fil50_11573_ref_tagalog6_NEXT.wav,60a79a1a5ace313034178be458bbe35050b4c4e72a47edcced5bc25575bda088
vcm_train_013667.wav,fil50_10734_ref_tagalog5_VOLUME_UP.wav,d3a12a9579d4de1a2cfa41c746af0909b603fe6c24d6cbf10dd554dee1fa69c6
vcm_train_013668.wav,fil50_02428_ref_tagalog10_LIST_REMINDERS.wav,2f574713362931c8fdee8f39be934a24db30f858822ca15a122d451190173036
vcm_train_013670.wav,fil50_03218_ref_tagalog11_VOLUME_UP.wav,3b436be120880a754c34ffb4390819ff7b2d48e2e4e94963ef081f9f942eaebc
vcm_train_013672.wav,fil50_09020_ref_tagalog3_VOLUME_UP.wav,8f20cecac56b3ee6f326d89779ea3217b5a204478f91a1b22d380997191820be
vcm_train_013673.wav,fil50_01583_ref_tagalog1_NEXT.wav,658a6be0b8ea71336660ac5deb21e98d65dd037119fde7598114a6b2c3f8dca2
vcm_train_013674.wav,fil50_08165_ref_tagalog2_PLAY_MUSIC.wav,1de7f01d52e53485e638fab517ccacbfdcdd8bf1cbd7aad688c63ac185376e6a
vcm_train_013677.wav,fil50_13235_ref_tagalog8_NEXT.wav,9f28348cb90a8d3e5f0dfcd49b7fadcb636f37952aa955f0bf3278c30fbe9c08
vcm_train_013678.wav,fil50_05761_ref_tagalog14_TIMER.wav,e3f5b3a48a93ef28cee94500376312fbff60b71e723f551272e20e97979aeebe
vcm_train_013679.wav,fil50_06619_ref_tagalog15_NEXT.wav,b06ca9ad096354cc4e12678f826dbd46113dadb6d8e01b4be5554ed7c25c7234
vcm_train_013681.wav,fil50_04082_ref_tagalog12_BRIGHTNESS.wav,8482ddef205b210aa122d8ea703b55b455fc15a68b12057bd083df862843a640
vcm_train_013684.wav,fil50_10735_ref_tagalog5_TEMPERATURE.wav,4589c91c77c5fa5ade5d401c8d3127adb248b63b574b3fae2b556f7d0fdc8c2a
vcm_train_013685.wav,fil50_02430_ref_tagalog10_COLOR.wav,6c02ad20620f3f8145c78d5095456e7c22771c62510c56810f93ec118eb60928
vcm_train_013688.wav,fil50_14042_ref_tagalog9_COLOR.wav,4bbb9f6b6ae0b26f9f2f0b3355393449e964bd431b1923bfa443e9c09982945b
vcm_train_013689.wav,fil50_09022_ref_tagalog3_LIGHT_ON.wav,3f843b93a8c4df950d88fe32c9ed382503fc0f1ad178f5286ccbf8fa03b4e2c1
vcm_train_013691.wav,fil50_08166_ref_tagalog2_ALARM.wav,851a5ac0b82cf10200b9bc989cb73551837e1cdcd48bd76dd89f4bba896e0b4d
vcm_train_013692.wav,fil50_04936_ref_tagalog13_COLOR.wav,bc6cae427ad61405801b6f365dde2c01600c0170818d7929acd706c666d6390c
vcm_train_013695.wav,fil50_05763_ref_tagalog14_CREATE_REMINDER.wav,890b8ffc658f961c22053554313dab8c62cbac8cd223a8f245c70f7f3282fdaa
vcm_train_013697.wav,fil50_07299_ref_tagalog16_TEMPERATURE.wav,6fbc1c1d0e20bccaeff87c60bd08b4166f190da699cbb5640bbe0a723d5ce62b
vcm_train_013700.wav,fil50_11574_ref_tagalog6_COLOR.wav,c62302c0bfede0b77ba9bcb8089fe48e98caea4a0102732dc6d90ea95602ebcf
vcm_train_013702.wav,,0ec2fcad65ce23c1f96244d04772d1e4b3431057bce1a5a49df0dce03ff68e58
vcm_train_013704.wav,fil50_03219_ref_tagalog11_TIMER.wav,fa4f894daf85bee053e10ae62de9e8510976fb3891ce9f9c1d9178ef60d680a6
vcm_train_013705.wav,fil50_14043_ref_tagalog9_LIST_REMINDERS.wav,e6ccb531426b9e7dd29b8fcd7bc5deee4e2a3070b453a6f0fc0b6849a819c32f
vcm_train_013706.wav,fil50_09023_ref_tagalog3_COLOR.wav,2cbee30bd24388424fa3fbe8a003a90760a9a4ab36d7961e23d67929951b0b4e
vcm_train_013707.wav,fil50_01584_ref_tagalog1_ALARM.wav,01bc4aa1849bfca51217a337bcdc79cdab44639ccfe17d14b85dfe771bb47928
vcm_train_013708.wav,fil50_08167_ref_tagalog2_COLOR.wav,73c3b80f6e74a16612f08c7409fa56b669f3e66e1323a15ca92144156cd9aa83
vcm_train_013710.wav,fil50_09876_ref_tagalog4_CALL.wav,4f8e381d69938ea4ae08557db36c9acdc708b8c98e3daa1a9e84d065e19d6134
vcm_train_013711.wav,fil50_13236_ref_tagalog8_CREATE_REMINDER.wav,b031f226bf092889aa9abea839bd595d3b7e2dd52b765915084d05ab01a4b498
vcm_train_013712.wav,fil50_05764_ref_tagalog14_TEMPERATURE.wav,37e8e06a22841f40e3f1ce0d73354a7bc4fa55b87655aab5f4f933704b097209
vcm_train_013713.wav,fil50_06621_ref_tagalog15_COLOR.wav,5c509ea2923306cb398f23a318d4b7f043750ddff341e8f5adf83bfd5a3290c8
vcm_train_013715.wav,fil50_04083_ref_tagalog12_PLAY_MUSIC.wav,09f443eb9f9fac375f18f13984056974c399b52672703cf8c556dea10c350dd6
vcm_train_013716.wav,fil50_00774_ref_ilonggo1_PLAY_MUSIC.wav,3c6053819ffe98eaf4870cac4f65d6963ba8d641b2b4b12d30defc9e69bf22ba
vcm_train_013717.wav,fil50_11576_ref_tagalog6_MESSAGE.wav,fc47b348cb1243060101ca6aa7bba737c3466d8e3c5be5fa7746df9efb281d9b
vcm_train_013718.wav,fil50_10737_ref_tagalog5_BRIGHTNESS.wav,3ff8dc478da87ba5d22153f1c4ce0ef01bb1b8dfac87319d9dfad110769ff1fe
vcm_train_013719.wav,fil50_02432_ref_tagalog10_PAUSE.wav,57aad1c986ddd45667606a8a17cc56f80692e748346e844b869227d01ac2a9ba
vcm_train_013721.wav,fil50_03220_ref_tagalog11_STOP.wav,3add163c0917730b787bef2a2f27d9f6ed5094c849c594bfff3cbc7d534c5cbd
vcm_train_013723.wav,fil50_09024_ref_tagalog3_NEXT.wav,cc7c893945076bfb57a4098cbc1bf9a0a46ae6b2fe3b341332dc685aaa56fd48
vcm_train_013725.wav,fil50_08169_ref_tagalog2_NEXT.wav,952474e52b13196d0491e9b08834cae29c66f04db03a1a75d0879d41815b9414
vcm_train_013727.wav,fil50_09877_ref_tagalog4_ALARM.wav,6b153b597bed03ca7c6be862538928711fcd601acfda3efc6dadec2a2161a1a2
vcm_train_013728.wav,fil50_13238_ref_tagalog8_BRIGHTNESS.wav,cf7060d8ac1c7d80dcc56abf4a5c07540df895cb8f489248cfbdd2292e327e09
vcm_train_013729.wav,fil50_05766_ref_tagalog14_COLOR.wav,db5fbeca1a2665649a2e25f7365c248c8f42a215fcb922842f166d9fc9b5bf28
vcm_train_013732.wav,fil50_04085_ref_tagalog12_TEMPERATURE.wav,cfd218e2045998467a90413e8f0c33d2955c661ab2279aa3b1d756ece613d36d
vcm_train_013734.wav,fil50_11578_ref_tagalog6_TIME.wav,e684d14b316a1eea7c15cc11ab545eed70030c4f9a0e9144c827be745778e5ad
vcm_train_013735.wav,fil50_10738_ref_tagalog5_LIST_REMINDERS.wav,d46c140e13eb864f8298d20bf7e72012a14ea3123b929c7a9dc38b130677e51f
vcm_train_013736.wav,fil50_02434_ref_tagalog10_LIGHT_ON.wav,264c72aa4161cf89950fdfedd37ccb32d1de3a010c678d795896d26162469f42
vcm_train_013737.wav,fil50_12427_ref_tagalog7_TIMER.wav,c22e22eede7120b1b4eb76907853bc12f94d0b66c16176d75aca61b07318f6ab
vcm_train_013738.wav,fil50_03222_ref_tagalog11_NEXT.wav,6f5361264d49151c920eba8b4ecfe969d92e31c9d2201b3b3ad67e393eaee3ba
vcm_train_013740.wav,fil50_09025_ref_tagalog3_TIMER.wav,c8ab0bccca4d9771fc2aa0601b0a4088b3de1dbadd77608ee31e1c4470ae9a29
vcm_train_013741.wav,fil50_01585_ref_tagalog1_TIME.wav,e818cd68777eab681557614254247eaebf28bec0769c6eeec58db4e91fe8417b
vcm_train_013742.wav,fil50_08170_ref_tagalog2_ALARM.wav,7b2b41a8ca9418d778355b956bc0ac35e3cb44b2a1199b5dec37703dcef786a1
vcm_train_013744.wav,fil50_09878_ref_tagalog4_PLAY_MUSIC.wav,6ec12329c2c44fa7d8fd61e1bf3939b6c34b294424f5642c79fbc92f90d4ecfc
vcm_train_013745.wav,fil50_13239_ref_tagalog8_CREATE_REMINDER.wav,1d077b356d1b877c06728ea9a119578c35518ea30da9b7581e85907e68848276
vcm_train_013746.wav,fil50_05768_ref_tagalog14_TIME.wav,20c1aae90eee7fe4a7a4dfb79c295fe473288e0ae93138c6d5c56a282a4d4170
vcm_train_013749.wav,fil50_04086_ref_tagalog12_CREATE_REMINDER.wav,27c0093176b9be51ab86cc7adcd0ec7051eb8e85c0c6ffbf9016fd6bf24bdbb2
vcm_train_013750.wav,fil50_00776_ref_ilonggo1_ALARM.wav,3f22e9b0396af81a183c27b02723ddc11c9dd1bcfcfbbde6b1f2e6f9400527f6
vcm_train_013751.wav,fil50_11579_ref_tagalog6_ALARM.wav,94bbf69c226f2aa4506160599cea2cbe56143e8a7de1934ba38a84941fac6704
vcm_train_013752.wav,fil50_10740_ref_tagalog5_TIMER.wav,a316e989c66511cc74e9f9472fce6906ffa4eae4697e7be665fdad2088ad5705
vcm_train_013754.wav,fil50_12428_ref_tagalog7_MESSAGE.wav,155b56306124dc9d903c9df4a6e90febc52755caea6ff00224f9a1fff4d96562
vcm_train_013755.wav,fil50_03224_ref_tagalog11_WEATHER.wav,e8f427969f35459d6708af61d3f32f66aacfefa4daff014ac42522ffe3d38606
vcm_train_013757.wav,fil50_09026_ref_tagalog3_LIGHT_OFF.wav,779182ab3c0df4e9ddc250a51c2417fb601437dda9989a964a34d32c236c0ed5
vcm_train_013758.wav,fil50_01586_ref_tagalog1_PLAY_MUSIC.wav,3fa46cb2fc4011d46364fda38d1fe3a5d8e93026862e60290e582764e69a707a
vcm_train_013759.wav,fil50_08172_ref_tagalog2_COLOR.wav,2c95e56832c84a792fe011f73e1220d428fc26695b856b9491b7e5318c6db65d
vcm_train_013762.wav,fil50_13240_ref_tagalog8_NEXT.wav,b66561a80c1acc80dac805a2f2fb109ad70445a72d0e03fef7f76eed21a24974
vcm_train_013763.wav,fil50_05770_ref_tagalog14_WEATHER.wav,46e59416bcf6c6fc6c3e76fa66fcf1e691d461c9ae26b610cd668a110e5ea40a
vcm_train_013765.wav,fil50_07300_ref_tagalog16_TIME.wav,a80b944a33b959ddb0ee573a5ac67116149a4899ed534e7d9d6ab05591b74085
vcm_train_013767.wav,fil50_00778_ref_ilonggo1_TIMER.wav,0ec74cde790a81f47a5e9232a509a307ee70807b6b788cd806b087b5fad07101
vcm_train_013768.wav,,7476116f2a5db66491a2699c98fb1f60f90f6c0ff4c73b22cd0003cdd4646cfe
vcm_train_013769.wav,fil50_10741_ref_tagalog5_BRIGHTNESS.wav,1941bd601a17bd23a22a51703f0071ede5d84e7198c370b32e24f6d651c8775a
vcm_train_013770.wav,,68176f267b1907439b965b5bd6aacdcd2acbb3ed4fa1c28e3fd35bc044945174
vcm_train_013771.wav,fil50_12430_ref_tagalog7_TIMER.wav,cc01cc009d0c4ff887e4e6301112dbdc6552f4e6e2a5fbc9da050539c842683e
vcm_train_013772.wav,fil50_03225_ref_tagalog11_STOP.wav,4998805a1002787c56d584ebbb33768fece73d46f220c23c5ede44f82d5257cf
vcm_train_013774.wav,fil50_09028_ref_tagalog3_COLOR.wav,2d24a0313cf66ff9a8157c86bf401caeec78e5ccf98a0eaf4514f3d46e61d0a4
vcm_train_013776.wav,fil50_08174_ref_tagalog2_LIST_REMINDERS.wav,3d87d02e9e3a9085d7f1825b2c66d223d247b6e2cfc6ec940d08b8d7fd431dcb
vcm_train_013777.wav,fil50_04938_ref_tagalog13_TIME.wav,75bfad4d577d8aa4865040f25bb082530d2819c32346a59263792d4c9e5ebc1a
vcm_train_013782.wav,fil50_07302_ref_tagalog16_STOP.wav,78c10d77ea9c5e3136663431e82ef4fd70034f0883455e60189b2eff8ebbcf9d
vcm_train_013783.wav,fil50_04087_ref_tagalog12_TIMER.wav,f27cab6b6d5e30e36959bb8f37165cbaa76675fffed0df99b961b8af2ffb87d8
vcm_train_013784.wav,fil50_00779_ref_ilonggo1_LIST_REMINDERS.wav,17b8619611f5158081a4762c123583f36c861ac679834e36f915ab0f09ac2b88
vcm_train_013786.wav,fil50_10743_ref_tagalog5_ALARM.wav,2724c86ca860958dcb9e858d8975423f9210e0418c1740c7f634dbd6057f9e04
vcm_train_013787.wav,fil50_02435_ref_tagalog10_ALARM.wav,3d39d731930c33dc27dc324f7df64f8c614a5e22e45ab70aeaa6d7223020a3f5
vcm_train_013789.wav,fil50_03227_ref_tagalog11_VOLUME_DOWN.wav,0ce7ce6ffb66964e762ae46430e1c1eb689c348bd564531c6b36c46bd2100e94
vcm_train_013791.wav,fil50_09030_ref_tagalog3_ALARM.wav,cecdfaf06c2ede3ab03b2ce1400325ba62a6435d19e763a7352d9c096f8fcadb
vcm_train_013793.wav,fil50_08176_ref_tagalog2_VOLUME_DOWN.wav,b96fcc73ba7dcd5eddaf35204d63d312e8aa086924a832bae595a9578fd475a4
vcm_train_013794.wav,fil50_04939_ref_tagalog13_PAUSE.wav,b6bf3b035fa7dcc3baa40bcf40a2553e939be8d5e8b9e0c5d0dedb166bf73868
vcm_train_013797.wav,fil50_05772_ref_tagalog14_CALL.wav,8929237e4104ec8f07117a740f44bc9563de35bc16484514f6979ff71e4a9822
vcm_train_013799.wav,fil50_07304_ref_tagalog16_PLAY_MUSIC.wav,e6242e91d0a9a0b607fca5ef37fef2b1e24c2ba85f02d3c5e81641fc18446700
vcm_train_013800.wav,fil50_04089_ref_tagalog12_CREATE_REMINDER.wav,09e226fdabeef75a91c04861098d2607cfcca6243f14ea7e8121b3bf743b821c
vcm_train_013801.wav,fil50_00781_ref_ilonggo1_PLAY_MUSIC.wav,d0eaed25d9eac702d8b06dde9df1f9faca55214b989c363dd13987bc089545d0
vcm_train_013802.wav,fil50_11581_ref_tagalog6_BRIGHTNESS.wav,8af4963195bbba466ebd195f4237cdfbf4c1359097c3611f542f1d6bf82263e4
vcm_train_013803.wav,fil50_10745_ref_tagalog5_PLAY_MUSIC.wav,ce48f3f0f057d44d4d3f0de465bbe19793a5f97f73916f9a1baca54cebdbdbc5
vcm_train_013804.wav,fil50_02437_ref_tagalog10_NEXT.wav,2cef01ccffd0dc78a45ca1733de1708b7a32ecdeac26c24ea6a1d404276b4fad
vcm_train_013806.wav,fil50_03228_ref_tagalog11_COLOR.wav,ff665512e148c6b4d429a46ef9ad1aab0e37405c3f182daf6936c955133319ac
vcm_train_013808.wav,fil50_09031_ref_tagalog3_NEXT.wav,b4c4a59ee2f2c0bbf3c7acdf02a0bdf79a1e9ced1491b36d2a1fe8137c66fad1
vcm_train_013809.wav,fil50_01588_ref_tagalog1_TIMER.wav,97cec3ffca75a53674900bae3c605ae06885b8886f6f2a23a0011f81ff8e8d5d
vcm_val_013812.wav,fil50_04090_ref_tagalog12_WEATHER.wav,2894ef5fff5f8382c174a1a4259cc4bc892ee62b1cf72815b2f8d7ef13fc796f
vcm_val_013813.wav,fil50_11583_ref_tagalog6_LIST_REMINDERS.wav,e30fc332aa216fa7b3d2a312139c2d5e365cd9df0705815090074451bd356602
vcm_val_013814.wav,fil50_01589_ref_tagalog1_TIME.wav,c6c02e31a6a8115e4853aa94f592a6e3a54fc932819eb7a4b4e0b823c4df899e
vcm_val_013817.wav,fil50_03229_ref_tagalog11_TEMPERATURE.wav,45a032672dbe3aa217eebe91dcafb9e92815e916b9e5feadb4b43b328fc617ea
vcm_val_013818.wav,fil50_09032_ref_tagalog3_LIST_REMINDERS.wav,760752872dfac87103035510f515d13c6ec0d3d334a5007fcafa90ff560a8490
vcm_val_013819.wav,fil50_12432_ref_tagalog7_PLAY_MUSIC.wav,85d9b7edc86e0b3390f62e4de2984ffc49ebc82c9abf02ec58d884a70467a3c0
vcm_val_013821.wav,fil50_10747_ref_tagalog5_LIGHT_OFF.wav,b62f62f1328733f49ff65e7e28b78552b3592ee260e65c492be205e8c3c90061
vcm_val_013823.wav,fil50_00782_ref_ilonggo1_PLAY_MUSIC.wav,759c984b91fcaa2d25ca22fed874d62535d3b282e446dd7901a98bd25142e0a1
vcm_val_013824.wav,fil50_04941_ref_tagalog13_TEMPERATURE.wav,b8970dc0eee14169f3206fcc47011d7440d4cc9d3ac9b922609231b204227938
vcm_val_013825.wav,fil50_06622_ref_tagalog15_COLOR.wav,0cb99768bf029a5d0d41d88c49fe953caab8e13d5f65c96b59573f31a4cbc5cc
vcm_val_013826.wav,fil50_13241_ref_tagalog8_TEMPERATURE.wav,08d8daa7a37ce67c8b9d4532bc88c23fe4fd3939fa2854f757563716b0e46397
vcm_val_013829.wav,fil50_04092_ref_tagalog12_TEMPERATURE.wav,4acac701a766e2d3555b5528b52fa74f3d1eade481ae47a934d4f3d7ab95c791
vcm_val_013830.wav,fil50_11585_ref_tagalog6_BRIGHTNESS.wav,52a2b464e2a79a62281b0c602971967bb910ae4c0c5d1ca483e84acf34ca7b6b
vcm_val_013832.wav,fil50_07306_ref_tagalog16_CREATE_REMINDER.wav,346e983835730731ca3be2e3001e2c39cea4800ba127491a955b3ca5c4f0b124
vcm_val_013833.wav,fil50_05773_ref_tagalog14_COLOR.wav,f7a06ebed624bb1adf4e632ce24eb0b0b7a6f08a9d001d424536969512ed6bab
vcm_val_013835.wav,fil50_09033_ref_tagalog3_LIST_REMINDERS.wav,0515f2c607e9b093c5961665e43fc3d607371acc91da926ae8a1b11e13dca96d
vcm_val_013837.wav,fil50_08178_ref_tagalog2_ALARM.wav,c2910adb0bb54c3453afc29592329d62b1e94c8626b41e99eba1b762c706b08a
vcm_val_013839.wav,fil50_14044_ref_tagalog9_LIGHT_ON.wav,fbe6b202ab721f739e307a86c5c3645edd5baf3a235d298ccd0f5da37a8a205d
vcm_val_013841.wav,fil50_04943_ref_tagalog13_LIGHT_ON.wav,64db7c8a616b16c37bf986d3dfc006ac32136a51f40324e934cab5a7f0051af5
vcm_val_013842.wav,fil50_06623_ref_tagalog15_LIST_REMINDERS.wav,2a1b8c05aa812a152373781c968733787797238fea82cccaf76399d13f418406
vcm_val_013843.wav,fil50_13243_ref_tagalog8_COLOR.wav,3e5c6c6fde2113ed033e4fa372e424073dfc80da76abd9c88e740370ba0e59a3
vcm_val_013845.wav,fil50_02438_ref_tagalog10_COLOR.wav,06fd8da2c686549b7b09283398de0e4d12eed576bf383159e0f51f19a05a52da
vcm_val_013848.wav,,144780c7d78e3b53c0b6a58f1d1bba99c2b78ffaeada830dc51a412d45ccc6fb
vcm_val_013850.wav,fil50_05774_ref_tagalog14_NEXT.wav,febc03a6d2a573daf40d421965cd636e50745dd14c61fb5ab3768ce1fc0e23b5
vcm_val_013851.wav,fil50_03230_ref_tagalog11_TEMPERATURE.wav,900ad3b37fb58da6e985ab97492e20d9e3d49a7b666093e8cfa1908eebbfb61d
vcm_val_013852.wav,fil50_09034_ref_tagalog3_NEXT.wav,cc5587fd9379676bc723a4122b8e9da3c878ab68644fa77e304a81c51995ddfb
vcm_val_013853.wav,fil50_12433_ref_tagalog7_TEMPERATURE.wav,d2c5f0bc4afb7912360ad7666263bc7b95efa3665e9dfa91ad7aa72c32a68a75
vcm_val_013854.wav,fil50_08179_ref_tagalog2_PLAY_MUSIC.wav,8e2990b0d4e83daeb58943924d5edff93c046d3d66ee805a0ba79647961c8701
vcm_val_013855.wav,fil50_10748_ref_tagalog5_MESSAGE.wav,d2e57774de06ce65ab32f1771e8da760ac3bba6282edee1abf4db4301d60ea60
vcm_val_013856.wav,fil50_14045_ref_tagalog9_ALARM.wav,5e0d37996b55c3b898b3f5e8e75f08553f77842151947beedf9973792bf2f935
vcm_val_013859.wav,fil50_06625_ref_tagalog15_TIMER.wav,b5e60a90ce46312c34a95b988a87effc95445f109d15277ef2426670a0282138
vcm_val_013860.wav,fil50_13244_ref_tagalog8_STOP.wav,5b1f0365a9d91834aaa117cc61cf7de0256618c8bdfe077f611528bf425b1a66
vcm_val_013861.wav,fil50_09879_ref_tagalog4_TIMER.wav,9a302b3dff075008e8fe21d1e1f17a1d525e733688057f95116abc392209d1c8
vcm_val_013864.wav,fil50_11587_ref_tagalog6_COLOR.wav,19aa22095324abcbc1b370829a84b61267e0a964c6f52b6c128c329f68327c98
vcm_val_013865.wav,fil50_01590_ref_tagalog1_TIME.wav,8c4bcfeea2dc0f44c76ce531c17f6304849d9667edcd738650c55c1ab57de02b
vcm_val_013866.wav,fil50_07307_ref_tagalog16_TEMPERATURE.wav,afb42279a1bd4d150b7e9e3c29c8aa3e8f7be05e7bfaed53db662d3101f5a55d
vcm_val_013867.wav,fil50_05775_ref_tagalog14_COLOR.wav,360a64f6ee2255c408c2a3320589cc44873c6f9b1daf11b05cd14faca11ce2dd
vcm_val_013868.wav,fil50_03231_ref_tagalog11_LIST_REMINDERS.wav,57bc23a971f2a617d1c976427fef58a0bbdf436d861f46b89b68b28254a7b7e7
vcm_val_013869.wav,fil50_09036_ref_tagalog3_LIST_REMINDERS.wav,6357380472f06bb1783057462290db7606e446ba954048507bde4f4898bbb11a
vcm_val_013870.wav,fil50_12434_ref_tagalog7_VOLUME_UP.wav,5aca64d89839e19372f6ff80275113f9cb2a2e82fd2671ee578c6ebc56aa894c
vcm_val_013871.wav,fil50_08180_ref_tagalog2_COLOR.wav,b4a30f353477dcdfcca170d569a427abbd081637e77f61c54f2500987fed730b
vcm_val_013873.wav,fil50_14046_ref_tagalog9_STOP.wav,f8562c534f9401b8c64f977c1162a9a98e1140eff83cd90049984793d0d974c0
vcm_val_013876.wav,fil50_06626_ref_tagalog15_NEXT.wav,86a6f5e8ca8235fcf851c1744ed8dd91f5caf381dae7f92e01bb184d37f1c63b
vcm_val_013881.wav,fil50_11589_ref_tagalog6_TIMER.wav,7cf624ad2a21eb37b858c6c7de971b4fd1ff603d626e537e595a549ef53c1c17
vcm_val_013882.wav,fil50_01591_ref_tagalog1_LIST_REMINDERS.wav,d2d7beb7a73e4ae785ce08fa78910f5d2d476fe8777b3af6305e902c2ebee99e
vcm_val_013884.wav,fil50_05776_ref_tagalog14_CREATE_REMINDER.wav,2e18ad8fdeea47797c6c6959cd62f6359affc8342ffeb3441369b3983f3f1863
vcm_val_013886.wav,fil50_09038_ref_tagalog3_WEATHER.wav,c04bbd55030e406b0c6c6ab30920687297cc388e2eec59dd8ed2d34d64561231
vcm_val_013888.wav,fil50_08181_ref_tagalog2_LIGHT_OFF.wav,f912fb1380b9fa6069a1408bc7df7147cb5edcd6c7d3f8dfaf2cdb7b52646590
vcm_val_013890.wav,fil50_14048_ref_tagalog9_NEXT.wav,e797d4491a0e6f4611b67709f1bdead067882251fd75da7d4b1df9552d6b4a08
vcm_val_013891.wav,fil50_00783_ref_ilonggo1_VOLUME_UP.wav,18506214499a2839f7e899569ff46ecfef32c67af863ac9de2cd378e7f0b8a99
vcm_val_013892.wav,fil50_04944_ref_tagalog13_TIMER.wav,b72831e1a2ffe8f20728117cb883b3f8c8e160cab33d085aceabb4b3be037fe7
vcm_val_013893.wav,fil50_06627_ref_tagalog15_NEXT.wav,3665bebfea63685bed2b4c3fa3d5efec8bbee7eb61a3f1d44adf63350a05f277
vcm_val_013895.wav,fil50_09880_ref_tagalog4_TIMER.wav,e5eeb454908ab37520fed69780761e3d868fcbcb9da2d9b5d468d837f50afccc
vcm_val_013898.wav,fil50_11590_ref_tagalog6_ALARM.wav,ae66025648d9087ac985d1f6c1a9ecea93b5cf5cd6bb86480a2386ea1b72ca4d
vcm_val_013899.wav,fil50_01593_ref_tagalog1_CREATE_REMINDER.wav,42e841761bfbf8ecab06fdb8e44cac90c2176dfcc45e3082f70bff031cfcadf6
vcm_val_013901.wav,fil50_05778_ref_tagalog14_TIMER.wav,2f5dd59778323fd903dc0324b1f9425f52812fe005379a00a60584252dd1735a
vcm_val_013903.wav,fil50_09040_ref_tagalog3_TEMPERATURE.wav,b0541ef5b9db240d3fb78c030d3415155da0253adbc07712c9aece197e7e8550
vcm_val_013904.wav,fil50_12435_ref_tagalog7_TEMPERATURE.wav,20df12e427434345e7dc185fb27b0609204bba17a9375b1ffa01234d5ce363a3
vcm_val_013905.wav,,a560b55d124f60fc135525f58ce93316260980029a3e2b07f001d741ce84b030
vcm_val_013906.wav,fil50_10749_ref_tagalog5_PLAY_MUSIC.wav,9491e207ac4e2b872dea217413c555cb2270556b54e6ce97c551d039488e5fa5
vcm_val_013907.wav,fil50_14050_ref_tagalog9_ALARM.wav,b354963b4a4f5d137961390df9ce94f1e5ba22fcb29c08d717e008e9e81027b2
vcm_val_013909.wav,fil50_04946_ref_tagalog13_LIST_REMINDERS.wav,9b83a16ca8230f7ecda4c549f5da7d1aba831678fa012f196e4e61ddb9ebf2a7
vcm_val_013912.wav,fil50_09882_ref_tagalog4_ALARM.wav,d2bc4a9894b296d90c5c54cb4a4a3fa251738f3995d5bd81d62ff106e70d94a7
vcm_val_013915.wav,fil50_11591_ref_tagalog6_NEXT.wav,beffd151f8695d378858486cebae02f28fdb5e1580bfda3745e2f5957b65c70f
vcm_val_013917.wav,fil50_07309_ref_tagalog16_LIST_REMINDERS.wav,f2981979daccaba910d8b4b41d5f19892dfb7503fc65d13910cbde0d637bb6c7
vcm_val_013919.wav,fil50_03232_ref_tagalog11_LIGHT_ON.wav,878e09a04249039d39ff381b0c81607f2b28642b313251f8400ee627f4d76467
vcm_val_013920.wav,fil50_09042_ref_tagalog3_ALARM.wav,6654569f1a7c039363c16ca39a98463ca6d29793726fa5b4a4bd672dc2588c42
vcm_val_013922.wav,fil50_08182_ref_tagalog2_TIMER.wav,1394fcc369b6df2d67c45b5c1df810402345a17541c9179caa502f473706d4f1
vcm_val_013924.wav,fil50_14051_ref_tagalog9_TEMPERATURE.wav,b3510266ff2db403f84e2a96608cd2ee9881132c601317b673adbb6dc2d88d56
vcm_val_013926.wav,fil50_04948_ref_tagalog13_NEXT.wav,94e2a38dbff17eca4b0e77177dbd6af818c2dbcc58a2bed0ee1760f0dd2426e4
vcm_val_013928.wav,fil50_13246_ref_tagalog8_CREATE_REMINDER.wav,85fc3c770dd1c168d6a33ad8867776c45fbda666b7e657ce6f225197fe43d965
vcm_val_013930.wav,fil50_02439_ref_tagalog10_PLAY_MUSIC.wav,17911ecaac1a6493bdf176cd75c8a4e8f25cca33abeb2166d2e6b56b74d7b3ca
vcm_val_013931.wav,fil50_04094_ref_tagalog12_LIGHT_ON.wav,935557abfcb460ae0a0690f1a54b5803edb598df7da6ea1495f8ed4a9a028ba8
vcm_val_013932.wav,fil50_11593_ref_tagalog6_VOLUME_DOWN.wav,0e45a1ccc3b1717ca4b7e1730ef225aacb5ca8415e0be2a7b5d3b94f93379714
vcm_val_013933.wav,fil50_01595_ref_tagalog1_PLAY_MUSIC.wav,e0a79c4fc5c82b1cac891dcce209e883fe2ab83f9ad93bb6e47c32812db8d25d
vcm_val_013935.wav,fil50_05779_ref_tagalog14_ALARM.wav,44ccc9b03683c0b422a7516aeb4b14f6f072140e5005b4f348aa8f0664a6b988
vcm_val_013938.wav,fil50_12436_ref_tagalog7_VOLUME_UP.wav,cd252fd24706a3df862205f5b98ab64b1abb1c5648abad7f2c732854788b85f2
vcm_val_013940.wav,fil50_10750_ref_tagalog5_TEMPERATURE.wav,0df2a704ef1b1bd519fb10ab6a0da29a5742126b775175260ce7584b5bc73ba7
vcm_val_013941.wav,fil50_14053_ref_tagalog9_COLOR.wav,b013285a67aa29436affa7c897f4a1f0aa1365aa3b4be5b2719f4b900f1522f6
vcm_val_013944.wav,fil50_06629_ref_tagalog15_CREATE_REMINDER.wav,107ec20b2473a8d64145df4ec6b936cb4249ef05816c905d54f6f58f17f21745
vcm_val_013945.wav,,1f980159e3e635d0885871b5b35160b63fd1d79f856913a76225f4e379a24188
vcm_val_013946.wav,fil50_09883_ref_tagalog4_MESSAGE.wav,d5e333ad2e88f2974d602d9063ed1ce828cf16917dd5eb423ab82188d6a8b47a
vcm_val_013948.wav,fil50_04096_ref_tagalog12_BRIGHTNESS.wav,18819f237ac35b2177d1be0e7114d53cbd4211fdc02da3a98af48984f3f05905
vcm_val_013949.wav,fil50_11594_ref_tagalog6_LIGHT_OFF.wav,d5411c50a3cf21b860b2a6c7147a8cb7aeabe53f06889131dd85c7bec1368165
vcm_val_013950.wav,fil50_01596_ref_tagalog1_CREATE_REMINDER.wav,4752d2ad574b03d31e64b5d3151000f068dc6ededafbc7a8ecb656a7e9721368
vcm_val_013952.wav,fil50_05780_ref_tagalog14_STOP.wav,eb1920e2520ba1053abd10eb5747be7541a361a7e973c0246c512e0444247f54
vcm_val_013954.wav,fil50_09043_ref_tagalog3_VOLUME_UP.wav,d6f8d23f2a4debda54296df13458408f40f7f571024831808a72e40179f371ff
vcm_val_013956.wav,fil50_08183_ref_tagalog2_ALARM.wav,a664dab985ade69677a56509ebf4b69b7bfed1fefe5a0ac4498b119ea8954c92
vcm_val_013957.wav,fil50_10751_ref_tagalog5_TEMPERATURE.wav,fc9e3c4058b4d702debac1b5ffa2e07395992321f6039806fcc367b76aa07afa
vcm_val_013958.wav,fil50_14055_ref_tagalog9_ALARM.wav,27e9b059ad18d97b0a503b8c75f8f01a78ac50fed7c49ac433e84296c6adea95
vcm_val_013960.wav,,91d19dc09e451501c3049021ab64d5aaad47a4ae6ca26f5040598837a9c82943
vcm_val_013961.wav,fil50_06631_ref_tagalog15_TIMER.wav,6492a6b7730924d7b63e0685d4b0a70ea4ae67b90c5e80b477bbb588f4d4e3f6
vcm_val_013963.wav,fil50_09885_ref_tagalog4_ALARM.wav,71d7ad67f1fb5de79e9c16d05cf3437eeca5c00df81b77d488d7b367d9bf6881
vcm_val_013964.wav,fil50_02440_ref_tagalog10_TEMPERATURE.wav,ddbffabbe7aa458e9fc826c569579b7fd5fead5a80dd541e5a2309c430b15550
vcm_val_013967.wav,fil50_01597_ref_tagalog1_STOP.wav,1181f093ef32dd7c02e0ace3e59564f2aabe90255401658744552a3d007c09d8
vcm_val_013968.wav,fil50_07310_ref_tagalog16_COLOR.wav,3b885fd506157eb5836f8bef07997b12c13b6b0b413e7c7e7e488ba40ebf063e
vcm_val_013969.wav,fil50_05782_ref_tagalog14_TIMER.wav,76e82d4de43aa621317df788cd4d488b2fc6b8812f3b94f5eba62128cc6d361b
vcm_val_013971.wav,fil50_09044_ref_tagalog3_NEXT.wav,c0d277d618a3c97c5cac8012ba2eb07c85afcaa5f9625a6807c24d564bd9f71e
vcm_val_013972.wav,fil50_12437_ref_tagalog7_LIST_REMINDERS.wav,c32d28a4288639079041bdcb0187b40ec6dad3e65d8b52b6978afed2636b7a20
vcm_val_013973.wav,fil50_08185_ref_tagalog2_TEMPERATURE.wav,82979013f6e3f4f182144b22decb41a7d4f0bb98d7e0770853fe6d48f473fb26
vcm_val_013974.wav,fil50_10753_ref_tagalog5_LIST_REMINDERS.wav,be802a1b01030c92c93231b5b4efc7fc82badbfc4f435e0064bd8217a32da721
vcm_val_013975.wav,fil50_14057_ref_tagalog9_ALARM.wav,6bceb0b041c2feaca7ae84a8e0c8f27fabc63c408c91f95419c33d97989f2e57
vcm_val_013977.wav,fil50_04949_ref_tagalog13_ALARM.wav,8317c395bdab823151194b373c614e4193815a30ae1216393f7e325edbe780eb
vcm_val_013979.wav,,dc075ef654f857c94cad1a8e4ac730dced08352003635c9f6eeb3280ddbb9dbb
vcm_val_013980.wav,fil50_09886_ref_tagalog4_TEMPERATURE.wav,a87d72b93708598dd9cc6267107eddb4c04515a0b647f80fa1a85c12d99bf2ea
vcm_val_013982.wav,fil50_04097_ref_tagalog12_TEMPERATURE.wav,339e731693e47f2f9e7d4e5753af01ae0451ea6bffada24d7f4c37460ef98d86
vcm_val_013984.wav,fil50_01599_ref_tagalog1_ALARM.wav,f15630990e26d3e6d2fb884dbcb7924ffaa16e2afbcd686e5d1a3acff449cdd0
vcm_val_013986.wav,fil50_05784_ref_tagalog14_STOP.wav,fc892d266724b6bbe8e1651bdca2ea448017fdf829d01f925069a6f2bce9d5d1
vcm_val_013987.wav,fil50_03233_ref_tagalog11_NEXT.wav,508b449bcce64256a4468ba9518c6118416b04b05f95c35d24e40e88e0d7fe1d
vcm_val_013988.wav,fil50_09045_ref_tagalog3_COLOR.wav,55e8c59b69b094b5f2b25d55099dae0b81531e76bcb57003888fbe2dbcb51798
vcm_val_013990.wav,fil50_08187_ref_tagalog2_LIST_REMINDERS.wav,01ba9e4fb5f6bb5669d6cae50f4a45f04f7bc49ef7886a7cd83b631aa64ffa78
vcm_val_013991.wav,fil50_10754_ref_tagalog5_LIGHT_OFF.wav,699c9ff06dff491353983a1ba04f702928b4fb106547e6f822e6de704f9b72b5
vcm_val_013996.wav,fil50_13247_ref_tagalog8_MESSAGE.wav,6e27a55601d3d5cb90e4dfaaace627d91342a3941efd871822bc77bbc4bcd9f5
vcm_val_013997.wav,fil50_09887_ref_tagalog4_COLOR.wav,9bd6b10e6466d8968dde0351ebb8d4255b59daf65ec7a844aaee2e16b2d2a6d9
vcm_val_013998.wav,fil50_02442_ref_tagalog10_CALL.wav,b90dec802565c31480b48dc38aa644ae02230ea3971a4554ddcc0428d108bf3d
vcm_val_013999.wav,fil50_04099_ref_tagalog12_NEXT.wav,19efd0fbadc6dc9919126e93d5caf8c287f4d72aeee458d0f0d6cab9654b8f3f
vcm_val_014000.wav,fil50_11596_ref_tagalog6_VOLUME_UP.wav,01b76d50ceb3db731ed9b7d60220b84a8386f30145bcd985c47836cd2e9e3847
vcm_val_014003.wav,fil50_05786_ref_tagalog14_BRIGHTNESS.wav,aeb579b55e22e807050016d58f6806ed439469ee6ac711c1fc10a277afad5d55
vcm_val_014009.wav,fil50_14059_ref_tagalog9_COLOR.wav,5c6948b4dabbb0d27b1d079774c8050ef27d4d5091b419e814c53b6f6c846c37
vcm_val_014010.wav,fil50_00785_ref_ilonggo1_STOP.wav,1d10809207b6e313c9a317ac6073779e6e2a9905d00939fc8e28f9ff8dfb333a
vcm_val_014013.wav,fil50_13248_ref_tagalog8_COLOR.wav,2e07c276422a3501ad1c7bb30c623e3e62cf88d3ae55b096e51a9b9890e888a5
vcm_val_014014.wav,fil50_09888_ref_tagalog4_ALARM.wav,4d3e366c303e3ca4e0d0fa371ce90018bc2d715d38f593f89112f850e00f4043
vcm_val_014015.wav,fil50_02444_ref_tagalog10_VOLUME_DOWN.wav,5bb495fad471c605e034ee30c3657db96b495e528595da43612081abc505ec46
vcm_val_014019.wav,fil50_07312_ref_tagalog16_CREATE_REMINDER.wav,f9b8f9edc20efd26d359c17609de56df42f3daf28a99d94b9bc016a09ae93357
vcm_val_014020.wav,fil50_05788_ref_tagalog14_TEMPERATURE.wav,0518058fdd22dee9a1c9695a182a468a929ca4561633591eac551d1919c60654
vcm_val_014021.wav,fil50_03234_ref_tagalog11_PLAY_MUSIC.wav,cea517d867302a5c49438575a42ee3f259f52d5f3ea913f1cf38baaa70def6a7
vcm_val_014022.wav,fil50_09047_ref_tagalog3_TIMER.wav,e502404c28d56a8061c8b007021d0a004701a2eab8c94fb3c2f687666bfe875f
vcm_val_014023.wav,fil50_12439_ref_tagalog7_COLOR.wav,8529d3568d05f9ba4b591b5fa4c6875bf4a4142417978cacb41d4920899f7596
vcm_val_014025.wav,fil50_10756_ref_tagalog5_CREATE_REMINDER.wav,8b1269176cd2dd2950f5661ba592e54823cfce3c7d15d4b973d500257bea6022
vcm_val_014026.wav,fil50_14060_ref_tagalog9_STOP.wav,f643b61977f776aa6a9e9fb34fd729d2d9eb71a9000a9de7685f4fdde5f3b21e
vcm_val_014028.wav,fil50_04951_ref_tagalog13_VOLUME_DOWN.wav,7839816a3b39d990ce7810671d137b56282dedf8d600800d8e8e42f78108e6e1
vcm_val_014029.wav,fil50_06633_ref_tagalog15_CREATE_REMINDER.wav,f0c14f754663d906da786a538d4d322335955c3b026245c736c45db3f1c20a90
vcm_val_014030.wav,fil50_13250_ref_tagalog8_LIGHT_ON.wav,13b33a41581229661968e12a93949e7f4c3eee69b19034a725cb5d8d3d0c474a
vcm_val_014031.wav,fil50_09890_ref_tagalog4_BRIGHTNESS.wav,f44479608bdd668c66b1486f4bf65ac45bb0ca9db7d7c9e050bed2287a4a6b37
vcm_val_014035.wav,fil50_01600_ref_tagalog1_TIMER.wav,cca1518d83f9b3a42f25538393f3519a924800e4f079d090aa28eae7aa7a365b
vcm_val_014038.wav,fil50_03236_ref_tagalog11_CREATE_REMINDER.wav,b7bc750c76b455eca742963406f1529b5e0d3bea077d793ce8d60cb48281105a
vcm_val_014039.wav,fil50_09048_ref_tagalog3_TEMPERATURE.wav,bd47404c8eca5e83f68586638211dee99a01f1326b276b72de63fe0ffc86929b
vcm_val_014041.wav,fil50_08189_ref_tagalog2_PLAY_MUSIC.wav,6b01e36d7fda48da1e87b0c4a294c3e5bc6bedf8fed84dca16ff8a65a2754166
vcm_val_014043.wav,fil50_14062_ref_tagalog9_LIGHT_OFF.wav,5768ef6e93cd04c3113fc5c9cff969185279d656646fc89d05346caea2585234
vcm_val_014045.wav,fil50_04953_ref_tagalog13_VOLUME_DOWN.wav,9f7682e16de3ccd876ad96de51e12637fa66355ecf041eac7abe315dce659cc1
vcm_val_014046.wav,fil50_06634_ref_tagalog15_LIST_REMINDERS.wav,767c1d4477a2d950b26bb785b8e1867c4d9bbd5c1cd36363a6cf479773447e06
vcm_val_014047.wav,fil50_13251_ref_tagalog8_CREATE_REMINDER.wav,f8a28756a9ff3bab3e1a1af2de338687aecebc6dbe5e5bdc73c5aab1165bd723
vcm_val_014050.wav,fil50_04101_ref_tagalog12_ALARM.wav,1c1a15d6fb6e1127c898fad1ffe22550f790bd55ce608451f0a6947f028408b0
vcm_val_014051.wav,fil50_11597_ref_tagalog6_TEMPERATURE.wav,cb2954a3fc7084bc62506bc98f51d9bdcbffe87a3b6e3806a310729988618cda
vcm_val_014052.wav,fil50_01601_ref_tagalog1_NEXT.wav,9c4b1364d7811dac87fb90b3f2f467412eaa9ac3549b6c410af094549ce7f3ac
vcm_val_014055.wav,fil50_03237_ref_tagalog11_CALL.wav,5df699aa05597e232adcbb388df520fb70ca7a2b5f7f0cbc61fe2daab37736af
vcm_val_014058.wav,fil50_08190_ref_tagalog2_TIMER.wav,717f7c0de52a83ac7a0e2a5b9b24f2b90b2741074131b536736ce3a6e29c06c8
vcm_val_014062.wav,fil50_04955_ref_tagalog13_COLOR.wav,3f7b7e6e672fc7beb2cd13c97746bcbf9c002e1f0aa540b06c5e722829ab2a5a
vcm_val_014065.wav,fil50_09891_ref_tagalog4_ALARM.wav,c7f03b3d4079fdb0aedd9235621ab10a5d74d81f34fd285ea52b9c6485c9017a
vcm_val_014066.wav,fil50_02446_ref_tagalog10_CREATE_REMINDER.wav,efe3a4234d639da458353192300661cb99882068fa80e8f4d98789a265f65f97
vcm_val_014068.wav,fil50_11599_ref_tagalog6_CALL.wav,e99f8493f688291d5e21467532078687240942ec2a615f205e97db8ff971a904
vcm_val_014069.wav,fil50_01602_ref_tagalog1_LIST_REMINDERS.wav,0bdf63724925f8dbe7d367ac77ed1a2d8b25113af0da0dffadc387b1513f61c8
vcm_val_014072.wav,fil50_03238_ref_tagalog11_NEXT.wav,39deeacce3f8a5fbb405608a508a216f084d5c1d51a7e6a527323211c1e1ed4e
vcm_val_014075.wav,fil50_08191_ref_tagalog2_STOP.wav,03f5926ec4661110668afab0c1292e4bc55de818acb63607936c5bb000e0ea3e
vcm_val_014076.wav,fil50_10758_ref_tagalog5_TEMPERATURE.wav,83ff9ef686d93c41a2f370820150268bade79efdfa07174959d5aaaf72b21a54
vcm_val_014077.wav,fil50_14063_ref_tagalog9_STOP.wav,1b538a66acc6a38d6aeff04423d9b855fccb01b84407fd2c250f1e4f8552a91f
vcm_val_014078.wav,fil50_00787_ref_ilonggo1_ALARM.wav,bc45dde36a6ed16496b54096ca71f8e4be03e3bbcd7e9492850d18c97269d604
vcm_val_014079.wav,fil50_04957_ref_tagalog13_CALL.wav,6ba40dcf0c38dda51e24d7aa68b5ea5a188daecff3e9abd15330d8c4dc162a8b
vcm_val_014081.wav,fil50_13252_ref_tagalog8_COLOR.wav,99776d48011519f41abfea01626f78243106ba83c2b9d15140ba058a3aad792e
vcm_val_014088.wav,fil50_05789_ref_tagalog14_BRIGHTNESS.wav,5f335e4a21eacd681e551e2fedce0c2c503415765a37b0defccd8dcc70b3f2c7
vcm_val_014090.wav,fil50_09049_ref_tagalog3_PLAY_MUSIC.wav,1d1e31ae135c68c90eb61b58154c0abb38b24c5f756866c04a730551d10ba222
vcm_val_014091.wav,fil50_12440_ref_tagalog7_ALARM.wav,b95788321102796d064e69dd849ff0a0992181d81998c4ec72e99d4d10162aa8
vcm_val_014092.wav,fil50_08193_ref_tagalog2_NEXT.wav,a8eab66652e01702845d71cfdd754fdc06f1056d578a2e3b4bffa66087a25720
vcm_val_014093.wav,fil50_10760_ref_tagalog5_PLAY_MUSIC.wav,2433f6186ad6ad291adb53eed71bd96fbe1cb6f022edad7f23f81729bf2a5f89
vcm_val_014094.wav,fil50_14064_ref_tagalog9_STOP.wav,d9af53e1d400bf4896a6be8251aa8eaf083faf3ca2f1888fcd17c3b4536144ef
vcm_val_014095.wav,fil50_00788_ref_ilonggo1_TIMER.wav,0dad3dba63a834051bccc835db148f99273eb2b37d14e77c3bf349f65ddae529
vcm_val_014099.wav,fil50_09893_ref_tagalog4_COLOR.wav,16628382f245dc0cee07af7d86be0c3cedb6496ec66fc53b37ccfa04f6306cc4
vcm_val_014101.wav,fil50_04103_ref_tagalog12_BRIGHTNESS.wav,3c42d9166ebe8e135fecbc1e8d6bb8f59022a0447764e9dad9f5965d1143df0f
vcm_val_014102.wav,fil50_11601_ref_tagalog6_LIGHT_ON.wav,588adb90ece3c8b7419c3c55d51ee7c4496e976c63ef8da77af4ea4bea7137ae
vcm_val_014105.wav,fil50_05790_ref_tagalog14_ALARM.wav,f0deff0bb54b9c0b205bea159bc487c342601feda36dc3ad70bdcd2b4c75e9af
vcm_val_014106.wav,fil50_03239_ref_tagalog11_BRIGHTNESS.wav,ea3208d404a1fbc26bfe4b8eddd83a7dc8e1a8cea72b310a7f4670daacfb31b8
vcm_val_014107.wav,fil50_09050_ref_tagalog3_TEMPERATURE.wav,0377c9952c8b32515f37a16cd3ee4303c1aa0f6ad1876695bd72b0e9dccd0f73
vcm_val_014108.wav,fil50_12441_ref_tagalog7_TEMPERATURE.wav,ff4eccd0337356bcbcc39bf6e9eb7077bc417597fe4c30aa3a5dd0cf7b68a7a4
vcm_val_014109.wav,fil50_08195_ref_tagalog2_ALARM.wav,ec97d4dbdf6d3c81deccd1ba163ad5225a2464e0d8a9a4e6001d2f07359d436d
vcm_val_014110.wav,fil50_10761_ref_tagalog5_TIMER.wav,5b9d026517b492e13461fe7f91e40d84a085a4f47b636105d70604b0f1cf24d9
vcm_val_014112.wav,fil50_00790_ref_ilonggo1_CREATE_REMINDER.wav,7b4dc961a8e6fcea0ee083ba07ba603eef87ff7fc51c058d2b4fa221fadc4b21
vcm_val_014113.wav,fil50_04959_ref_tagalog13_NEXT.wav,47fe23180e84ae28925c3d22fa99d441e1f8508e770b81cdd67e34e6435b06e6
vcm_val_014116.wav,fil50_09894_ref_tagalog4_TEMPERATURE.wav,0d9f0b49f4bfe9653e329d1bc5e8c13858e5ae2aeafdcd954dff7bd375dbffba
vcm_val_014117.wav,fil50_02447_ref_tagalog10_CREATE_REMINDER.wav,83f8fd338a2454f4b1ead5a5295b8b0286827da4b1348f6a902e87076f725e69
vcm_val_014118.wav,fil50_04104_ref_tagalog12_TIMER.wav,ed5158d6eb1e0494c1f82a4ac2b1ccd923d2c0b9806c7a5c6b7f689dabd6a85c
vcm_val_014119.wav,fil50_11603_ref_tagalog6_STOP.wav,0da57c35638887db5d2cd6c6c7ac1d9553719b144cf3a7d4530907017ea082a0
vcm_val_014121.wav,fil50_07313_ref_tagalog16_ALARM.wav,1520513299488c6e26871a5a65623aaef1bbb8295908721889988ea8af282568
vcm_val_014122.wav,fil50_05792_ref_tagalog14_TIMER.wav,04a94a2f371ef0e2ce56c4d930562c5215041d280bfce15239d1a44a2f40da38
vcm_val_014126.wav,fil50_08196_ref_tagalog2_ALARM.wav,483ce85f9cabc534a7b45866bac7678c2de81d8a04418f06cb2e29d9668a276f
vcm_val_014127.wav,fil50_10763_ref_tagalog5_TIMER.wav,fab947e5419044f5aa5948352732c3735637b2639255e9603e253e1ddb58c24e
vcm_val_014129.wav,fil50_00792_ref_ilonggo1_VOLUME_UP.wav,6bd0274dd95a7dcfe19259fbecd2381973510477dc88099ef14f69bc55e71f1d
vcm_val_014130.wav,fil50_04961_ref_tagalog13_NEXT.wav,32392584588f159a5b574e516c7511c0fbac87dc110fbcc534dbce8683026b67
vcm_val_014131.wav,fil50_06636_ref_tagalog15_LIST_REMINDERS.wav,9d893bbe35adfb0d7cf7dd513ccf160a39e1ccabacb834caaaa146e4671b623f
vcm_val_014132.wav,fil50_13253_ref_tagalog8_CREATE_REMINDER.wav,ad8b1cd0eb32c69ed18f2d946ad0466304f0566b27743abd1f36dff40b003cee
vcm_val_014135.wav,fil50_04105_ref_tagalog12_TIME.wav,88311fa103ffa889ba501ea7aaecdbd65a8ff84b6123a08cd38e6d01be752ce8
vcm_val_014138.wav,fil50_07314_ref_tagalog16_CREATE_REMINDER.wav,cea5bc063aca9e050f7107d4645c23ac4cf5f4b19aabda4222362b54e05439ed
vcm_val_014140.wav,fil50_03241_ref_tagalog11_ALARM.wav,151a9865f6a62ae88ea3e38aa9cbce6c3f58ead6179dbd523af0076554de4839
vcm_val_014141.wav,fil50_09051_ref_tagalog3_ALARM.wav,f6237659829d560143635f0be6cdd18d1ac2cbac4f450dca81ed4c7b5c376c53
vcm_val_014142.wav,fil50_12442_ref_tagalog7_TIMER.wav,84a724d1ff7b6ac19d9203d4b707cd2aae543f56639f961400053f3664fd2046
vcm_val_014144.wav,fil50_10765_ref_tagalog5_COLOR.wav,eba8699e7f8787eb97e524a192df0edce47704f91a773b99d6eada847c8f108d
vcm_val_014145.wav,fil50_14065_ref_tagalog9_COLOR.wav,aec72c9e9779603b3fdb30b61c43b1ff68ed0979ff4dfa0743c6b2ccb062cd5a
vcm_val_014146.wav,fil50_00793_ref_ilonggo1_VOLUME_DOWN.wav,a3acd90a9a9af8eaa1039187d8995e39590b1b9aac44005f1e9ca04d5b4b2f63
vcm_val_014149.wav,fil50_13255_ref_tagalog8_LIGHT_ON.wav,11faee42bc5cf964fb9eea56034c054e975446d950afbf4245aadfa504861411
vcm_val_014152.wav,fil50_04107_ref_tagalog12_BRIGHTNESS.wav,16e23442baebe22fd7734cb8d7235e2e1a4823b3adadd3938b55ec3e56b3f797
vcm_val_014154.wav,fil50_01604_ref_tagalog1_ALARM.wav,970c8af6619680e9407ac2800511f958fe6a9940de48799c44ad0c7e1e319cd6
vcm_val_014155.wav,fil50_07316_ref_tagalog16_LIGHT_ON.wav,19ecc90ce471101318c3dc94201ee64ad351b2479d8fc9abdaae0943649a54ea
vcm_val_014156.wav,fil50_05794_ref_tagalog14_BRIGHTNESS.wav,b7d91f9d8371ce1dbdf84041dacf0d4eae05b8e8141ff800f3c1f185da7ca3a1
vcm_val_014157.wav,fil50_03242_ref_tagalog11_MESSAGE.wav,1f654f6754e618939ef8bdcaa8be424a2716fac7845dadba413acf63884a2df2
vcm_val_014158.wav,fil50_09052_ref_tagalog3_COLOR.wav,4950b92fbca7aaaee2464452ee9f2b7ae482a1e92a738574cb6f16fd61e14030
vcm_val_014160.wav,fil50_08198_ref_tagalog2_LIGHT_OFF.wav,1c3ae8c81af395f3f769d934a0a47dcdcabc9fa8e3f8cc2c0c6c5b39fc0fe04f
vcm_val_014161.wav,fil50_10767_ref_tagalog5_NEXT.wav,70e2f4a1bb89cde2acc7632de32563403c63f2185a9253fce9835ae9b6ebd36d
vcm_val_014165.wav,fil50_06637_ref_tagalog15_COLOR.wav,c2ff6dade2f1be665bc3f2ef23922cd8b27f05f964b0b3bebc0ad8217457472b
vcm_val_014166.wav,fil50_13256_ref_tagalog8_PLAY_MUSIC.wav,e1b88f1d7f0f5b5ae08826a51a379c795426ce53d46b466811d5a805c0c53d68
vcm_val_014169.wav,fil50_04108_ref_tagalog12_LIST_REMINDERS.wav,ac8d8850039cce3992157c7dd555ac09f2399698c03f5840b7b5eb8440ecea3b
vcm_val_014173.wav,fil50_05796_ref_tagalog14_NEXT.wav,ef1649a398a777f173050188d86374bb5dc98e1247de9bcd53e817ec4596a896
vcm_val_014174.wav,fil50_03244_ref_tagalog11_TIME.wav,21c8a6e04c912412ff5c8b8df5c30f2dd12ec8d5d91d01ae7f1ca99f40611970
vcm_val_014175.wav,fil50_09053_ref_tagalog3_NEXT.wav,667ef5a68a12a191429fe5210b6c5ef18be8f1d747b05e39bc4f47c8a57365c3
vcm_val_014176.wav,fil50_12443_ref_tagalog7_ALARM.wav,8c2d656558f516cf508db79efca7c795cd4a82f108f5a3b6a304370e959acaf2
vcm_val_014177.wav,fil50_08200_ref_tagalog2_STOP.wav,133ff967b523fe8689a144e90d43753f6cd4b5f3aaa1578a94e66d865fd816c0
vcm_val_014178.wav,fil50_10768_ref_tagalog5_LIST_REMINDERS.wav,5628dd4f49b79be0be0586ced0b65d6a631cdb8b9d21663560f2e0b27e8b7a43
vcm_val_014180.wav,fil50_00794_ref_ilonggo1_TIME.wav,f05d2debdea2f4e7045d53974caed99484661f6868417968330c082f852d70d8
vcm_val_014182.wav,fil50_06638_ref_tagalog15_ALARM.wav,907018bb56f935e00143adb42bd8f25ef865bc56b44a8a937e519797f7ab31f0
vcm_val_014186.wav,fil50_04110_ref_tagalog12_MESSAGE.wav,2a678f62c7c0e4d190e0c58e67d14e60e1e9fa939696da5c731beecbfda4965e
vcm_val_014190.wav,fil50_05797_ref_tagalog14_NEXT.wav,0bc9de0787a96c4d2e8fbae81b9b18647d12a2fe7a6b714c4e7144a52a8556bc
vcm_val_014191.wav,fil50_03246_ref_tagalog11_CREATE_REMINDER.wav,8d75f793f0d9512fcfcb704c386ef56c71cae42c48c4a8c69aca13f70bcb9c67
vcm_val_014192.wav,fil50_09055_ref_tagalog3_CALL.wav,39842d8c3a48723f53fca1330420ae2b00fbe631b33dd2e58bb2a38979461faf
vcm_val_014193.wav,fil50_12445_ref_tagalog7_NEXT.wav,153da401bc2dfb0e182b3dc4c666703b021822783c452364130f80431f0f0eb5
vcm_val_014194.wav,fil50_08202_ref_tagalog2_ALARM.wav,2c9f8f5288d1cdced307ba2bd4808cf866f643ec5dc806d685742d8734f37886
vcm_val_014195.wav,fil50_10770_ref_tagalog5_ALARM.wav,e981bd31e69fe1504db22f6fd9ae135334e2506620ef82948841c3e2ff5c392a
vcm_val_014196.wav,fil50_14067_ref_tagalog9_COLOR.wav,5930a98a3e3a1795e04290c57a591cb4593835391f91e3cfaaf700369414fe4d
vcm_val_014198.wav,fil50_04962_ref_tagalog13_NEXT.wav,23da63f583a8dd276ac3a9cbb9bbd5205c6dad5fd04d0a7fef93a335e0829292
vcm_val_014201.wav,fil50_09895_ref_tagalog4_CREATE_REMINDER.wav,60b3ffa7ed07ba9050d7f35bec83ad53ae74b44187a96387daf641ff8cda24c0
vcm_val_014202.wav,fil50_02448_ref_tagalog10_TEMPERATURE.wav,82c1bb379fbe6f3b0474ed170ddd4ceaaa8720e4279c41efbeea8c08175a29d6
vcm_val_014203.wav,fil50_04112_ref_tagalog12_PLAY_MUSIC.wav,dcb322553c25b9746cb475ac9973dfdffea9d95a21969a1d4a7123288fa23825
vcm_val_014205.wav,fil50_01605_ref_tagalog1_CREATE_REMINDER.wav,b6a9cdd22d41cd02b232ce0a9868c4ea7a350e2c5e8a17fbabfcfff132e77b12
vcm_val_014206.wav,fil50_07317_ref_tagalog16_VOLUME_UP.wav,ebb317f2d97b174515a5e3f5a4d737cc2d7f572f83077a4133961ca3aa4d7fa3
vcm_val_014208.wav,fil50_03248_ref_tagalog11_LIST_REMINDERS.wav,69f073a13552baf692f7359f5d76208367c4a9c3a022e3e3db190cbd7c93ac13
vcm_val_014209.wav,fil50_09057_ref_tagalog3_NEXT.wav,72d69d4bb86eec9697e864cdf5c6efd4d86673982c7fa9bdf74fcd215c9d5a2e
vcm_val_014210.wav,fil50_12447_ref_tagalog7_NEXT.wav,0ea4f4ef16babc1efd6f3c453843c125d84fb53d7bc16f75ccbbb5150ae35de6
vcm_val_014211.wav,fil50_08204_ref_tagalog2_NEXT.wav,e958ccc02d3d37bae010d2e3428af0bdb3079fd2154688c2f8039ab74dd25d05
vcm_val_014212.wav,fil50_10771_ref_tagalog5_CREATE_REMINDER.wav,e1074c0f039a66d151c238a6e2871f4d460ba714c1e96d8b9049790c76d575b6
vcm_val_014213.wav,fil50_14068_ref_tagalog9_LIGHT_ON.wav,fce58f5ed05580501caf6082471a3688f4320be3f6826530771b85e1dd2001cd
vcm_val_014214.wav,fil50_00796_ref_ilonggo1_NEXT.wav,923cce69af5054ba71e02f155c11046d02ad56938f23f306e31e2a690267fcd0
vcm_val_014215.wav,fil50_04963_ref_tagalog13_NEXT.wav,d4ce82db1300bd9c0d7fb3352b714544fc4709d30598810cd9857136392381f0
vcm_val_014216.wav,fil50_06639_ref_tagalog15_NEXT.wav,8b181e070eb8fbd36a54ab826bdcb513f8c5bff1517aad7c05ad6c85bb7019e0
vcm_val_014217.wav,fil50_13258_ref_tagalog8_NEXT.wav,d296caeb32d40e7fe1f815ed7456377f0d7c0c60b0c614db1c12b6a6947bdb8a
vcm_val_014219.wav,fil50_02450_ref_tagalog10_NEXT.wav,adebac323ea486d43d916c4348de52bf06f5ca3910d2750c3e93b3cb66673bf1
vcm_val_014220.wav,fil50_04114_ref_tagalog12_CREATE_REMINDER.wav,c4be168f415b1af6568ecbf53ee7aac1fab411efc021ebeb0bf34791eb31e4e1
vcm_val_014221.wav,fil50_11605_ref_tagalog6_CREATE_REMINDER.wav,a97338121f760d01e071f14c438cd656e167f44635c732b8fc220bdc1e4437bb
vcm_val_014222.wav,fil50_01606_ref_tagalog1_LIGHT_ON.wav,fe8a579455210f49a925bd42e84e1766243f005df60076e9fb40f52ca020168a
vcm_val_014225.wav,fil50_03250_ref_tagalog11_LIST_REMINDERS.wav,0da33a67dd0abe492a1d3ab13e04fdfa48dc4d5bc3167dff516e711e4fbe0a32
vcm_val_014226.wav,fil50_09059_ref_tagalog3_NEXT.wav,67ed56bb0460ffbc6a1eb983735744e48af625207a24775b1434472ed6f6d483
vcm_val_014227.wav,fil50_12449_ref_tagalog7_LIGHT_OFF.wav,62b830fb44d639736098efc2b21b561a4769ed3794ca7ce7c8c0266c13e51a26
vcm_val_014228.wav,fil50_08206_ref_tagalog2_TIMER.wav,5a32c44b0fa95feefd3b820b78d32fdda6534eee7ee6b7da5235a9945ff5be2f
vcm_val_014230.wav,fil50_14069_ref_tagalog9_STOP.wav,b6bd65842eecca9ca161e4a8f72ce5191a45428bf689dce764fccba28f2732d5
vcm_val_014233.wav,,7a0dafe5f75358c255a07e177294704fbc03ece490b4eab6fa38361386d59c9e
vcm_val_014235.wav,fil50_09896_ref_tagalog4_TIMER.wav,629730f439f01fcc56cd1006caaed3a3a7e7298c5a8b2ce1a7d6092ba94ebfb0
vcm_val_014237.wav,fil50_04115_ref_tagalog12_WEATHER.wav,f38e4a7220ee4b2d5b22d8d9cfad37a7b6f7c97586fff1f7bc7425459b0a3a19
vcm_val_014238.wav,fil50_11607_ref_tagalog6_TIMER.wav,e622db05ea54ed552fb8570f7ee674a4eaf084e8ea5fb9f395cc9346ab9c03c2
vcm_val_014241.wav,fil50_05798_ref_tagalog14_WEATHER.wav,5d93c6a6de20a9d2f114f93b73fa9b7327aba7d661af94b42f2b584ba186da7b
vcm_val_014242.wav,fil50_03251_ref_tagalog11_WEATHER.wav,34f42334f02dcb63d9ee4d1875caa4abca5e95787271ca38367792e79103bf8d
vcm_val_014245.wav,fil50_08208_ref_tagalog2_TIMER.wav,a5bad09fde9f712e91dfbe38c4c7821769232a0805d5cb8f1c69e51d92e3cfe3
vcm_val_014246.wav,fil50_10773_ref_tagalog5_CREATE_REMINDER.wav,81360ae17eb9567fae20ef295bc52bf0533b6d5dda29da4a1fd3059830a7c9fd
vcm_val_014249.wav,fil50_04965_ref_tagalog13_COLOR.wav,a4e755ff166da88fd74a93931b9f95ce8dde10ac832ad1f0f346a1e8eec109dd
vcm_val_014252.wav,fil50_09898_ref_tagalog4_COLOR.wav,34beb0276ff8ee10aae12d1d26bc348a855722ed34021a42d61a3cffeec9934f
vcm_val_014253.wav,fil50_02452_ref_tagalog10_COLOR.wav,3860a0eca3db9d16c4b9d6b7c10a38a3062723b6c72d6f32fcf81cb2c8d9a6d5
vcm_val_014254.wav,fil50_04116_ref_tagalog12_TIMER.wav,ff517e6d70e1c4c3f79bb1eda520555c57f95e66a276495cca72ae26a732749b
vcm_val_014255.wav,fil50_11609_ref_tagalog6_PLAY_MUSIC.wav,8e519d3f0086fac22cd0677ccf9856b59608531fbda8800e039e15ae862f4c00
vcm_val_014258.wav,fil50_05800_ref_tagalog14_TIMER.wav,394ece093e7d0d168349f38a182a47c346581d0a0fe5f20ccf8c5efcc3ad8313
vcm_val_014259.wav,fil50_03252_ref_tagalog11_VOLUME_UP.wav,ba78e7eb1ea7c35e5d941b940c605377627e5db0a01cbc82799e56e9866c1af4
vcm_val_014262.wav,fil50_08210_ref_tagalog2_NEXT.wav,4145eb5fcd7742fc31c8dd05de2aa4a8bb9ec59e0f36381c4d53d1d1460071fb
vcm_val_014263.wav,fil50_10774_ref_tagalog5_VOLUME_DOWN.wav,374220526e2ee1e2b3aa76c97a447772ddaae7e661b650eda3b3fdbf59ed445d
vcm_val_014265.wav,fil50_00797_ref_ilonggo1_COLOR.wav,d0c462185ff210bf56297916cb10af8ae4723b8198eeb1cccec5764d804893e6
vcm_val_014267.wav,fil50_06641_ref_tagalog15_VOLUME_UP.wav,ba6ca355f5c5a6bc747714a5cb04ae433736c018e58ab50622b466d51f13ffb1
vcm_val_014268.wav,fil50_13260_ref_tagalog8_NEXT.wav,d30ce11a1360b732931808f588c55b44125bb9b8f617407840a9bddd157ac4fe
vcm_val_014269.wav,fil50_09900_ref_tagalog4_LIGHT_ON.wav,c8d6affb37c480c00998744284ba4762dcf62e296e60c5d25c86d7064829e427
vcm_val_014270.wav,,de606a4b7589216da4da1ee8481757c44dca915fb94f6b2f5803fdba61032231
vcm_val_014272.wav,fil50_11610_ref_tagalog6_CREATE_REMINDER.wav,c6228fec3fb9e4eb0db58af79ca06c4a93838988fae876205ddb609a0bac522e
vcm_val_014273.wav,fil50_01608_ref_tagalog1_VOLUME_UP.wav,c69965c03dbf6ce0b59422d328a758e3c92163f7646c5f43bed9a0836266b537
vcm_val_014274.wav,fil50_07319_ref_tagalog16_COLOR.wav,fd9626b06a171fde7a95285519e7390765482d5d0aff012f66edab7c5d3b6d0e
vcm_val_014276.wav,fil50_03253_ref_tagalog11_TEMPERATURE.wav,3ad6939748fb00d48512ef4db062ae6b324940ea48d0c0106ea6cbba65b7cd04
vcm_val_014277.wav,fil50_09060_ref_tagalog3_COLOR.wav,26cba94cdddabc16985db3c6cf04c9f33cd07d1f94f68c4eb6baa9673c291410
vcm_val_014281.wav,fil50_14071_ref_tagalog9_CREATE_REMINDER.wav,3a8a8f69c74a8f042999465fdacb4f73eb461f7ce6b2a2c2da2f42b3de61f4f7
vcm_val_014284.wav,fil50_06643_ref_tagalog15_COLOR.wav,cdb56521aed39d1c40d0b2a3635516bf9304840b7eccd243c2847479c89a814f
vcm_val_014285.wav,fil50_13261_ref_tagalog8_LIGHT_ON.wav,7f99893dc1fa771b9ff2b7a0a65fe5f3feb236790d76342aeef49e330c69c1c7
vcm_val_014287.wav,fil50_02453_ref_tagalog10_LIST_REMINDERS.wav,04da43b7303e75abb49f312d81ba01ac22b416bd11601b45372ed7ad1eaec392
vcm_val_014289.wav,fil50_11611_ref_tagalog6_PLAY_MUSIC.wav,360c69c41a74b82e0a55f45c495f1c9a7c037eeee5b1fe31533c1aa2e3e1c8e5
vcm_val_014290.wav,fil50_01610_ref_tagalog1_TIMER.wav,bedf3bac36694860f784c0ede5302847065eff5e1680db197e1972cf21c37790
vcm_val_014292.wav,fil50_05802_ref_tagalog14_VOLUME_DOWN.wav,35f3909ef574d3789bfc97b8c5abe62f0a9aebf910505aaaf06ff6586e5c635e
vcm_val_014296.wav,fil50_08212_ref_tagalog2_ALARM.wav,aafb947297ae3564b6bc28ccda7f39b525e1eeaf542e0d3ce0d4b0e6c2f5d09f
vcm_val_014297.wav,fil50_10775_ref_tagalog5_MESSAGE.wav,b204444e6e958fff926a247f69e54f337ed8f31c74be651b3326356c4b1f14f5
vcm_val_014298.wav,fil50_14072_ref_tagalog9_COLOR.wav,bb91127b8d1224c0446618830e7fb41fe998b778d8f33139a7f2929015da7c92
vcm_val_014300.wav,fil50_04966_ref_tagalog13_ALARM.wav,a1d298b62631b668bd2237278828e548518879e262b8432a97e2a515baa1be9b
vcm_val_014302.wav,fil50_13262_ref_tagalog8_WEATHER.wav,65f34f4fd98cb2e76bd08efd437014f9a508393979e57a8e568b39c264ac53cd
vcm_val_014304.wav,fil50_02454_ref_tagalog10_TEMPERATURE.wav,c96cd98d4de4ce7c14830f9c8800cb8576119b35fcfd615cdbfc33fa7984b81f
vcm_val_014306.wav,fil50_11613_ref_tagalog6_MESSAGE.wav,c65e32b9e5d66c3124454ffc6796171047ccf28c38d8d53ed7744133029067f9
vcm_val_014308.wav,fil50_07321_ref_tagalog16_NEXT.wav,a03fde360d03e4ab88e4e8b516c3988ffba613b2a742f94d47b1c51fe58ba699
vcm_val_014309.wav,fil50_05804_ref_tagalog14_BRIGHTNESS.wav,fc1c00dfb20a00ba4f8f6179548a1874cdd7742208eb4d5aba30b1d40cf5535e
vcm_val_014312.wav,fil50_12450_ref_tagalog7_VOLUME_DOWN.wav,79dd05f577af055981fec193715ac50355c301c129e06b3520587db7ea69de6a
vcm_val_014313.wav,fil50_08214_ref_tagalog2_BRIGHTNESS.wav,19919d905154b55b8bdbe6f5d443210c7124cfff888a29300818423f4020833f
vcm_val_014317.wav,fil50_04967_ref_tagalog13_PLAY_MUSIC.wav,508705e6043a3861fe9b3f19800746ec324916d89e8582add1da8c35587a4a34
vcm_val_014318.wav,fil50_06644_ref_tagalog15_BRIGHTNESS.wav,7eb1ff116bef9fb5e4d4a098b74c1834b0a9d51fc76ec65fb10be8cb36c6d624
vcm_val_014321.wav,fil50_02455_ref_tagalog10_NEXT.wav,d22e8ae97813c0b9452fca80254c55bf5ed54dff491ec0c3c55c524d7c3e1cd9
vcm_val_014324.wav,fil50_01611_ref_tagalog1_NEXT.wav,b836f96ecbd855a654a54f993ac2c23610fa0228da6a2cab114b1ef2475f05ff
vcm_val_014325.wav,fil50_07323_ref_tagalog16_VOLUME_DOWN.wav,e9672eb2837c4da1536edf0a9db36e811f328aed1e28d3b1738b36f07d7a2e2c
vcm_val_014326.wav,fil50_05805_ref_tagalog14_PLAY_MUSIC.wav,ec1f0959f2fda06c4ffcdd3ea36b4fc3a42eef0e8701d891127e8687208224d4
vcm_val_014331.wav,fil50_10776_ref_tagalog5_TIMER.wav,b9dc96d01eb1e5b9ff3664fda4695be16258112a1dd6e5f7fdd7397cfc014da7
vcm_val_014332.wav,fil50_14073_ref_tagalog9_TIMER.wav,c49538962e9c1a58d00d1c4377f2bd9f941dfe5bf21ad2bd7a82c22dcb5fd2c8
vcm_val_014333.wav,fil50_00798_ref_ilonggo1_LIGHT_ON.wav,52a8035c67e22d373fdce0d3c2880121125c850f4c885b4c5ff2a3a82488cf6f
vcm_val_014335.wav,fil50_06645_ref_tagalog15_LIGHT_ON.wav,8e435d85ec9129d4d63ee0bc543da9c0968b29483e75e6049617141a4532d363
vcm_val_014336.wav,fil50_13264_ref_tagalog8_BRIGHTNESS.wav,5f154530e64353becfa353323770ad9cd031c26b1c0eb702bda7503658a9c200
vcm_val_014337.wav,fil50_09902_ref_tagalog4_TEMPERATURE.wav,bf712a624023559537aca2b54ab13f4f6d67cc4d0997bd8c4af6375b41da3fc2
vcm_val_014339.wav,fil50_04117_ref_tagalog12_TIME.wav,f227819b37ff38c9cbbc4326b5db4a241941e6f90dc9f71d2d9f98d90b0efb47
vcm_val_014340.wav,fil50_11614_ref_tagalog6_COLOR.wav,44088ceb1025dd00514580b1af8ce8eb8750345c43980e03659c6f26390da231
vcm_val_014341.wav,fil50_01613_ref_tagalog1_CREATE_REMINDER.wav,c433e13431dc4dcee2dd115de590b9631e485ab5898db6c64eac848aedfa700d
vcm_val_014343.wav,fil50_05806_ref_tagalog14_TEMPERATURE.wav,04a503ea712e58c691ff296278c978c43409e28bf7541ba218f1c3f9eb399eaa
vcm_val_014344.wav,fil50_03254_ref_tagalog11_TIME.wav,e7ed90316f172da2ae9830ca6aeaad25ddc0701f0f15992c618b65b70446db06
vcm_val_014346.wav,fil50_12451_ref_tagalog7_MESSAGE.wav,3fd282b1b2d5cc3aabdc646c5891a627263ecc56b05e2fbe45a79a9fc6eca8f0
vcm_val_014347.wav,fil50_08216_ref_tagalog2_TEMPERATURE.wav,30b15b2731c5f89b90d1de96112c8f61fe4dd29631511933fd12dd112618461c
vcm_val_014349.wav,fil50_14075_ref_tagalog9_LIGHT_OFF.wav,ee4b0488a949a6cc8c9cb88ed87073e713a80187caf92a45f92343cd50d3f151
vcm_val_014350.wav,fil50_00799_ref_ilonggo1_TIMER.wav,6440a2505df59b7fe6aad63e154547307fdaf3d084546cf9077429377c218da5
vcm_val_014351.wav,fil50_04969_ref_tagalog13_NEXT.wav,6f99fcd7b0ea606d99e80240ee49e09cd6fab7f43d29a1d69bb52c2bb7181288
vcm_val_014352.wav,fil50_06646_ref_tagalog15_LIGHT_ON.wav,b246a9fdff7eb21a80bd4de0564422c93b52b70d31507ea61d4c827306249c51
vcm_val_014353.wav,fil50_13265_ref_tagalog8_BRIGHTNESS.wav,4a86c9dee8ff5578d7ce03c8e0608e707b1d6e88ff27956d62bb50ae48dd3fd4
vcm_val_014355.wav,fil50_02457_ref_tagalog10_CREATE_REMINDER.wav,12f8cbd1b79760afe61ca973eb79c4854edccc681ef81cef2a4884f79685f335
vcm_val_014356.wav,fil50_04118_ref_tagalog12_TEMPERATURE.wav,8c1922a0d43e625db41f07250aeac6116fead2e8f391e425ef049db6c3e857fd
vcm_val_014360.wav,fil50_05807_ref_tagalog14_NEXT.wav,13391161d4aa69f6a4bebadc71423a24c931b316ef8ed04f58b83bf70caa01d8
vcm_val_014361.wav,fil50_03256_ref_tagalog11_COLOR.wav,63d5a46c7833772e1b77a1732c523dfce2d3293a949159c1d13b13695a6048ce
vcm_val_014362.wav,fil50_09061_ref_tagalog3_CREATE_REMINDER.wav,8902b4e43165c50358ed415c37861e662e3f239c38604ed3ebef55b37036b695
vcm_val_014363.wav,fil50_12452_ref_tagalog7_VOLUME_UP.wav,a0185f4be363c5c4e1e35e200e78ec667316fff93ec1787a000f3f94c1ffe2bc
vcm_val_014364.wav,fil50_08217_ref_tagalog2_TIME.wav,609e185e423496c98665c4f862896a59ab843faf67fbbb1da37205ab8989f6ae
vcm_val_014365.wav,fil50_10778_ref_tagalog5_ALARM.wav,2ba0aa21b3df7275c88a9adc1f28d0c734616ff4801ca8986540785e1cd1a634
vcm_val_014369.wav,fil50_06647_ref_tagalog15_COLOR.wav,3575e2600fccc79f5c5bb72e7ca43ed55a17137a5d937ac9db1fabb7092edb8e
vcm_val_014370.wav,fil50_13267_ref_tagalog8_BRIGHTNESS.wav,2a9c718e4cf89cb94be96babf147d0a596f4af27a1f58d0aa51d258e91cb40dd
vcm_val_014371.wav,fil50_09904_ref_tagalog4_TIME.wav,5c096140d9b773a5b0393b1ac3271772140d901ceeba9dc1f7d3ccb0b92d479e
vcm_val_014372.wav,fil50_02458_ref_tagalog10_NEXT.wav,a249a81a52c0c3957f9f718422dfc8badc008f36c025182cfbe2998ca24d3d7e
vcm_val_014373.wav,fil50_04119_ref_tagalog12_VOLUME_UP.wav,528dedcb5481138425ac123f1ea37e9a5d283621b53bb4e0b23edfcfd435558b
vcm_val_014374.wav,fil50_11615_ref_tagalog6_ALARM.wav,a822e4be22ffff60e31dcbc498970cb56fe22dd9b1d066625fe43510529ef547
vcm_val_014375.wav,fil50_01614_ref_tagalog1_TIME.wav,7ec1c95196072beeb8e78b28226ec3ce98d99921ee3779817c002b7798d0a344
vcm_val_014376.wav,fil50_07324_ref_tagalog16_MESSAGE.wav,470092ee7755d5e951fd438aa4726b530689aa07985095eef1460ff7fc15ecae
vcm_val_014378.wav,fil50_03257_ref_tagalog11_TIMER.wav,315980e444c4b3c8a7260df519c0fd571945f9bb41f99d76b6f39ae6f1c55f9e
vcm_val_014379.wav,fil50_09063_ref_tagalog3_WEATHER.wav,a0e814f3b23cf242815dc04f57a5ad8cee2579eba0460414a58c221a69dc9a8a
vcm_val_014380.wav,fil50_12453_ref_tagalog7_STOP.wav,1ec51301ba399230eb6a255507942329b7fa4c7462bd86f1ae006f64604680e9
vcm_val_014382.wav,fil50_10780_ref_tagalog5_NEXT.wav,291005b42f14ef1c15420a94f208bfedbd1d43f7035383415af0a13b4a2a9407
vcm_val_014383.wav,fil50_14076_ref_tagalog9_ALARM.wav,dd735ca9b42f5e3380a676cb42057da251035d7294d2928cdb0920d5a3f65841
vcm_val_014384.wav,fil50_00800_ref_ilonggo1_LIGHT_ON.wav,456935deb192a83033b77d134aa89a22c4e9ccafcf077bcb2bf08f5a5bc8d9df
vcm_val_014388.wav,fil50_09905_ref_tagalog4_VOLUME_UP.wav,7c218b57e5b682db6f7dc35984516f58385104bbfe374b05ab6f610c883c77d2
vcm_val_014389.wav,fil50_02459_ref_tagalog10_TIME.wav,1eb7ecc7ebd426fa04364a3edb83d7bde61e65ca2a02fc3f5e23b11b240adf6f
vcm_val_014391.wav,,aeee9611e8c0b1d6b6d7e93d22181fa5830026bb613e76e6c2e89d0c0d74b96b
vcm_val_014392.wav,fil50_01615_ref_tagalog1_PLAY_MUSIC.wav,5c168f8cbfe7a2ec6ea761bca7f0f554b80242ca67d4c04a6174a2f6db5437bd
vcm_val_014394.wav,fil50_05809_ref_tagalog14_TIMER.wav,b882f98781b7f5042d579ee5161ac19e493ed1133d9c04d421084c01da06de62
vcm_val_014395.wav,fil50_03258_ref_tagalog11_BRIGHTNESS.wav,da6b2b33f7f70b1620a603434d0bb24c390de6587f82393b290d872f85197b64
vcm_val_014397.wav,fil50_12454_ref_tagalog7_MESSAGE.wav,ee6da92e22314d8a243a7bd95d3a1d2ddbe20f541f4b3aca995a1fd51b042bdc
vcm_val_014402.wav,fil50_04970_ref_tagalog13_LIGHT_OFF.wav,469cac21e0704d4b05ac274a63729f29a814834d11a7295d1debf49ebfeb5fe3
vcm_val_014404.wav,fil50_13269_ref_tagalog8_COLOR.wav,71da87c7f7ace5b13c47ebd2053c3fb4e1be45bfb8a96c6238deaca7dd67a3ca
vcm_val_014406.wav,fil50_02460_ref_tagalog10_COLOR.wav,cec2a4f45437a1b8a461788d92a8abd3057c27f8c42e6793331428960c1c14df
vcm_val_014410.wav,fil50_07325_ref_tagalog16_PAUSE.wav,f2f50352e6a6dc1becebbd7b8ce90d362960abec2e1c038b79f0997affbb0dfe
vcm_val_014411.wav,fil50_05810_ref_tagalog14_COLOR.wav,c50faea1c12ddaf780bd8d1ec5adaebfbdbc0aa55653c1fff42a250115868665
vcm_val_014413.wav,fil50_09065_ref_tagalog3_NEXT.wav,3744e8eeb65ca47092526746279cc9f71aa5922d660a14de20b9f17bcb42b932
vcm_val_014416.wav,fil50_10781_ref_tagalog5_TIMER.wav,ca8e1307929ebdb302ea93734a60781b20a55dfd0bcbdcbe740e95a0941001ef
vcm_val_014417.wav,fil50_14077_ref_tagalog9_STOP.wav,d034db60c8c436f804fdf972d0c6157b180324969a1d4b5f5fbe48ad8390837f
vcm_val_014418.wav,fil50_00802_ref_ilonggo1_ALARM.wav,2593a820d99884603397af46eac3e34d4084eef8d6b7ccd38ef8c019ac53c217
vcm_val_014420.wav,fil50_06649_ref_tagalog15_TIMER.wav,4c70ceafc8ecacbb1a6a7c485428763ec09709ac84a5aaeb7f41106255bc055b
vcm_val_014421.wav,fil50_13270_ref_tagalog8_VOLUME_DOWN.wav,731640e2bd4e26842936067f01b5605f5a112e0f1e9dbd981de89221a8b55869
vcm_val_014422.wav,fil50_09907_ref_tagalog4_CREATE_REMINDER.wav,93705f193becb79418aba0586de2a90309d79cfe0fe51694b7127cf752d9947f
vcm_val_014423.wav,fil50_02462_ref_tagalog10_NEXT.wav,b9cc46f41c70c37317ebfa4d93eaf4468cf6dc740f9c9bfb9193172c8f5bcf73
vcm_val_014424.wav,fil50_04120_ref_tagalog12_TIMER.wav,d3f54159862d7383d2d24e32851764b312e692d755a132123c9217ef711edbaa
vcm_val_014426.wav,fil50_01617_ref_tagalog1_LIGHT_ON.wav,d2c38c71fa77a1b36dff2fe3b8453a79673bc66895bb4230e54e2a1424ef890c
vcm_val_014428.wav,fil50_05812_ref_tagalog14_NEXT.wav,739ad22aa04f47c0505e77e0275c7443a07bbc545faf59098f49f06338421a44
vcm_val_014429.wav,fil50_03260_ref_tagalog11_LIGHT_OFF.wav,021eb24c1beb21539761f52e5fc859620e653e521830d2af331e8274a9ccebea
vcm_val_014430.wav,fil50_09066_ref_tagalog3_ALARM.wav,e0d7771e059756d7843ecbae4947760efaa92242c7ccfb397244c3d74ec7759a
vcm_val_014432.wav,fil50_08219_ref_tagalog2_PLAY_MUSIC.wav,8727a912fc34864f001a10180d4282baed07ab20cbd8e79da7dc02e9be5e02c3
vcm_val_014433.wav,fil50_10783_ref_tagalog5_VOLUME_DOWN.wav,9d5145341e7eee4ff4c3229697a5ee94a689ef3aac6180361c362ce580c99ded
vcm_val_014434.wav,fil50_14079_ref_tagalog9_PLAY_MUSIC.wav,c81a6323259faddb65df2a35fa630cbb0f77b35b730e133f3a032debc254d690
vcm_val_014435.wav,fil50_00803_ref_ilonggo1_LIGHT_ON.wav,7444a38f90dcd8539d05e2f626d8643c6ce140c03427bbee2960060a6361d7ac
vcm_val_014436.wav,fil50_04972_ref_tagalog13_BRIGHTNESS.wav,6ee8c2a9cc20d449eaccc96faea62cd01505bc490264289fb77ffb127fa0baaa
vcm_val_014437.wav,fil50_06651_ref_tagalog15_ALARM.wav,041ee076e2711635f7e961297382116afb7c55fa9c96e382796be18673d82516
vcm_val_014438.wav,fil50_13271_ref_tagalog8_COLOR.wav,5d3cd94b745606096f51da211a47c47587f48b054919f3bd9e23bc6b7f575aea
vcm_val_014439.wav,fil50_09908_ref_tagalog4_ALARM.wav,144207eac0aa29c441fc7396dc3ce4d306c22428283f7eefbfc575ef37ccc265
vcm_val_014441.wav,fil50_04122_ref_tagalog12_CREATE_REMINDER.wav,3989310e703839ca88764794b98c623bf42b719c4b428cdc1850d489cac7807c
vcm_val_014444.wav,fil50_07326_ref_tagalog16_BRIGHTNESS.wav,33f2d34a53f3df28a7a7f31aa663c06619ac6b176053540593cec77a305f1b9f
vcm_val_014447.wav,fil50_09067_ref_tagalog3_NEXT.wav,3a5903fde986b43a90eabd4529dbe7621b23dc5849446248124f27e3f21d05c0
vcm_val_014450.wav,fil50_10784_ref_tagalog5_BRIGHTNESS.wav,a46b028876c14fa244ac1c03ce58836e491b1b69e8f59d5ecaf07a7f4d7e23b2
vcm_val_014451.wav,fil50_14080_ref_tagalog9_LIGHT_OFF.wav,bbfd087395b3e628b7400f8514cd4be2ccbbb35c32201444d8817377569ea111
vcm_val_014453.wav,fil50_04974_ref_tagalog13_STOP.wav,55670ef329ec19bb395debe641f591f95ccdef9cff8479ea7b15902076131481
vcm_val_014454.wav,fil50_06653_ref_tagalog15_BRIGHTNESS.wav,7c5f0a235db03ed196ad1ceec0d388a740da5de020213f56bafd890ce6f8b663
vcm_val_014455.wav,fil50_13272_ref_tagalog8_MESSAGE.wav,8f18d915f87a4a466c9e04166551f1318a28407439aebc9703711af77c27a6fc
vcm_val_014456.wav,fil50_09910_ref_tagalog4_VOLUME_UP.wav,87f12c4c1102df04876bc1cd54b43b25e0f2ebede75ffb51bd99054fbfeee977
vcm_val_014459.wav,fil50_11616_ref_tagalog6_WEATHER.wav,f9a23f7ab085eb9099a0e3abbd94538cf9906524e9703874128576aec2e15d73
vcm_val_014462.wav,fil50_05813_ref_tagalog14_VOLUME_DOWN.wav,d630f44e3bc7422cfb982c7d735f54c3081ffa1f27526baaf5d961970bb35579
vcm_val_014464.wav,fil50_09068_ref_tagalog3_NEXT.wav,5adf1b25b04c49df081cbcaeb1007fbe3cf45115fe89810211237cdda1a19f83
vcm_val_014465.wav,fil50_12455_ref_tagalog7_TIME.wav,80d0fe95776b80793c0fc74226f33995954fd9df259df4a8c8c4e0b6d2ca0747
vcm_val_014469.wav,fil50_00805_ref_ilonggo1_COLOR.wav,fc127670e50d9f3caca0301db4c2637c810d8723dedba6b7dfbb87b36fa6ec9a
vcm_val_014471.wav,fil50_06654_ref_tagalog15_TEMPERATURE.wav,75df10611fe79fa43f048a17488b203031454bf44bde7ccfad9cbc143ea74bff
vcm_val_014472.wav,fil50_13274_ref_tagalog8_PLAY_MUSIC.wav,6ad16517d14257ac32d03f41974d2e9381a94a8dfae7315f1c3fbd3906587856
vcm_val_014473.wav,fil50_09911_ref_tagalog4_WEATHER.wav,a2f5329017e3b606947778a4ade53e59177d3123c2ffbab536088590b10c9984
vcm_val_014474.wav,fil50_02463_ref_tagalog10_PLAY_MUSIC.wav,0cbce604d2bc9e5ff71fd57e4d157b983b795ed28286b3ce54cf74397472edc9
vcm_val_014475.wav,fil50_04124_ref_tagalog12_LIGHT_OFF.wav,5f8f4527af210d83a5f3a3e180d272275e4068e2298ebc476261e82820bb4219
vcm_val_014477.wav,fil50_01619_ref_tagalog1_MESSAGE.wav,40241aa81dd9ca0b066d0fcb0cc1b40c57d783a5c9f2601783a773b398d2b993
vcm_val_014481.wav,fil50_09070_ref_tagalog3_COLOR.wav,3ed4533c602827b02f48c2e999512b444ff160ca334671ebda686b6dca3dd318
vcm_val_014482.wav,fil50_12456_ref_tagalog7_TEMPERATURE.wav,189db1808c6db4371d3dd7162e2c3f3d2eb4e91077a7161535442776f0b30fdc
vcm_val_014484.wav,fil50_10785_ref_tagalog5_STOP.wav,73ca5163f98b62ef80b7c90c9c4ebe56c5bfaac1d4796f0e26d1b33d4dd70761
vcm_val_014485.wav,fil50_14081_ref_tagalog9_NEXT.wav,69a3bd259b6b007514dae018408ce2b5578fa6177c6e1258d5abf235cee438a9
vcm_val_014489.wav,fil50_13276_ref_tagalog8_NEXT.wav,bfe34c8712ceb432c1ca97342b737f2dbc55b8851897e011fa84cbe90b61d3ab
vcm_val_014490.wav,fil50_09912_ref_tagalog4_COLOR.wav,b2365ec5e945f1393987360d7bd22da05dda3f34d398ad43de0aae6f70fbbb45
vcm_val_014491.wav,fil50_02465_ref_tagalog10_TIMER.wav,e443faa91a5cca78c83802dc1db56f74531e31d5c1d46c491b65871c7c9d0ef2
vcm_val_014492.wav,fil50_04125_ref_tagalog12_TIME.wav,7a1cc53fd1cad59b22330a7c7d20aa9847a2d97d9e609266bc229156c88f913d
vcm_val_014494.wav,fil50_01620_ref_tagalog1_TEMPERATURE.wav,f34df3b54d8547de9f3671e2a1d4dd824306e5cd1f24f621b9dce71be2b62f95
vcm_val_014496.wav,fil50_05814_ref_tagalog14_CREATE_REMINDER.wav,7909dde8387cac4d39dfd4c6b9a2b9a223a03af34b3ecaae5015ec5d9ef99c1b
vcm_val_014500.wav,fil50_08220_ref_tagalog2_LIGHT_OFF.wav,1973ec445ef0b0530f86497ce70f103d9d139acef04548c8de9a420d60c061d9
vcm_val_014501.wav,fil50_10787_ref_tagalog5_VOLUME_UP.wav,fe6078585063ed552128a8d45409bd97a53e122008382723f71f8bc700363b4e
vcm_val_014503.wav,fil50_00807_ref_ilonggo1_TIME.wav,bb62c5da966cbca21e637631a1a6898b420fbd33c1a1e2483b98eb3ab1c5bf5b
vcm_val_014505.wav,fil50_06656_ref_tagalog15_ALARM.wav,6094629972923336874527a61b894e630dc1a3cacfb67b718aca939c464aab13
vcm_val_014508.wav,fil50_02467_ref_tagalog10_STOP.wav,52539c75e41b85e203c65a2609f48d3ed7ea352cb1a77ae1bf8bb3b411263fa1
vcm_val_014509.wav,fil50_04126_ref_tagalog12_CALL.wav,b61af5ca4448c180f1383d21318e136781756f0f3b37e76fffc06317df5fafe2
vcm_val_014514.wav,fil50_03262_ref_tagalog11_TIMER.wav,2138c971f1152cc6a60cb759889196ba3343daf5b0db8e52267f1e64bea8ced3
vcm_val_014516.wav,fil50_12457_ref_tagalog7_TEMPERATURE.wav,6959a4230aa2ff64d4f02a737ec8c5fb548556cf3207ca3aa37ef1df1175915a
vcm_val_014517.wav,fil50_08222_ref_tagalog2_LIST_REMINDERS.wav,905778d3b3393c56ed99c2f8872ba48a081c6a57de787605738fc26eec2a9f1b
vcm_val_014518.wav,fil50_10788_ref_tagalog5_LIST_REMINDERS.wav,b275378f97e8ed7008ff4daccc2043981d15c3ac150b87ec40f225bd1e80632b
vcm_val_014520.wav,fil50_00809_ref_ilonggo1_NEXT.wav,7591e8755a551108c89782e7a89ffd187e15e30fc66ad2019767f4269d1d4d6f
vcm_val_014523.wav,fil50_13278_ref_tagalog8_LIST_REMINDERS.wav,05f92155c666a355af3823ff9ee67a96ddc3d36f23eb777e934f185d20b24af6
vcm_val_014525.wav,fil50_02469_ref_tagalog10_TIMER.wav,0487f2f10550b68ef72f4ff2794b0ef9f53481f3da3229a8e8686aba6ab2d1fb
vcm_val_014526.wav,fil50_04128_ref_tagalog12_ALARM.wav,55394919bc7243846db66bc67f5539ecb291a1adb44c0b3a21303331c699419c
vcm_val_014528.wav,fil50_01622_ref_tagalog1_NEXT.wav,2d6ab26497c5c7e4bf6a02456762b8cf88d6403ecdd34be446dcada3f6074226
vcm_val_014529.wav,fil50_07327_ref_tagalog16_BRIGHTNESS.wav,adc94ec017e2d5dcd13f0fe47040f7efe6dd8c24487dea0b36093e7581009b12
vcm_val_014530.wav,fil50_05815_ref_tagalog14_STOP.wav,0211b48647704961e47e14ccded7820cebf656386787859eea45b86623bb8334
vcm_val_014531.wav,fil50_03263_ref_tagalog11_MESSAGE.wav,73808da704bccbddbf9dbfe60bf17b1e0622e5fd8f0d7a90761a2137af6ce3bf
vcm_val_014532.wav,fil50_09072_ref_tagalog3_TEMPERATURE.wav,9e0138398ee36e16a8c6626adb1f07578e73c5fe05b6e4008ec333629b74009e
vcm_val_014536.wav,fil50_14083_ref_tagalog9_TIMER.wav,dedae3d07b5b5f73e275796acb66a898242c61a9583ddabf6c133e30f2698cd0
vcm_val_014539.wav,fil50_06658_ref_tagalog15_TEMPERATURE.wav,07a16e8b4e4c087f9a3979a145d86b067614b34379035a0e15ce86348cbebea4
vcm_val_014540.wav,fil50_13279_ref_tagalog8_PLAY_MUSIC.wav,8cb4730504ec0d450699fcfb4ee329a3333886623acc6ec724a6f330bc01bceb
vcm_val_014541.wav,fil50_09913_ref_tagalog4_NEXT.wav,f1440eb89b6fa92bd163f7ea6fbe0d819c29005e568c4a62860bf0f584d9607b
vcm_val_014543.wav,fil50_04129_ref_tagalog12_CREATE_REMINDER.wav,ad8f1ae712e3f39fdaaa8153288c7ce0241d8e392d856f8a71f9b877c3c12b25
vcm_val_014545.wav,fil50_01624_ref_tagalog1_TEMPERATURE.wav,531cf76eb0c0bf158019b54eb4a3724b4bb660ff0076467743648a7a61723619
vcm_val_014546.wav,fil50_07328_ref_tagalog16_TIMER.wav,b0da7a78398ac502268e2e7ab2a4910e13dcad5bac87060949ecbc4f779a9d57
vcm_val_014548.wav,fil50_03264_ref_tagalog11_MESSAGE.wav,15cf4e7891d3cd1a37bb9bd97d9424e4b6bf372317b787328b2b498e88a08d2d
vcm_val_014550.wav,fil50_12458_ref_tagalog7_LIGHT_ON.wav,5ae6cd415b624a98ba56424f270f3d2ae7a55fcc3da2dc5a3b4204fbd924552b
vcm_val_014552.wav,fil50_10789_ref_tagalog5_TIMER.wav,b91c0c59c042522d8d9c9964f25bc917ba19b716aea449c82e4a90b2bea77d38
vcm_val_014553.wav,fil50_14085_ref_tagalog9_LIGHT_ON.wav,824c775e3ce330c11e68692f0be84193b0bc492cbb58a302fc9524e4aff4085e
vcm_val_014554.wav,fil50_00810_ref_ilonggo1_NEXT.wav,a802052e7e25fbe3b576e4e85ebfa777d52f8f35e75a5630114b3e04c3de7505
vcm_val_014555.wav,fil50_04976_ref_tagalog13_TIMER.wav,b63365f7520a0733857e9c86fde244a0b554a46293da6b8a5dfce4130ea3c452
vcm_val_014556.wav,fil50_06660_ref_tagalog15_MESSAGE.wav,512368bbe2415bf2da4a6611b9cb24f3b5c2db8faae3725b8d80f8a64d1d2ec9
vcm_val_014558.wav,fil50_09914_ref_tagalog4_COLOR.wav,bdd12c3adebe7d3cab669626dfbc39c34c43ed07737cb17e3f798751f5e9a6df
vcm_val_014559.wav,fil50_02470_ref_tagalog10_NEXT.wav,bb6cb57604cfd1dd286ae2e8af4882ae50406a79b604084305d292a31132eaae
vcm_val_014562.wav,fil50_01626_ref_tagalog1_CALL.wav,40543322c60f4e7a5e0ccc16fc0e357ab2de5e306e2ca4b5b6416990ba8a7b32
vcm_val_014564.wav,fil50_05817_ref_tagalog14_TIMER.wav,e211bf7330d1ff296101230ef5191d543ba2dac256ea8a7bd7e5a7fb6483a591
vcm_val_014565.wav,fil50_03265_ref_tagalog11_PAUSE.wav,1f52aa6272096a3cedff70aa8031970790a5820c624d2f46a51a0e82f28ad331
vcm_val_014570.wav,,c055bf39e0dd5ec68d91db926c2ce2cd6647adcf8f63318e70a73a29b0c19e69
vcm_val_014572.wav,vcm_val_014572.wav,7dea190c9e94a066a3a32e527c6f003451bbb103c211c690214f15ff16946864
vcm_val_014573.wav,,817c9d17ef84893024362cf44f39b54d1963ece6e81eee9e3739404a75a0f6de
vcm_val_014574.wav,fil50_13280_ref_tagalog8_PLAY_MUSIC.wav,6bc4d7b9b990fe7dabbe762bc1f23a7aed4c3fadf7a0627df25b774dfb4158a2
vcm_val_014577.wav,fil50_04131_ref_tagalog12_TIMER.wav,ed77b7e7c8a8fa01514454e278b6949f30d15857ceefecc419d6677ddf1c79ee
vcm_val_014578.wav,fil50_11617_ref_tagalog6_TIMER.wav,e1036221aaa1844c99116f057b97fb7f5e548b8014561201a317f06a33b8486c
vcm_val_014580.wav,fil50_07329_ref_tagalog16_COLOR.wav,258bddb0abf7ae80b4e64926f0b8533c0b56faae0995fa640b203c54dbe54fdc
vcm_val_014581.wav,fil50_05819_ref_tagalog14_STOP.wav,6fa9a85b8f8307695b9dbd3a9a8e7f261e4caa6a0890f708161c66448c752c76
vcm_val_014584.wav,fil50_12459_ref_tagalog7_PLAY_MUSIC.wav,513922677e2bc33142801b1e11c669674aa8a9d3fc850feacb993d53fdaace92
vcm_val_014588.wav,fil50_00812_ref_ilonggo1_NEXT.wav,962f16b5b4f760e48d72b80eae24ff254b54a7ea9356eb271dd6461949301598
vcm_val_014589.wav,fil50_04978_ref_tagalog13_CREATE_REMINDER.wav,8df145858f01457131d7f35d0917a4a7611bee134b87b40c7cdb7001aaaddf0d
vcm_val_014590.wav,fil50_06662_ref_tagalog15_ALARM.wav,baaf90cdbf571d9919e0e402095d65f7e4ec435b2d191c75749f4aa13ced2910
vcm_val_014591.wav,fil50_13282_ref_tagalog8_TEMPERATURE.wav,c9114aebddee12aafc0237b05603303241b81f1ec607c0c342f0c5bb7dd9eff6
vcm_val_014593.wav,fil50_02471_ref_tagalog10_PAUSE.wav,016852c0de08d6e82c7844237c5c849eb08a76ac113aa14337c549c4f7100fac
vcm_val_014594.wav,fil50_04132_ref_tagalog12_NEXT.wav,6969bafaf01f8274efea85b92c73ac9bb155fad39c5907358b13bd20a28fb980
vcm_val_014595.wav,fil50_11618_ref_tagalog6_COLOR.wav,c8bf11efbfad8ea824116755d2ba0eb018216d6bc8f2a015522119691dea8361
vcm_val_014597.wav,fil50_07330_ref_tagalog16_TIMER.wav,3495fa273c4745be3501d0f7cc0f94434eca9f7910bcc5d6d24fca92bacf75d1
vcm_val_014600.wav,fil50_09073_ref_tagalog3_LIGHT_ON.wav,22a13f9885d34c2ea9fa86b6cb34197f45b66717885c0ee9dbed4b253ca99372
vcm_val_014602.wav,fil50_08223_ref_tagalog2_STOP.wav,4235d428fa6d5b25e5a4abb9d97b3d3f01d0be8624c19e19bae6cf50c65b3d11
vcm_val_014605.wav,fil50_00813_ref_ilonggo1_NEXT.wav,04ba21a5a7af17e74e644a4756c482a3b13ffb37f01ab12718aaba42c0ab9465
vcm_val_014606.wav,fil50_04980_ref_tagalog13_TIME.wav,19c912517f39b0add5406e9be9ef7ed81d46acd5154bec25116aad103deba93f
vcm_val_014607.wav,fil50_06663_ref_tagalog15_WEATHER.wav,3446d215df36d36e02458ce3f18a5bf311957f0a4abda768e7e214283ee275da
vcm_val_014609.wav,fil50_09916_ref_tagalog4_NEXT.wav,8cb987ccf973ed0963c948da78ee8878cf4793eb1447881bc632ee814712e621
vcm_val_014612.wav,fil50_11619_ref_tagalog6_STOP.wav,7e936a2041a7f745f8e944c9d876a0ba324dfc025e7f043c5b4c70dbb51bdae5
vcm_val_014617.wav,fil50_09074_ref_tagalog3_STOP.wav,55fa2e5f1895c2ececddaa2fccf00de79129d15fca18d3841089f14c3508549d
vcm_val_014619.wav,fil50_08225_ref_tagalog2_TEMPERATURE.wav,63f10f99380d4cd7aa081f11cf4303913ff16163e4e7754d437c4a71e2ad9ffa
vcm_val_014620.wav,fil50_10790_ref_tagalog5_LIGHT_OFF.wav,54049ebe7f2688f7be44a9d66c561cd79ced2ace46c61dde2dc48591051e0dea
vcm_val_014622.wav,fil50_00814_ref_ilonggo1_BRIGHTNESS.wav,82561e5b4bdfe7b3b7dac919c066a1ab6437d86a9c68173613c0bfc3531a2689
vcm_val_014623.wav,fil50_04981_ref_tagalog13_CREATE_REMINDER.wav,a8affb9e06579459afb840ebfa1e3568d9bd0e45e7c5d4236360b3fa617c174a
vcm_val_014627.wav,fil50_02473_ref_tagalog10_COLOR.wav,e517d849808596d4e594b4387aa59030b414fafc17792c29766bcaaf86d1ef9d
vcm_val_014628.wav,fil50_04133_ref_tagalog12_BRIGHTNESS.wav,e6c789a8859da49df8f3bdec5b63bf7aaea811eefbe2b94e86dc405468720a8a
vcm_val_014630.wav,fil50_01627_ref_tagalog1_COLOR.wav,0a6bbc42ba979bf7f2fd4ec3d36c7eaec5027953a776e8b7879e3fe0a7656836
vcm_val_014632.wav,fil50_05821_ref_tagalog14_CREATE_REMINDER.wav,89188c3463ded0088ca6dadec30b9a116efb2f2f822dcaf7b8f89dc221286d8b
vcm_val_014633.wav,fil50_03266_ref_tagalog11_PLAY_MUSIC.wav,5b2a1669960e4fb19542b1876f16661a1e58cd7c246aab5ece47cccbc5c8ca6c
vcm_val_014634.wav,,ec9e9079f0ca638b00c48e2dd8d7da24b35ae36e94c496c248e106e2f3906ca0
vcm_val_014635.wav,fil50_12461_ref_tagalog7_TIME.wav,91d20a6a8f93c38eaa34bad9df823ab95b9f674d9966b34afd4edc6cd241bc39
vcm_val_014638.wav,fil50_14087_ref_tagalog9_LIST_REMINDERS.wav,4fc073cd9c1c6fe42f610eb108ced6717d7c4c7f0387fcee4255642beff60bc0
vcm_val_014639.wav,fil50_00815_ref_ilonggo1_TIME.wav,88b6d599d37f0a6b1eb9856d71c4f5fbbeed56880117d7066fb2e7b4c19f874e
vcm_val_014643.wav,fil50_09918_ref_tagalog4_CREATE_REMINDER.wav,1bfeb4ff308e90b73a34f281c97b7780808718edb8ae6ac0cf8a73d68face126
vcm_val_014644.wav,fil50_02475_ref_tagalog10_COLOR.wav,f9391f1cc7caffb510a3848784a44e85a910cb4b0a025ace76eb2e4ce55903fc
vcm_val_014645.wav,,4a63375d249eab924d940b1483436dad7216dd9fd7bcf54da3f741c95bb03990
vcm_val_014646.wav,fil50_11620_ref_tagalog6_LIGHT_ON.wav,a97f4f561dd8e588ffb50c6107b522133df455bf40fea71887f1f1a0b235be73
vcm_val_014647.wav,fil50_01628_ref_tagalog1_ALARM.wav,6a3c790f26b8c77f6245ed09982dbbab97831a51c9d17733d62279be84b771e6
vcm_val_014648.wav,fil50_07332_ref_tagalog16_LIST_REMINDERS.wav,e32ed25e195a9bd440bdbc467c2935e12a60bd1cebffb2ab259526f218508f89
vcm_val_014649.wav,fil50_05823_ref_tagalog14_COLOR.wav,de818d77eb564e6eafeb5cb4421c5fd01bff1ced5a8a7a633c3a616f4e47a783
vcm_val_014650.wav,fil50_03267_ref_tagalog11_TEMPERATURE.wav,bf0b02474cda7a6ed736ccd14fa65cc4f122f3e79e34407cb13645ead4fd53f6
vcm_val_014653.wav,,de209b6be7d9ae32e703e60f08206dafb9e5aed64f226ec58489d06240caeb2a
vcm_val_014654.wav,fil50_10792_ref_tagalog5_CREATE_REMINDER.wav,45504eff4ea8d45657d0e28297a090846166ee5da513c5eb3c67e71cadfcf716
vcm_val_014655.wav,fil50_14088_ref_tagalog9_LIGHT_ON.wav,91db890c812aeabb9d121197a5a25d9f03b73e14b24ca98666e7ebc53179ccdd
vcm_val_014657.wav,fil50_04982_ref_tagalog13_ALARM.wav,01368692e5eef0cacaa45c3a6f4892f336a9ab58a16d8837a8f5ee5bc1c16c52
vcm_val_014658.wav,fil50_06664_ref_tagalog15_VOLUME_UP.wav,0dd18173e3075af609a98208bc05660643ef3d356d79eb408061b96f2e0711b0
vcm_val_014660.wav,fil50_09920_ref_tagalog4_TEMPERATURE.wav,b72998c6abf3d9c65b5befe67280bda77b2f1ea82af824ee4627ad87434b415d
vcm_val_014664.wav,fil50_01630_ref_tagalog1_WEATHER.wav,d03d575880e84ec1e42b45ca7b46513dd78cb3bda2b3b4b4f8451a2125719c47
vcm_val_014667.wav,fil50_03268_ref_tagalog11_ALARM.wav,ea09b225235ed482cb6b9aeaec7159b93a0eca0cc4a29482e4de2b054cf22357
vcm_val_014668.wav,fil50_09076_ref_tagalog3_TEMPERATURE.wav,d444982749675c1d0e26d73a6d95af1ff142a1c1065688362522a91d533e98da
vcm_val_014669.wav,fil50_12463_ref_tagalog7_NEXT.wav,ae2c9c0c5ee58f66edf3a1f21fdf9706b104d5b11c41568cbee9a404c0d314fe
vcm_val_014670.wav,fil50_08226_ref_tagalog2_CREATE_REMINDER.wav,f78724a6f8ca12d1506806ad556fcea777346a669e0c3616c6015ab90b4ae9dd
vcm_val_014671.wav,fil50_10793_ref_tagalog5_TEMPERATURE.wav,94ff36504c598d20697f10e88f8d6164c9a7d24672db1b9ab034110dd98d33c3
vcm_val_014672.wav,fil50_14090_ref_tagalog9_COLOR.wav,454fd4081de9744f3bd514d3a761f7eff2e8a3420b2fe20e699a80779268886f
vcm_val_014675.wav,fil50_06665_ref_tagalog15_STOP.wav,65d62a72b4e0cfb6775b265791bb39b6673d0d231b424a75fe355feb2e69bd06
vcm_val_014677.wav,fil50_09922_ref_tagalog4_STOP.wav,8f30fb4624640e6830082aa8562bcbb85f905297f23a2703f67cfd0e2aa21029
vcm_val_014678.wav,fil50_02477_ref_tagalog10_ALARM.wav,e27f6b9bb1fd3ee00d327d799f526baa3eeb297c7cf753ce23fad7ecbbd80707
vcm_val_014679.wav,fil50_04134_ref_tagalog12_COLOR.wav,b46316c0d26db7ad0fc51f32f6fc848534dc0e14e9bf797eeda5ca107973e144
vcm_val_014680.wav,fil50_11621_ref_tagalog6_TEMPERATURE.wav,43462d3661f23ef90495d3ad0c434b8ebeaa96c5897fad798c8cda010a40e09e
vcm_val_014682.wav,fil50_07333_ref_tagalog16_COLOR.wav,9da28dbbd479ff4e7bd3c705abbed48b778d6cae2f4a55e47a3d890140cdc5d9
vcm_val_014685.wav,fil50_09077_ref_tagalog3_VOLUME_UP.wav,168fcee9e7f10552af6c63ab1c8624cd8f4a57b8e6b12ca5bd85ac0f5f55d8ba
vcm_val_014687.wav,fil50_08228_ref_tagalog2_NEXT.wav,210365c2370b377f2f37c55c6575db88ac634242d91c8b3881a2bf61028ad7c0
vcm_val_014688.wav,fil50_10794_ref_tagalog5_PAUSE.wav,b6c6ed2cbab181517e1e2113684d8bac320d8e99cef319ddbb9e1b70cd5b28d5
vcm_val_014689.wav,fil50_14092_ref_tagalog9_ALARM.wav,36ade71d9a62610c794b6601dafe1fe208035f80f5776fd5b3bc9702026f75e6
vcm_val_014690.wav,fil50_00817_ref_ilonggo1_LIGHT_OFF.wav,88f10244de3176a4d88566c64754a578a5e5162104d687cf7eeca821e4485f6b
vcm_val_014691.wav,fil50_04983_ref_tagalog13_TEMPERATURE.wav,1a2e18e9f91a739adbdc9d3fce06fa52bb1337d040d211457835943d9083d8c4
vcm_val_014692.wav,fil50_06666_ref_tagalog15_STOP.wav,4647c5c63457e64a7b46f5f8436b1066d3df3d61b17dfb10ed64cfdb03603766
vcm_val_014695.wav,fil50_02479_ref_tagalog10_VOLUME_UP.wav,e7293a3a2b80c52812d47e38b97f57cdf39d783b70b3733c0f5d99cbfa5a9588
vcm_val_014698.wav,fil50_01631_ref_tagalog1_TIMER.wav,86479848c35a2f1595c93b50ae8917a9287a0c3cf3d6c9c7e9ab057ffdb4fe6b
vcm_val_014700.wav,fil50_05824_ref_tagalog14_VOLUME_UP.wav,cc8f5cd345e1908761a03e0ea586672ec1523ce0f9a6c77737d3911c2d1d8581
vcm_val_014701.wav,fil50_03269_ref_tagalog11_CREATE_REMINDER.wav,4b892cfb1ab03548baebabacfd7dcb0c93f26e7e2f6d30bbfc2be7d74ccfb43c
vcm_val_014702.wav,fil50_09079_ref_tagalog3_TIMER.wav,7143d8e964639c062b96264ef5e665f060c4cc06174f43de447a1b2733c7f940
vcm_val_014703.wav,fil50_12465_ref_tagalog7_TIME.wav,84449cd19ee3f25cfc5c2f4bbdafd0cedfe2f5d620b50f0b879493b0e22ec088
vcm_val_014704.wav,fil50_08229_ref_tagalog2_LIST_REMINDERS.wav,b0088e1afd211e2e5136fccd0cc27e569028d7d7e45c903f9a3a71b5f0de3dd1
vcm_val_014706.wav,fil50_14093_ref_tagalog9_LIST_REMINDERS.wav,5bcd7987cadc4874dfc50f5f346d382e3be4331417173ad9b8fb2c6564a42cae
vcm_val_014707.wav,fil50_00818_ref_ilonggo1_NEXT.wav,1c3867da5809d167a44c89788017f2ffc96c63fe3b4a53f8be2c6f31bb6baa87
vcm_val_014708.wav,fil50_04985_ref_tagalog13_STOP.wav,48ab30f0facff5d32cfbe7a0502bbe363d8e7489a93f6acae7979d494666b695
vcm_val_014709.wav,fil50_06668_ref_tagalog15_LIGHT_OFF.wav,0bc2d2ca4221bb95f82f6d67153427ff4f5c9ffb73137ba44e4ec3efdfeca1c1
vcm_val_014710.wav,fil50_13283_ref_tagalog8_ALARM.wav,1e8fc188ba037a32f34ba038408bc14a21b374823beb15df5442bd1d96615db1
vcm_val_014717.wav,,306b165a5186ca2e6563260fd5c04889f33ea08316b87a94ddfd5b0b02d4ec05
vcm_val_014718.wav,fil50_03271_ref_tagalog11_NEXT.wav,e15bd5186a1e6fcb4a6f15861ccb3b898faf853f501c2c624e8ad0bb5fca106a
vcm_val_014720.wav,fil50_12466_ref_tagalog7_CREATE_REMINDER.wav,193f457b6079adbf2e63fbc050dea9aeca44ffa37104aa7ad32c032d96d1ee8b
vcm_val_014721.wav,fil50_08230_ref_tagalog2_LIGHT_ON.wav,f9f169dce8c9db40a4353f095b74a3882759964602e8c4046110b41744f6be9e
vcm_val_014723.wav,fil50_14094_ref_tagalog9_LIGHT_ON.wav,a66cf998dec329b237e46e4c9f9c6c185032d32c850a5778e480b69eba45bf3f
vcm_val_014724.wav,fil50_00819_ref_ilonggo1_VOLUME_DOWN.wav,5f6450249b7be5a8f1689207b8ee82705d8101a97dc5d16d29846a2e19f6b300
vcm_val_014727.wav,fil50_13284_ref_tagalog8_TIMER.wav,256b075b056db3aae2b3928d85305f630fe98bafa0b874611e7a1bb8b64bdbe3
vcm_val_014728.wav,fil50_09924_ref_tagalog4_TIME.wav,38e2f4956425cedbdd4443caadfd34510eee3248963a37fc7de1572adafb5249
vcm_val_014729.wav,fil50_02480_ref_tagalog10_TEMPERATURE.wav,4e496b36812196054678e4f36ff4a5b6f8c1fb15e41fb5bf5618cfe4f03b7c2d
vcm_val_014730.wav,fil50_04136_ref_tagalog12_TIME.wav,c64079b054ef3840b917d532ed8f3fcd0e5a6b8d9a9d120961379dbb5fe73be2
vcm_val_014732.wav,fil50_01632_ref_tagalog1_ALARM.wav,6ff13afe79b7f71567563c85c731178b586da371fa3917f721d2ee811bb3c34a
vcm_val_014734.wav,fil50_05826_ref_tagalog14_TIME.wav,b932e634ec8a86254b047975415222bada545255983b609b906e6a20e903e715
vcm_val_014735.wav,fil50_03273_ref_tagalog11_ALARM.wav,4a33a33b54f2673a66154aba73fe0e5ff2dd00c8cd3ae6434ed26f9f3e0e471f
vcm_val_014740.wav,fil50_14095_ref_tagalog9_LIGHT_ON.wav,5455b84402bca46b562674b5158753359a9b211a7594be15a4efad27ab414331
vcm_val_014741.wav,fil50_00820_ref_ilonggo1_STOP.wav,939bfd990fdf5df912505e2b1b3625020d4262e488afe748bc2e8171e51cd208
vcm_val_014743.wav,fil50_06670_ref_tagalog15_NEXT.wav,b74a82c16edac82d5916b35c8474edf66803e9200fa6331ed92696e525a6d006
vcm_val_014744.wav,fil50_13286_ref_tagalog8_PLAY_MUSIC.wav,948189e389e0b0e111977f8a3fe49ce155015843139f70303ff61c75693be19e
vcm_val_014746.wav,fil50_02481_ref_tagalog10_TEMPERATURE.wav,fa236ba5f27516dec3038ab5ac259ecdff60c37e8a2af0c47e8daef3e6c72dc8
vcm_val_014747.wav,fil50_04137_ref_tagalog12_BRIGHTNESS.wav,f8f2f038d13c2bf0ee582142fc205f60850c7d78c58664e07036ce8d1a9bf667
vcm_val_014748.wav,fil50_11622_ref_tagalog6_COLOR.wav,2a6e14ee492f438c2e69fa4d34b603cf057acd8ae376e74dd92683c8b66ea4e6
vcm_val_014750.wav,fil50_07334_ref_tagalog16_TEMPERATURE.wav,0c8878475a698ec88c132285537fdd971d5f4de0ad311339c145004fec55b43a
vcm_val_014753.wav,fil50_09080_ref_tagalog3_COLOR.wav,01c193b3b4ebd37422d63c083de2f3258998f387b2f4764f0c1248be31e968cc
vcm_val_014754.wav,fil50_12468_ref_tagalog7_COLOR.wav,a178678c4d8a54cbd0bec99feb83c009bfaf924e5c4cb862f29ab77055961a0c
vcm_val_014755.wav,fil50_08232_ref_tagalog2_COLOR.wav,28549731f4d84d9e3b23760987824b6b930b9fb70277de4ba0171ccfc37aac7e
vcm_val_014756.wav,fil50_10795_ref_tagalog5_TEMPERATURE.wav,b1f894b7ec8feb287b6155ca8b2aca33a13d117794c8100559b3f44eba6a9c96
vcm_val_014759.wav,fil50_04987_ref_tagalog13_TIMER.wav,d6cf1db8a5946a0732961ca00435de50eec94ccae80a0536073f601f2b122f43
vcm_val_014760.wav,fil50_06672_ref_tagalog15_PLAY_MUSIC.wav,ccec4bbb9a7cea3151e67309e9671bb60db9ecda66e1ff8b5197bfdbb23e4cee
vcm_val_014762.wav,fil50_09925_ref_tagalog4_MESSAGE.wav,1f794183b29ebb4606128c81a3e984546cf9ce40c968a48ee5bddb37c7d2d956
vcm_val_014764.wav,fil50_04138_ref_tagalog12_STOP.wav,52335ce0465c4baa1cb2098e0aa867a7f4810ce528c1920d6856970e56d4b82f
vcm_val_014766.wav,fil50_01633_ref_tagalog1_BRIGHTNESS.wav,b2c733ac8cea1cccb8656d263179c0ad2cc9cdb14aa1c771176b196bd7581f30
vcm_val_014767.wav,fil50_07335_ref_tagalog16_VOLUME_UP.wav,26480cdc473af638050b30057af5f5c93481e8a4616f0dd06fdc33ad32be368f
vcm_val_014768.wav,fil50_05827_ref_tagalog14_ALARM.wav,5f7d246906c7b5aa3e67f4d5bcad5c5830e14de166abdfe047358cdd080703bd
vcm_val_014769.wav,fil50_03274_ref_tagalog11_LIGHT_OFF.wav,048020adcd5fd874e0ad60d3c6745ca2fc3f85051df5e9d08b39c8ca8e9afb16
vcm_val_014770.wav,fil50_09082_ref_tagalog3_BRIGHTNESS.wav,3d92cbfca1cac5aa5eb2c2146866da8c15326c936f0406859b898c676b94c86a
vcm_val_014772.wav,fil50_08233_ref_tagalog2_ALARM.wav,334ccf628c8fa48d32a3fc1eb20245d1f646ba4993ddbb58de853ab31f418e36
vcm_val_014774.wav,fil50_14097_ref_tagalog9_BRIGHTNESS.wav,e32c742388154843fb021acb85e87ada9e3d77624ecc4bba826d0c6656266024
vcm_val_014778.wav,fil50_13288_ref_tagalog8_PLAY_MUSIC.wav,f1a4b5b38a2e91ed09a37802189ff42c63c378aabe0ccf9251f3089bede35f5e
vcm_val_014780.wav,fil50_02482_ref_tagalog10_COLOR.wav,0890e51f5ae2dd8a5cc701649464cf4cfb95fdd10d4c5978c107ee8baa4592e4
vcm_val_014781.wav,fil50_04140_ref_tagalog12_VOLUME_UP.wav,8a4c0f812e8baa90f9e28427f8f473ca8333c2a63a07f5834fffa1ca5c2baa20
vcm_val_014782.wav,fil50_11624_ref_tagalog6_WEATHER.wav,98769bb3edcc56f0cb707e72c0a580a68c092a286c64f628275157e35f6265c1
vcm_val_014783.wav,fil50_01635_ref_tagalog1_VOLUME_DOWN.wav,7db631fc58427cece54c23d74b9c39e3679c649b983f88918663ca081414db94
vcm_val_014784.wav,fil50_07336_ref_tagalog16_ALARM.wav,1a248c60b40738afb443997a06bc78884bdc82f0cbcc07c679e215206cf9bb33
vcm_val_014786.wav,fil50_03276_ref_tagalog11_MESSAGE.wav,cad72af4ee7aab14c48401a1f91d7bc3859f2dbb38f3704ce05a8e09752a7377
vcm_val_014787.wav,fil50_09084_ref_tagalog3_MESSAGE.wav,125ff61b37372bd7f8c939425344a136a4580dac0d85e3b056e542c9b7aba101
vcm_val_014788.wav,fil50_12470_ref_tagalog7_BRIGHTNESS.wav,f66dd5d121de8b63e5d2b20f43868ae3252e3d794faec2e0d68f17483ffc2bed
vcm_val_014790.wav,fil50_10797_ref_tagalog5_WEATHER.wav,adf7239247eca3fabee5309a3d029e44b246133494130a0020d7fd4ce818ad7a
vcm_val_014793.wav,fil50_04988_ref_tagalog13_LIGHT_OFF.wav,bb84f839f49235c585919ae3c7eac5203276c08f6cc5721cff363d3c4be630fc
vcm_val_014799.wav,fil50_11626_ref_tagalog6_LIGHT_OFF.wav,ec48f2d136debed895764c76d69dbf00d4814df433bdb5f5e21af0ef817e367d
vcm_val_014800.wav,fil50_01637_ref_tagalog1_STOP.wav,2f0a199672594643f9ca9c07c1505545c306a4aef236190d8cb41f1fb96deef6
vcm_val_014801.wav,fil50_07337_ref_tagalog16_TIMER.wav,b5f38fdd3378e2486bdabeeb2d3722575ee1948715cb208ded819ea1c24db033
vcm_val_014804.wav,fil50_09086_ref_tagalog3_NEXT.wav,c8c8e7f7ed3d02823c764aa75734971e798beb274e11ee7f107c3164dc56abd4
vcm_val_014805.wav,fil50_12472_ref_tagalog7_LIGHT_ON.wav,b07acca818e0c6c4f182be911bd9e0cbeddc360309027e616930f88cef6dd988
vcm_val_014806.wav,fil50_08234_ref_tagalog2_MESSAGE.wav,10436d6491088e38cb4f2d02efe8287b9c5c6401aaa9b7133b73e7066ca53774
vcm_val_014810.wav,fil50_04990_ref_tagalog13_TEMPERATURE.wav,e4c9e517b10108062392271689654d61c37a09afd7bc6d3cce6573f16f05dcdd
vcm_val_014813.wav,fil50_09927_ref_tagalog4_ALARM.wav,2227f63e9ecd72e630bae9304fa60680442ffd69b7677cf58857314870556889
vcm_val_014814.wav,fil50_02484_ref_tagalog10_ALARM.wav,c1f531c1f4781ab8edfa613f40dd2b370417f343f50f00963df7cc8c101819a5
vcm_val_014815.wav,fil50_04142_ref_tagalog12_VOLUME_UP.wav,d6b48067db1c64a662f1192867ca27f95802ab4c6ee4e29b0e25583f2905bed2
vcm_val_014818.wav,fil50_07338_ref_tagalog16_LIGHT_OFF.wav,7627c3be09b24cfca078398f632f4c79ba5572129d09dc54c0b206b5a62385ed
vcm_val_014821.wav,,661eb64a9b5768fd87df87a0cd01676e6f81b25d51bb98227ace222a2a851a97
vcm_val_014823.wav,fil50_08235_ref_tagalog2_BRIGHTNESS.wav,b344c990b77c912bd761b35ccdd2061f3afe33fa0d376c73f7e8228e01a582fa
vcm_val_014824.wav,fil50_10799_ref_tagalog5_ALARM.wav,205aa5f121edb8f0d6a8f884c7c9218b239619105d5195801c788b088d23aab0
vcm_val_014826.wav,fil50_00822_ref_ilonggo1_MESSAGE.wav,9284260057e46a06c28e3113fccdb65174eaafffb199342586125f88f97740f9
vcm_val_014830.wav,fil50_09928_ref_tagalog4_TIMER.wav,10a06954169fe6562172e2aae3ab42c19fa3052f86bfc3020b8b6f826649b6bc
vcm_val_014832.wav,fil50_04144_ref_tagalog12_COLOR.wav,33cc3f789d6b1bad353c70b1f871812683c1232386bf0cd0dfaa87b1b1b8941a
vcm_val_014834.wav,fil50_01638_ref_tagalog1_TIMER.wav,cb19d481216ede7add3b3ad1238cb1a68f4b31c9fa39de3774da751d6035d798
vcm_val_014838.wav,fil50_09088_ref_tagalog3_VOLUME_UP.wav,5bbb919ecd32a45a67348544f722a30df884586e97e59280045bf4bd8e79fed2
vcm_val_014840.wav,fil50_08237_ref_tagalog2_NEXT.wav,7ba9e246d84fa8c0c9fc03f343c96cb140683e87859220f99c115ef5c30ec145
vcm_val_014842.wav,fil50_14098_ref_tagalog9_COLOR.wav,7a86565de235091fd624135de86f60a81b615b4c9891fbcaedfcaab8671af696
vcm_val_014843.wav,fil50_00823_ref_ilonggo1_NEXT.wav,eb8b0a848e5749e07df6f4304dba408d894156d3d67718a1c4eff2cf3dabf48a
vcm_val_014845.wav,fil50_06674_ref_tagalog15_VOLUME_DOWN.wav,0bb9dfcc39baefbfd688c0b08ab1c60ea35f3a6f83888a1120c0ea7058d94e60
vcm_val_014846.wav,fil50_13289_ref_tagalog8_STOP.wav,843dfcae248512daca05f0057f1318a433eef59c6678a6285488d6b7a0ae152a
vcm_val_014847.wav,fil50_09929_ref_tagalog4_TIME.wav,d41c7709487ca15eac52322e3bbae63933ed78d97960e38e4eab9bb271397a4d
vcm_val_014848.wav,fil50_02485_ref_tagalog10_NEXT.wav,2db4d6b9b3f79ae7f98d311c4dac7c0fb2472825d5c07e4ef75f2ebfe4b1a0d1
vcm_val_014854.wav,fil50_03278_ref_tagalog11_NEXT.wav,6a0951b771c85543e6085c8e1a000d7dbf83498f33285d817812a0fe81dd8568
vcm_val_014855.wav,fil50_09089_ref_tagalog3_PLAY_MUSIC.wav,5dcb526aa9457823b1562eb97d691ef5e4eed1589c18bbc9472aa93249608842
vcm_val_014857.wav,fil50_08239_ref_tagalog2_BRIGHTNESS.wav,68b86530ce3e614c161587ae1f4701b95389ff696b4f20ea4f24d94d70b03faf
vcm_val_014858.wav,fil50_10801_ref_tagalog5_TIMER.wav,4ed6f01cba1b3466bac56ac8f8bd4bdcb1fad2701fb8f25d8beaae9fca6f3ae2
vcm_val_014859.wav,fil50_14100_ref_tagalog9_ALARM.wav,6a85663ce46b3d3eebbbbfaa96c9cd3a53afb59ec1f3c403b5011eaed980dd9f
vcm_val_014861.wav,fil50_04991_ref_tagalog13_TEMPERATURE.wav,44d0f6f49db211d7b6caaf3a4fab23ee451fc0c2ef4f65108a817fb9907a2ad0
vcm_val_014867.wav,fil50_11628_ref_tagalog6_VOLUME_DOWN.wav,0021a13a1562a24ee7023f0830b335cadcce367429d3da9ef879552fcd2b6c3a
vcm_val_014869.wav,fil50_07340_ref_tagalog16_LIGHT_ON.wav,874fed7584df1432ccaefd5249f48f008d49b6fb5cbf50d1f8dec4fc09094c8b
vcm_val_014871.wav,fil50_03279_ref_tagalog11_ALARM.wav,9325a2bfe4210709c7a4dae33f1684a4ae6931a855d1ae6dd58a94099ca80592
vcm_val_014872.wav,fil50_09090_ref_tagalog3_COLOR.wav,c97df464f14e04fd4d9e6a6258f7401aacb5a2d4143c22bc7eeb329af4faa59c
vcm_val_014874.wav,fil50_08240_ref_tagalog2_ALARM.wav,4c18e4673c2d6434e46d952bfad32d06934ca520e804f97f4cadfa8bf9dc8bfa
vcm_val_014875.wav,fil50_10803_ref_tagalog5_BRIGHTNESS.wav,fd4f0aa619c57ee88359c46304de08f78a5abee0ec346a20f345a8136b368c72
vcm_val_014876.wav,fil50_14102_ref_tagalog9_ALARM.wav,e615ba210b28aef503ea8f712dca5102905195533ee7c86bf0e3cddecf05a9a7
vcm_val_014878.wav,fil50_04993_ref_tagalog13_LIGHT_ON.wav,0616af03e82fe74551f5889f544f662b2f974a0f8acb9f35608fc1f8991f0f04
vcm_val_014880.wav,fil50_13290_ref_tagalog8_VOLUME_UP.wav,73ced10c14014b47ca84492a5eae57abf65abfff9116519daf250b547f5ea3a1
vcm_val_014882.wav,fil50_02487_ref_tagalog10_PLAY_MUSIC.wav,dd8fa9b6fa677dd96fc04d91e8fd9ed9c9fa985c0f25af39f30d385da36d26c9
vcm_val_014883.wav,fil50_04145_ref_tagalog12_CALL.wav,b2f294352ea3624bc22ab575a8d0b7bb51594fcb4553096b8f4a1f2755b14d39
vcm_val_014884.wav,fil50_11629_ref_tagalog6_PLAY_MUSIC.wav,4b0354adf5dacabf38752effe44bfb2053539eec7cd5cb1e9400baf50a31b072
vcm_val_014885.wav,fil50_01639_ref_tagalog1_LIST_REMINDERS.wav,6e7d1f3a1447dc8214ed97c241e6913ffc506e8587bc92d55fb5c5e675448fef
vcm_val_014887.wav,fil50_05828_ref_tagalog14_NEXT.wav,87dcd5a35baef99fcf2d03da862ff8bae46ebbf36dd3be53ab6399aa6afaf72e
vcm_val_014888.wav,fil50_03280_ref_tagalog11_TIMER.wav,86c80762aaa6bf24083d5abee4726677e0b5b8b7ac47e8966aa4eb18ea99b847
vcm_val_014893.wav,fil50_14104_ref_tagalog9_STOP.wav,2bb5b6c5bd269530c9d68324243ed48ff014af48a2c5cb6cb9116b57517112da
vcm_val_014894.wav,fil50_00825_ref_ilonggo1_COLOR.wav,2372b4322b661ad49c0d077004579f2a1510b9616766d65438002458cd74cd7d
vcm_val_014896.wav,fil50_06676_ref_tagalog15_ALARM.wav,c89da1b1d22a701d1c8278d6b0656cc6742b272e17077aca99ecbce3e59ae5a0
vcm_val_014897.wav,fil50_13292_ref_tagalog8_TEMPERATURE.wav,7e9c7c034534c84249f26b3c0b838b6ea1ec9d9ce88ad0b8222d901044d4ee0b
vcm_val_014898.wav,fil50_09931_ref_tagalog4_COLOR.wav,7ca140cec225189a171dc4c934c062f7e39123dc0afcd1c6fc400ec0aef61d3b
vcm_val_014899.wav,fil50_02489_ref_tagalog10_ALARM.wav,dda9fda04ac107dba3fc07e9deba1212263cbbddedbc3a6903f1872bd56249b4
vcm_val_014900.wav,fil50_04146_ref_tagalog12_LIGHT_ON.wav,1445744e41077721323bab1333462ea2be855b8d426284262f1635f5a28137d3
vcm_val_014901.wav,fil50_11630_ref_tagalog6_LIST_REMINDERS.wav,1f32df14c2e74633fdce9216bc1ab8f338240fd4418dc519471b1fe24d4e1a6c
vcm_val_014902.wav,fil50_01640_ref_tagalog1_LIGHT_OFF.wav,82e4ee06a7cec8aa35493a21574b373b5f0ab7fd16420837fc0a265e1fc7ecb3
vcm_val_014904.wav,fil50_05829_ref_tagalog14_COLOR.wav,3276c8722b409349532d7870eec112fc6ae979b7967afc6de9ca083d9c621c60
vcm_val_014905.wav,fil50_03281_ref_tagalog11_TEMPERATURE.wav,3493a3a0259850c70366057e1715119eadbff3875e0acb74086b99d2d7d4e824
vcm_val_014906.wav,fil50_09092_ref_tagalog3_TEMPERATURE.wav,00497853d966588b251e59d4fffe37c973e04cd0b0f98d47e3c8d74be7eac4ed
vcm_val_014909.wav,fil50_10804_ref_tagalog5_WEATHER.wav,a2787868c8114a05e4c0eb8b48eaa2f31c0cf5e5d1b5da51c67f5cec266fe512
vcm_val_014912.wav,fil50_04995_ref_tagalog13_ALARM.wav,5b0017d75f1aa38073e38039cdece593fca31bfa09b361e686a4e4c2cb5b413e
vcm_val_014913.wav,fil50_06677_ref_tagalog15_LIST_REMINDERS.wav,d5049bf212703c3f9674b0317587f81db56c7bd7d3f79fe00df251827b47adce
vcm_val_014914.wav,fil50_13293_ref_tagalog8_MESSAGE.wav,960c2d26f62949a5ecead7b95526a716231219005412b20c2cf23b12ac0dbf86
vcm_val_014915.wav,fil50_09933_ref_tagalog4_BRIGHTNESS.wav,4563ab21d1db12bbf4e24113f8ac4567165fd2078accba598d5947b2aa2f1a70
vcm_val_014916.wav,fil50_02491_ref_tagalog10_CALL.wav,bf2ba759ba639a0e46f87bc9d89d97e687801d4c890ab03ee801b7d9574d789a
vcm_val_014918.wav,fil50_11631_ref_tagalog6_CREATE_REMINDER.wav,c6d701592a288e6eda16e43163bac86eaf77d0df31dce226d62828cbf516f477
vcm_val_014919.wav,fil50_01641_ref_tagalog1_COLOR.wav,eba56beb12e51c1aad02d5370d76665193755da4b0126def92f475a1eb0d842a
vcm_val_014921.wav,fil50_05831_ref_tagalog14_ALARM.wav,0e71179d74f6f3db996f1f62c6052ea13c9792d7661fb6ca08a17ccaa738e135
vcm_val_014923.wav,fil50_09093_ref_tagalog3_NEXT.wav,34ebfa0523a5fae8f0bd491a659c09e874a078b6d80643ff71468ef2d633399b
vcm_val_014924.wav,fil50_12474_ref_tagalog7_STOP.wav,bdce520025ebb90f56f9911323c7c04c09d974a06f4615a821f538fce937a22e
vcm_val_014926.wav,fil50_10805_ref_tagalog5_VOLUME_UP.wav,712c34b5317dbe18420c64f36d780540123f7686742f853b213f05d6e750c818
vcm_val_014927.wav,fil50_14105_ref_tagalog9_TEMPERATURE.wav,26579533503f5b38b6400eabc2a083beee155d48aa6cfb22cabf172ea2e01b8f
vcm_val_014928.wav,fil50_00826_ref_ilonggo1_ALARM.wav,058c1e4fc893cf5a102e985d525bdbbd89592b15632f26cbdf8c012084676a25
vcm_val_014929.wav,fil50_04996_ref_tagalog13_WEATHER.wav,c12fc11f872a29171fe095d73b68fe402f947b62b029ccbd98ce68709c586b3d
vcm_val_014931.wav,fil50_13295_ref_tagalog8_MESSAGE.wav,57dae06baea7591b7459321a0ad746f5a0e8e27b764789ea0b08c3459dcc7315
vcm_val_014932.wav,fil50_09934_ref_tagalog4_COLOR.wav,8ad6f60c33adb57b3526f769dea911407411d201e6e31938b0c1bbcf5b887bfe
vcm_val_014934.wav,fil50_04147_ref_tagalog12_STOP.wav,c6d0ba694ed27561c1892198fff5f38c96e60e196a5f044cb34191e8796976b0
vcm_val_014937.wav,fil50_07342_ref_tagalog16_CALL.wav,71455990bac55fddbb23a8c90036ce5605ece6b9482a071a587e90f34ab6670c
vcm_val_014940.wav,fil50_09095_ref_tagalog3_TIMER.wav,42daf134c113bb1f94b3b7f0a78d03f237e18257c1223867ef8a392b9653d767
vcm_val_014942.wav,,caf9c8adf3665eb6c3feca8b953faccd0ba23c5a2ee73875ab30ed86cb128cdd
vcm_val_014943.wav,fil50_10806_ref_tagalog5_PLAY_MUSIC.wav,99c7313bcb7e81ddcabb13c7596b68216952ace7a0d9c3f15c3c71521cb8ec4c
vcm_val_014947.wav,fil50_06678_ref_tagalog15_TIMER.wav,97bed219ad3c8b552d51290726def1431867ea6e74182f12a1cf1d06dbc288f0
vcm_val_014952.wav,fil50_11632_ref_tagalog6_LIGHT_ON.wav,21ebf6f9dc3176167b56536d82148ec8ab5e7cdb42dc74101bbbaa2139152be0
vcm_val_014953.wav,fil50_01642_ref_tagalog1_CREATE_REMINDER.wav,461aa0517d44428d6550398749b8be7fea32410e4baef7667d9003ee749c3496
vcm_val_014954.wav,fil50_07343_ref_tagalog16_VOLUME_DOWN.wav,6a0d88b4e2755e70d5da3495125135c23147e17a58acf602fd9515b6689bb2e8
vcm_val_014956.wav,fil50_03282_ref_tagalog11_STOP.wav,31ae0e626d48865118f82ee80792c8f1670491a47055ffac7c3effb7ccf16781
vcm_val_014957.wav,fil50_09096_ref_tagalog3_CREATE_REMINDER.wav,214669ad099fbf08f8019244d7ce6785b232760dfa885a11b5699a52bf8f776e
vcm_val_014959.wav,fil50_08241_ref_tagalog2_TIMER.wav,d875969808d1a21f690985c413fd0294cdf76081041ba259ec10b1e80e6e5508
vcm_val_014960.wav,fil50_10808_ref_tagalog5_VOLUME_DOWN.wav,077baaabe6005724cf45ebcd2a4f6b335f89604bcf157e9fdf3fdd6a6ec3c664
vcm_val_014962.wav,fil50_00827_ref_ilonggo1_MESSAGE.wav,eec4879289b9aea745f46c264806eab7f8235a601c71315f5f54be830b9fca25
vcm_val_014963.wav,fil50_04997_ref_tagalog13_VOLUME_DOWN.wav,1756e640e5e55e1e116ee44d8a59c9edb43983cbfefa4e3d594b95828470a249
vcm_val_014964.wav,fil50_06680_ref_tagalog15_TIME.wav,5c37e082c343e057a42cbec0a654850f918f5f47d4a1b672f4d0e5ff605adafa
vcm_val_014965.wav,,14933972db9f771f69400963e668a4eb2253176d9c4ccc3bb50b6d3905636ac4
vcm_val_014967.wav,fil50_02493_ref_tagalog10_LIST_REMINDERS.wav,f4ce520f38752816f682b5586f1b3e51d1b00ca7fa1c85b5875bb327f68a54ef
vcm_val_014968.wav,fil50_04148_ref_tagalog12_TIME.wav,e7c3bbd646069387eec8ceacde47520d50704c347f15f2071209fe6b12d8c41a
vcm_val_014971.wav,fil50_07345_ref_tagalog16_LIST_REMINDERS.wav,070a27ee2948fa35221d0a9113670d3f3a7011b8d1b34262c41372afe8ed0f4d
vcm_val_014972.wav,fil50_05832_ref_tagalog14_CALL.wav,e9eecf6ee02cf202492899519f612c78b602cce0780bd7a1730b1b97f0a2669e
vcm_val_014973.wav,fil50_03283_ref_tagalog11_PLAY_MUSIC.wav,954bd70110b5b3ecb5b61ae47cc92bec754103ba65b330fdfe3f1e4d142150db
vcm_val_014975.wav,fil50_12475_ref_tagalog7_BRIGHTNESS.wav,c4fe7dadce9070ea0c30284c28116b71eed6d4560cf7e20c125ab89cf72fb29e
vcm_val_014979.wav,fil50_00828_ref_ilonggo1_PLAY_MUSIC.wav,19e4ac95817295396a2e5e47f010a758a38db68d160bc5bcf1978f563f711617
vcm_val_014981.wav,fil50_06681_ref_tagalog15_LIGHT_OFF.wav,65e9327c2412379583c94b8e64ee4dac08e871f1fdab4f2d11a06fe71a5f5ba3
vcm_val_014982.wav,fil50_13296_ref_tagalog8_NEXT.wav,4804758e7486d23d0a9b06a2065c727398d5703c7b85fb52151d58dc2d65051b
vcm_val_014985.wav,,85de54bd199b9f21802daba64f31842e4f8f05044009d1800d830758ad25c642
vcm_val_014987.wav,fil50_01644_ref_tagalog1_NEXT.wav,156ab659c72fd73eccde80c214bf329a2f6c02f3413ee7734a4ea86c150f66ff
vcm_val_014988.wav,fil50_07346_ref_tagalog16_ALARM.wav,8fd0db299aeb30b740d1cba5849422fbace06b08b90a145d0f1c1157b3784396
vcm_val_014990.wav,fil50_03284_ref_tagalog11_LIGHT_ON.wav,465fabd840b5acaffd4ee325c65b8202e094f2003bdd7a0661d37daf1d31eb36
vcm_val_014991.wav,fil50_09098_ref_tagalog3_ALARM.wav,9226cecdb519f3535273bc7a839f849b249c7d910b2ccd78f903c53db5e837ae
vcm_val_014992.wav,fil50_12476_ref_tagalog7_ALARM.wav,5f12876f6da66f05808cbba18731c362c4b9dfe95a53d5cb7f46d0c5cbdebd60
vcm_val_014993.wav,fil50_08242_ref_tagalog2_TIMER.wav,6bcb2393f60669af06301a37abce30d27c9b323af9d31f7f0f6399e512fe2bc6
vcm_val_014994.wav,fil50_10810_ref_tagalog5_ALARM.wav,3d2c0c7034521a00bc95beb6b8ba86b18fae1ccc141168f547c9042d63c2ff90
vcm_val_014996.wav,fil50_00830_ref_ilonggo1_TIME.wav,be52a087e3b2a66d0ea3a2a59fdbae0e5e4e4ec2a118d012307d226f86157784
vcm_val_014997.wav,fil50_04998_ref_tagalog13_COLOR.wav,d8535817a4816e20dd2577492fc07da3a7248121737e32e42bdf4e7d0ca893b5
vcm_val_014998.wav,fil50_06683_ref_tagalog15_COLOR.wav,457d4ec9416ca0e2cefcbe2857a4c5eb879268521b26a08160f24d78b86989bf
vcm_val_014999.wav,fil50_13297_ref_tagalog8_ALARM.wav,a1ef6070c4b1a66e1d5df2c703b87c8a79e0020e85bc2aa23d74ff0dc46f1278
vcm_val_015000.wav,fil50_09936_ref_tagalog4_TEMPERATURE.wav,7e3dab679b84720edc2c7c95af27620d4132143ac6084b64e4f250ce4930675e
vcm_val_015001.wav,fil50_02495_ref_tagalog10_NEXT.wav,ee4516d74044f98639674e75c29a51605ac7943a85a564741371df5a48ab36c8
vcm_val_015002.wav,fil50_04150_ref_tagalog12_PLAY_MUSIC.wav,c9b69797f6851894096c8dc010dd4d207540ae1f0d6e5d2e9e6c168f2df4868a
vcm_val_015007.wav,fil50_03285_ref_tagalog11_LIGHT_OFF.wav,8c4b1b6a16d924f27cf62b6d337c4a66358a335355c84f813858cb32e0c3ef99
vcm_val_015008.wav,fil50_09100_ref_tagalog3_CREATE_REMINDER.wav,8d295fafe10054413875aee56bb725bd6b867192f9b201f670748774664488bd
vcm_val_015009.wav,fil50_12478_ref_tagalog7_TEMPERATURE.wav,7f2af394805d259e6376f0b18239a6f62326aa53d10f4f65e6a16564d5b88337
vcm_val_015011.wav,fil50_10811_ref_tagalog5_LIST_REMINDERS.wav,6c565d09a4500bc6d468b0f319e754e55af3a52ea3675fc370eb3721ee90616f
vcm_val_015012.wav,fil50_14106_ref_tagalog9_STOP.wav,48e0e193591c78c980e356597bae550d414d465416fbea2259e14cc85ea0d928
vcm_val_015013.wav,fil50_00831_ref_ilonggo1_TIME.wav,a4e3ab6046933677d0b4e92c94022c4db09bcdde0ff6efc2c8a24ee004b6228c
vcm_val_015015.wav,fil50_06684_ref_tagalog15_WEATHER.wav,cfd5d351c01d3d68c249c9bd2e2dfc7b4e6ac85c2c9f280072c9ff91ea786d74
vcm_val_015018.wav,fil50_02497_ref_tagalog10_STOP.wav,d81db65a2bacf4ec1dd907de84b5c68eefdc6ba4e7dd34612df7a08fc333f9b6
vcm_val_015021.wav,fil50_01645_ref_tagalog1_VOLUME_DOWN.wav,294f778da6c18e87b1518ad0fe07e8fcdbde747d591bdc3e72d9e0ccf131da63
vcm_val_015023.wav,fil50_05834_ref_tagalog14_ALARM.wav,091c337d51d90b9855131334f5ec06c8173fd81da3f68ee1c9bafce10e886c46
vcm_val_015024.wav,fil50_03287_ref_tagalog11_COLOR.wav,c0e31bbe48e4adeb803978a07c79f4f5b23b29c07316532a637d70cc34b65818
vcm_val_015026.wav,fil50_12480_ref_tagalog7_NEXT.wav,d640bcae7a60d33837c53c03ef4bb7a529598ab998632c5ff8f16831ac708d65
vcm_val_015028.wav,fil50_10812_ref_tagalog5_NEXT.wav,c29bb2d6f9c641d33a8544570aed128413edde25ffa6a298d11735a03eecfbcb
vcm_val_015030.wav,fil50_00832_ref_ilonggo1_VOLUME_UP.wav,9ce53369062883ecb3780d6746c745faa257285044210f5fa449d03f5d0fc56a
vcm_val_015031.wav,fil50_05000_ref_tagalog13_TEMPERATURE.wav,8364f07b90288e1fc743f3365f05f771c594f0d8bd1052750005b9027ff97d37
vcm_val_015033.wav,fil50_13298_ref_tagalog8_MESSAGE.wav,6da0a3d02546303a97363558a58e775bd5e650db38e673aaa3f61608da24d526
vcm_val_015036.wav,fil50_04152_ref_tagalog12_TIMER.wav,7a5dfd75a1157d6deff79c1995ef44663a075d78d9de382c0f01d1b11cb5fc5d
vcm_val_015038.wav,fil50_01646_ref_tagalog1_LIGHT_OFF.wav,fbf3c431df13e37cdd112e437f4223c7f249b5a232ce5a39e4a322202fd179a8
vcm_val_015039.wav,fil50_07348_ref_tagalog16_TIME.wav,3fbe96b93f436360e839543d15895bf80ff16fc000dad6465042745b1b571787
vcm_val_015042.wav,fil50_09102_ref_tagalog3_TIMER.wav,825d0bbea57aff8927b302f30173aa04ca04cf8217cdb5888794e1489bd213d7
vcm_val_015044.wav,fil50_08243_ref_tagalog2_ALARM.wav,fa3f6d2d30892fc57c9003e6036fd5d602df790158f1318922ff2308d67e12ad
vcm_val_015047.wav,fil50_00834_ref_ilonggo1_TIME.wav,9ac051a2ae0bf3b98342bb5871380c972f359376feefb181976f31221c6fcffe
vcm_val_015048.wav,fil50_05002_ref_tagalog13_TIMER.wav,f7653cad7e6db37dca17ac2f6f1df8c6b7dcb8db84f4dd20f59fa26e1462ffc5
vcm_val_015049.wav,fil50_06686_ref_tagalog15_LIGHT_OFF.wav,c5655de7d96179699b17f2a061eb1bd03be3824ffa111f39aa32f44b3d1006e1
vcm_val_015051.wav,fil50_09937_ref_tagalog4_VOLUME_UP.wav,39c98854b58f516f2b2c8b49a7a21fbe3cb68b89b57ee281be7e1d8d16103756
vcm_val_015052.wav,fil50_02498_ref_tagalog10_ALARM.wav,f6d4f350d335746746ca7bc65b4da53c951bc8e1c734aa050762a014919d3769
vcm_val_015053.wav,fil50_04154_ref_tagalog12_VOLUME_UP.wav,e7d1e1921418a86fb6acb19ba46a3d6ab099e9cd8176db5792f757d6edc45c01
vcm_val_015054.wav,fil50_11634_ref_tagalog6_TEMPERATURE.wav,121381559e345171d3ca7eae01803ad71750e1b1810fa34e07887938aceac3ab
vcm_val_015056.wav,fil50_07349_ref_tagalog16_CREATE_REMINDER.wav,ef8f1036ac13b7322d344ba5dcb267c27d0522780902a195f81d570ce5a3ac0d
vcm_val_015057.wav,fil50_05836_ref_tagalog14_ALARM.wav,027a9fb03d80a100ee2d28f2ca4d8ff2ba2b132f228ee9b2f70f8f6decb34ac1
vcm_val_015058.wav,fil50_03288_ref_tagalog11_TEMPERATURE.wav,45ee5fd1e4dc276e9823f868da8361e3e95dce668cf804cc7ed8c0a4a8535615
vcm_val_015061.wav,fil50_08244_ref_tagalog2_ALARM.wav,af7ea30649c089c8fd3850c6c253ca893eb514ca384c46da1ffab6050b0af2ee
vcm_val_015062.wav,fil50_10813_ref_tagalog5_NEXT.wav,4680aa3f66f28e3eba745b344b9a814ff6b20481eec653b61508c25ca5e1fc64
vcm_val_015063.wav,fil50_14107_ref_tagalog9_ALARM.wav,5e358b067b810b87c6450bd8d6162430bed059dc88b6374c20a42743d8761d0f
vcm_val_015064.wav,fil50_00835_ref_ilonggo1_ALARM.wav,8beba0573f0c65a28bb2f345dfeb4747820496581fb2bfb39e99a435dbc26465
vcm_val_015068.wav,fil50_09938_ref_tagalog4_LIGHT_OFF.wav,18b9772fa50317b0fcf32577c024a7ead12bf158f64af3ce6fb33498ddb70ed3
vcm_val_015071.wav,fil50_11635_ref_tagalog6_TEMPERATURE.wav,32eae89ef841f16b31fe4b399a9b85e5a1218f533ff51cfece538824757186f2
vcm_val_015072.wav,fil50_01647_ref_tagalog1_NEXT.wav,a21f358931992384c9776ecb71d69eade432c74a81ca99c7071fa9f3b1960bc9
vcm_val_015074.wav,fil50_05837_ref_tagalog14_COLOR.wav,200d4d7fd76c163771c1c20ed813a172149de54c1bec946e62a3e7e3abc2acbe
vcm_val_015076.wav,fil50_09104_ref_tagalog3_COLOR.wav,783729b3703e1ce8366595be83125d71583f332b3f98a00cb1fff7f3b97b2e51
vcm_val_015078.wav,fil50_08246_ref_tagalog2_PAUSE.wav,28d3ea077c7df1a09d1a0997d0f24e4a33a24ad89034921fbf3786e8f251a57e
vcm_val_015079.wav,fil50_10814_ref_tagalog5_NEXT.wav,4f1e229e2d91e9c48324fa742a0f2ed391eca7e1683f696212c81dba585afb6e
vcm_val_015082.wav,fil50_05003_ref_tagalog13_WEATHER.wav,9c8ad2c10ff94d4631a110a372f3560e8cfa39bfbd93815d5e3dd26616a39a10
vcm_val_015086.wav,fil50_02500_ref_tagalog10_NEXT.wav,a22b01acda8eb866a8ba1177a1bb79dbb7d481145089c647a84f961f05744762
vcm_val_015087.wav,fil50_04156_ref_tagalog12_VOLUME_DOWN.wav,f50d2207882ccc5e0aab15548dad19d40c9e0479f85b98024bc027ade4dedcef
vcm_val_015088.wav,fil50_11636_ref_tagalog6_COLOR.wav,a61923f4648a1d37645934ce2b77316e63935e52d8d65ae05c339be1c372775f
vcm_val_015089.wav,fil50_01648_ref_tagalog1_ALARM.wav,af42534d52cb5813a24338214e0cbf5d4678b092c8ed0484dd68c304d1dabaaa
vcm_val_015091.wav,fil50_05838_ref_tagalog14_TIME.wav,913e71c4a16b5731bdbceeed86316758615bb60638320ef3a5d9af9f1865206a
vcm_val_015092.wav,fil50_03289_ref_tagalog11_LIGHT_ON.wav,9d2153b479c50d41cb4800575897c549705a6ff0371d0c4edc81e88ee0487b7b
vcm_val_015094.wav,fil50_12481_ref_tagalog7_WEATHER.wav,fa6d7de221ac90fd1fb2645cc499720131a5e37e99edda8b58a3216f76fb97b4
vcm_val_015095.wav,fil50_08247_ref_tagalog2_TEMPERATURE.wav,f05343d9ca9173d87408c4943466604fe67783fa8ce47b246d7c4c7fd6240bf2
vcm_val_015097.wav,fil50_14108_ref_tagalog9_VOLUME_DOWN.wav,def6a84fb1409d775bc2b5552f7673f5e2428943d0c40df9ebc0fab2a4d32400
vcm_val_015098.wav,fil50_00836_ref_ilonggo1_CREATE_REMINDER.wav,94e34f52f269c60b8224987fba837b0e12b3aed9fe3adf1748e127a66d8a3899
vcm_val_015099.wav,fil50_05004_ref_tagalog13_LIGHT_ON.wav,98580e3254f9b5e585a0e296f011f316313344bac616d8c78979a7cdd30a010f
vcm_val_015103.wav,fil50_02501_ref_tagalog10_LIGHT_ON.wav,ad7c025482909e6b583764f3bfa921c14d932ab935db09db8d6a6f9bb7995abd
vcm_val_015109.wav,fil50_03290_ref_tagalog11_CREATE_REMINDER.wav,f88259f7712cdc52b6123f206209560fb739fd9a78989379315c2970cc9e880b
vcm_val_015110.wav,fil50_09105_ref_tagalog3_TEMPERATURE.wav,5a2a21a0b86cf70e1f982c2a8da3d35c139ca7a1e3b5138b0511ba9500d50e52
vcm_val_015111.wav,fil50_12483_ref_tagalog7_TEMPERATURE.wav,9a94fa5f4e8bc489c9f3fffcbfd4aea33fda442e93e134d61da91204a120bf6e
vcm_val_015112.wav,fil50_08248_ref_tagalog2_BRIGHTNESS.wav,74790153fbce2e52b6fa2078a852af1ab5ba7aac463c0c9b1eb984a32467eeed
vcm_val_015116.wav,fil50_05006_ref_tagalog13_LIGHT_OFF.wav,f59d95c03a4a9cc2d80fefd495576aeacbb1294264c132e65ac7f7ad0cd9747d
vcm_val_015118.wav,fil50_13300_ref_tagalog8_BRIGHTNESS.wav,7d2a377b3712ca5bcba36292370fe675c46af1245146ef411c6161abe453b525
vcm_val_015119.wav,fil50_09939_ref_tagalog4_TEMPERATURE.wav,036742ee2ff0004dd69997291360bbe28fc5230c5b3e1843ac94295a545fbdb6
vcm_val_015120.wav,fil50_02502_ref_tagalog10_BRIGHTNESS.wav,9f4015f5cc838f4e26b535afeba18e2fdbd638014d8aaa03307ae063dcdc6858
vcm_val_015121.wav,fil50_04158_ref_tagalog12_ALARM.wav,90a533cea75c8d48b576752e2d90579aa90c326e0b23715781982668060b1ed0
vcm_val_015122.wav,fil50_11637_ref_tagalog6_TIMER.wav,a8a41e533a6b03fb92d73a622aff3a77775915e2ec64817b94853d4d6aaa6358
vcm_val_015124.wav,fil50_07351_ref_tagalog16_WEATHER.wav,4a6e38950af8fcb16cc535a73f6c91a0ca2b8124040409142cc48c551b048b1b
vcm_val_015125.wav,fil50_05839_ref_tagalog14_NEXT.wav,8ffa58d829461b2b357cb042f261c70e847e6fe5c9cbe1baf1524cbfa132dc76
vcm_val_015126.wav,fil50_03291_ref_tagalog11_BRIGHTNESS.wav,a5a687e82c907c8fff034af7c84cfa10e09a2a300ed0f32cc3b422edc9a70ec5
vcm_val_015127.wav,fil50_09106_ref_tagalog3_LIST_REMINDERS.wav,78df164a362f39b537c621ddda4afb4a66a335207fd8bbdb4f33cbe5fd053f81
vcm_val_015129.wav,fil50_08249_ref_tagalog2_TEMPERATURE.wav,0a34597a2841f83b155f8235abbd89d87a503ae494acc54cd9ddb7b128f1da49
vcm_val_015131.wav,fil50_14110_ref_tagalog9_ALARM.wav,1b8e780f934c78fd0783e919c3d158fa5e43af1786aebe830abfd237c0fcf2ba
vcm_val_015132.wav,fil50_00837_ref_ilonggo1_COLOR.wav,98e7819e80dca81864f34ab0a3286e07a0a1b0789749f49d6be60b832012e446
vcm_val_015136.wav,fil50_09940_ref_tagalog4_ALARM.wav,5e5b0e0fa775674a166c1fbc38448b132a55cbe481912a8e1900372f124be362
vcm_val_015137.wav,fil50_02504_ref_tagalog10_NEXT.wav,e1c75998ab02eac1bc6a7978cc7e2d379b445eb83dd7a89334e8c3955f778cb8
vcm_val_015138.wav,fil50_04159_ref_tagalog12_TIMER.wav,8f21bfed8266f7f1d4fd1193df6d8c6c38777a6c788ee126e3555ac0037cfa16
vcm_val_015139.wav,fil50_11639_ref_tagalog6_ALARM.wav,4e9ae2e5da5ec7965bcab3db4d5d99f15483c9f3722c07a3841a2e31201dbc0b
vcm_val_015141.wav,fil50_07352_ref_tagalog16_VOLUME_DOWN.wav,96489a42ea443c77715160b153092b6c1b1759f62cb1500c33d5c7fcdffd55c3
vcm_val_015142.wav,fil50_05840_ref_tagalog14_TIME.wav,e4a1a0630d585df3df5c4a0918c27610b0f20adf1eaccdfbc6c0ead732e30f22
vcm_val_015143.wav,fil50_03292_ref_tagalog11_STOP.wav,354f3a7602635dbeb2180d9558e0c11996f2173e51d4cd320f6e98fc285e3a0b
vcm_val_015145.wav,fil50_12485_ref_tagalog7_ALARM.wav,55c14f55c92d001896db1233299dc2684c7ca0dab8ddd97095b028ed1ba134da
vcm_val_015147.wav,fil50_10815_ref_tagalog5_VOLUME_UP.wav,d4ebe41971e1c79b6c0c12033d0f29a289efa11603802b13071e7b3f3428934e
vcm_val_015149.wav,fil50_00839_ref_ilonggo1_NEXT.wav,c03e758bca478b806a0c50cbf6a1de8c0b45025ec967fa63ec27a15245097c07
vcm_val_015152.wav,fil50_13301_ref_tagalog8_NEXT.wav,1c7c94b76de14d8c3ae8c39120cc6101232dcf4a9a8d8ab55988ffd2c0dd5383
vcm_val_015157.wav,fil50_01650_ref_tagalog1_PLAY_MUSIC.wav,0e58cc6726fd0dfea09d6c9302a829f448f3c3c99a6c21ba6aefb6bf7423e786
vcm_val_015159.wav,fil50_05842_ref_tagalog14_TIMER.wav,39cc99e64a243f25bb93da69ddfbfbbc39867596a764b94255e341e9ebdf7fba
vcm_val_015160.wav,fil50_03294_ref_tagalog11_ALARM.wav,a6a7526e7bf5b75453ead3a5da9bb8c4426f4f6cbd9fefc053f314d8c395ff29
vcm_val_015162.wav,fil50_12486_ref_tagalog7_WEATHER.wav,85843c73e95d1c679d5b9cc932bef6678fc34432eec8e3dbadb844b12e4749df
vcm_val_015163.wav,fil50_08250_ref_tagalog2_VOLUME_UP.wav,fd315b9b43ca5135423e809b58556bbe786ef67daa62272663dbb514b596e99a
vcm_val_015164.wav,fil50_10816_ref_tagalog5_CALL.wav,dc17c6a680873dec3741046e8c1f5e4349496499b67d0ba7fb465a7046a7633e
vcm_val_015172.wav,fil50_04160_ref_tagalog12_MESSAGE.wav,a2f60057f8aef88d3fe94d60a39ff4ac2172c1163d36e57be586c7c47866bfe3
vcm_val_015173.wav,fil50_11641_ref_tagalog6_NEXT.wav,a093997cf2c89e34f3375da6e76ac1b8b7aa0845ead05a32bb31c0152aef55a7
vcm_val_015174.wav,fil50_01652_ref_tagalog1_ALARM.wav,0cf2063bc15fa026bcba6abab4bfebe579b903f5e0fbe284ab29630c202b1793
vcm_val_015175.wav,fil50_07353_ref_tagalog16_NEXT.wav,3c74b478580e6db7cb1c519c3af75128095bcac881494ba24b3aac9aa5d2a0f3
vcm_val_015176.wav,fil50_05844_ref_tagalog14_TIMER.wav,5cd352d13ee836b03c2062b7727eca8e8d232309172fd19cd64398b080da2ec8
vcm_val_015178.wav,fil50_09108_ref_tagalog3_LIGHT_OFF.wav,da8375ee0b02466408adcbe6c03e0b46a882e4824129129c7a64c9f7e38dcfa5
vcm_val_015179.wav,fil50_12487_ref_tagalog7_NEXT.wav,b5db2939c81944a52540757a52e528be773775abea1c1f76c6523511179997d6
vcm_val_015181.wav,fil50_10818_ref_tagalog5_CREATE_REMINDER.wav,f45ed8dec4bc69f2ee1b8f68bb02d472374ad217fde9b2875ebbab1d62f8c250
vcm_val_015183.wav,fil50_00840_ref_ilonggo1_ALARM.wav,9123c3ec145b51e5a4922492895d457b252e07d4c01ef04258ff54f9f763e0b7
vcm_val_015186.wav,fil50_13302_ref_tagalog8_TIME.wav,1955e195edd7ee49c3614c66f2406ed1534df4b61feb702489c6ba599a2445c3
vcm_val_015187.wav,fil50_09941_ref_tagalog4_VOLUME_UP.wav,15473e065db3fe56c0cdf7768fa465e83ccc616f2dddb1ef8a2b90b05b52286a
vcm_val_015188.wav,fil50_02506_ref_tagalog10_COLOR.wav,0ae769e69211f58daefc3ec373a0d00da32406b9e3152a7782404d9e4c501a0f
vcm_val_015189.wav,fil50_04162_ref_tagalog12_CREATE_REMINDER.wav,d6da8cd859a61619abd1a6e8875225d61127e89e5449177b743bd002b3c32fff
vcm_val_015192.wav,fil50_07355_ref_tagalog16_NEXT.wav,167997612bda00d8a7f533e43798bf48831a0c4873ff2a5e0dc44a42abf4ed3b
vcm_val_015193.wav,fil50_05846_ref_tagalog14_CALL.wav,896bb0a3361f765ee61fda9c44b7cf62b79f8ae696b78b3e04d56330b4c4c9ce
vcm_val_015197.wav,fil50_08252_ref_tagalog2_PLAY_MUSIC.wav,f9eaff76a57f395019c692660e32d6013ec53d8237aad0e41f1cf02168fd5709
vcm_val_015198.wav,fil50_10819_ref_tagalog5_TEMPERATURE.wav,cf2129d8089f732c8f7c1ce7501b82d5d6b3421dcab9c8a106103ba9764e94b3
vcm_val_015200.wav,fil50_00842_ref_ilonggo1_ALARM.wav,37c13645700fee1c197b837c871c6396cf660a9a96af1a956cbe1a9deab975e5
vcm_val_015202.wav,fil50_06687_ref_tagalog15_TIMER.wav,3a3095b7b9c93f9073226a96737cdea4cf8273eb28ce8d4776de0df49a10fb00
vcm_val_015204.wav,fil50_09942_ref_tagalog4_TIME.wav,a6aa4d8d779c888a6dd25dbb645b8112b6ee46adf416d3e9c6e786ec9acc19a2
vcm_val_015209.wav,fil50_07356_ref_tagalog16_CREATE_REMINDER.wav,fecb43917b8b0776ed2fc9e711d20f2fac826e14acd23a691cacc192d5ccb237
vcm_val_015210.wav,fil50_05848_ref_tagalog14_LIGHT_OFF.wav,c52de784a192862495b9d95138cc20ac40808553291a904634498ed64cb1244e
vcm_val_015211.wav,fil50_03296_ref_tagalog11_PLAY_MUSIC.wav,a48ddc024254ed618beaf17add64adf8675c954882d969d54633bd6052e6bbfa
vcm_val_015213.wav,fil50_12489_ref_tagalog7_ALARM.wav,1aa7f7e24f57ecb251bc91a49e8e19c5672185fa0df92f536d32a9cafadc984d
vcm_val_015214.wav,fil50_08254_ref_tagalog2_NEXT.wav,33b169f6b9570ee6432a2e672a827a6a780671a0bd4674d61aabec99b10ae7eb
vcm_val_015215.wav,fil50_10820_ref_tagalog5_COLOR.wav,7ae1e46bebb495d6ebb151fa4a4cfb6b362356ed78933b8d2f9976a6f4a932d5
vcm_val_015217.wav,fil50_00844_ref_ilonggo1_PLAY_MUSIC.wav,62f3226bc2f9747d17557991474606e0595fbed42650ac1fb1eaff53199e763a
vcm_val_015219.wav,fil50_06689_ref_tagalog15_NEXT.wav,ec7de1fa33c31f5d1eb66d33743ebe22bc74f56ec4ea48019a630d0ce17c06b6
vcm_val_015220.wav,fil50_13303_ref_tagalog8_TEMPERATURE.wav,c5d536868292cda74f6fba92fcbc869221e27a5004ed9c8e41dbf8aae29a3b97
vcm_val_015221.wav,fil50_09943_ref_tagalog4_NEXT.wav,d4f92aaaaa76e4d188f94db0948c2854cd07678b54b51e5627c277336638779b
vcm_val_015222.wav,fil50_02507_ref_tagalog10_TIMER.wav,933ebc50b9b3a6001b31d21621a49d68a7bff151e4986cd2b12f9cb991ea0392
vcm_val_015223.wav,fil50_04163_ref_tagalog12_TIMER.wav,51881ea47f3cbc56e2a5cdd4a547e3f05b2909beac999d9691c4cebd5e2e1231
vcm_val_015225.wav,fil50_01653_ref_tagalog1_COLOR.wav,3522b7d85747da2d580852847505b223a189525aca99dc34bf2203dc8cc80e14
vcm_val_015227.wav,fil50_05849_ref_tagalog14_CREATE_REMINDER.wav,4b218639f1ace249169a1cd28820e1ec46da2408c0b21348850390d19bfcba60
vcm_val_015229.wav,fil50_09110_ref_tagalog3_COLOR.wav,f5efab18bac056ad356c807637df7f1fd3abe7034e5a962a1c0918675c333a75
vcm_val_015230.wav,fil50_12491_ref_tagalog7_ALARM.wav,12a845de5e36f4add1144153e6459337b3305e75cd37dd5e87ddd17f41109f1d
vcm_val_015231.wav,fil50_08256_ref_tagalog2_COLOR.wav,d029920dae5782ca1d76ff32604106902ad38ace04e203d18b92ca17ce64b61e
vcm_val_015238.wav,fil50_09945_ref_tagalog4_COLOR.wav,6ffceffef444890ab52b93349c7f7ea15ca5e7a8e80e58271a1025ee38b5b7d4
vcm_val_015239.wav,fil50_02509_ref_tagalog10_VOLUME_UP.wav,535dcc34969b19f3f3ffdb276ff423b23308950e80677ed6d68ec74a8cf3eb5e
vcm_val_015240.wav,fil50_04164_ref_tagalog12_TIME.wav,5c8220f0235e873f93cb5482c2a9337f604b3d8ba9b55b1830b12899130e3474
vcm_val_015245.wav,fil50_03298_ref_tagalog11_TIMER.wav,2dd9ae2c90e913614ce59886004cd25c8180966d2e29f025896ae362504a4e44
vcm_val_015246.wav,fil50_09111_ref_tagalog3_CALL.wav,a930d7ed577316ec9434a23b845bcecf6a3aadb66ad8651f4b21d329954be032
vcm_val_015247.wav,fil50_12492_ref_tagalog7_TEMPERATURE.wav,7a995811d52db1ed8a6902a341732139013e4decd896fa589709057ab16cc873
vcm_val_015248.wav,fil50_08258_ref_tagalog2_NEXT.wav,71f12b405088d0bd1966704ec080ef1749fe25eea28272c4caa9f76898403cf3
vcm_val_015251.wav,fil50_00845_ref_ilonggo1_NEXT.wav,c83c41f81844f9907d1573e6ed4ec0b358a06fe9e2fd1494eebe85409eeaaa71
vcm_val_015253.wav,fil50_06691_ref_tagalog15_TIMER.wav,e38c76a83147331049b62ec90fae37c3378a7e89a13d12fff870c3990f7c70db
vcm_val_015254.wav,fil50_13305_ref_tagalog8_CREATE_REMINDER.wav,8192f6d9badb279c8777e7750e7b6fd0d7117ce3d3bf99b36f941a73923023ce
vcm_val_015256.wav,fil50_02510_ref_tagalog10_COLOR.wav,cd2b3bbb18a3dc540b2529170f030ba9e8eed7a9fd2b254c9a8e62abb561567b
vcm_val_015257.wav,fil50_04166_ref_tagalog12_COLOR.wav,a13900596334ca132b93837840853c5c33df72d6a11589015b26bb9edf71ea81
vcm_val_015259.wav,fil50_01655_ref_tagalog1_WEATHER.wav,17067e070cdcd181045625518cc63743052b7415e9d17ec4da086a428b4048f1
vcm_val_015261.wav,fil50_05850_ref_tagalog14_TEMPERATURE.wav,f6f47af84c21297646824113c8d810319e5dde71d719b840711384b73cb08bd4
vcm_val_015264.wav,fil50_12494_ref_tagalog7_BRIGHTNESS.wav,9c6fe9a6b8fc5c41225a91e309a5acf66d37eb149f8228a644f64f021aaf0b6e
vcm_val_015265.wav,fil50_08259_ref_tagalog2_MESSAGE.wav,7b1b9d00658e1e3f817806a2e465ad6968d1bc117d8a0a95f0fbb06af5326368
vcm_val_015266.wav,fil50_10821_ref_tagalog5_NEXT.wav,1651228a10808668eace074b47a2972a473e64b1cfe6be39136ca94753fface7
vcm_val_015267.wav,fil50_14112_ref_tagalog9_TEMPERATURE.wav,b173ed0011003a6642bd7681172a79ce80836fe0982a126622d36655ebb70267
vcm_val_015268.wav,fil50_00847_ref_ilonggo1_PLAY_MUSIC.wav,b0a32290e9f6ce0e531c0a275a8c525dcd261504cdf82f836c043d7b3dafa736
vcm_val_015269.wav,fil50_05007_ref_tagalog13_TEMPERATURE.wav,687468a502ed7b38e5d20dc49d67b0ef575595aa086db0a2ac5fb7fa47c31161
vcm_val_015270.wav,fil50_06692_ref_tagalog15_COLOR.wav,999cc09b8a4745f403dda1ee33d04eec9b899787da0b5aa1f2285399909446f1
vcm_val_015271.wav,fil50_13307_ref_tagalog8_CREATE_REMINDER.wav,5edb912356f4deed7a87c5e4464de052081e4479cf1ab67ebf3d0529260fa4c4
vcm_val_015272.wav,fil50_09947_ref_tagalog4_ALARM.wav,92fa20e273a6af10eca4daf6b691e3587c3f4751c62aaf00c49abf5a2962bffb
vcm_val_015273.wav,fil50_02511_ref_tagalog10_ALARM.wav,c05f729c420cc2513f7005f5463cb1bf3833575d844bfaf82f79e3034a03f434
vcm_val_015274.wav,fil50_04168_ref_tagalog12_NEXT.wav,53436c01db406b9b1b2d2665ac3c1041f1cf49b614a17e4ae449f0446af2e376
vcm_val_015276.wav,fil50_01656_ref_tagalog1_ALARM.wav,5ad4feb40f8f248e947ee4934f5300730aabff5d1c577ad23a84c314b777ef74
vcm_val_015277.wav,fil50_07357_ref_tagalog16_ALARM.wav,7ef06a653c602f5340d7cd50bcafd2a2174c457b518a7d0201ef42d5797954fc
vcm_val_015278.wav,fil50_05852_ref_tagalog14_TEMPERATURE.wav,4bf8758d2d217d9be27c47a1eb64ed6106dc3141781c1d801f871d9e756d5e37
vcm_val_015284.wav,fil50_14113_ref_tagalog9_ALARM.wav,759569edeb14d126d69fd50a32bb0cc70ae94fcfdcf0209a1b69c56b35882acf
vcm_val_015285.wav,fil50_00848_ref_ilonggo1_VOLUME_UP.wav,4723785d77e4fbb5909bd24e5efee3c9e2548fa6f3d058e9efd4a74f1764ed12
vcm_val_015286.wav,fil50_05008_ref_tagalog13_NEXT.wav,ca537597063c95b65ab879a402713dceae6008c1c37291a7afee0d3ef414baef
vcm_val_015288.wav,fil50_13309_ref_tagalog8_VOLUME_DOWN.wav,baba3b00446339877a73d957e7bc727540f16618b4362826b001701f28249c0c
vcm_val_015289.wav,fil50_09949_ref_tagalog4_LIGHT_ON.wav,beff119dc26733d396b73a140b59feb1b3d6e15abd0c15a2d15cc19060ac6ea0
vcm_val_015290.wav,fil50_02513_ref_tagalog10_VOLUME_UP.wav,8091a6463ec5d982f605261161ed45f87bcbc6170863661c639ac9bc13a6a12b
vcm_val_015291.wav,fil50_04169_ref_tagalog12_WEATHER.wav,9d289de82c39b9bf4ad9ad605bc6e048783f22e3049ac2db089d0d5eb3fe4216
vcm_val_015292.wav,fil50_11643_ref_tagalog6_BRIGHTNESS.wav,583e545fe953f90a9730ce201aeb9e93ae0297d88603c688b61757cad4fd581a
vcm_val_015298.wav,fil50_12496_ref_tagalog7_TEMPERATURE.wav,42f1264fdb921c8437b15ca9521ee9204d0073fd6204660b058ed5c45fd7ed1b
vcm_val_015299.wav,fil50_08261_ref_tagalog2_COLOR.wav,42280f401df23309f00fd4f9f769248b3070cced8f8e5af06cec87bf2e7e9934
vcm_val_015301.wav,fil50_14115_ref_tagalog9_LIGHT_ON.wav,a4c1a4c1df8da94890fc5769d53de9fcc3cda62426708a1233a14a1fdd269df5
vcm_val_015302.wav,fil50_00849_ref_ilonggo1_VOLUME_DOWN.wav,b27b3d78f7ab88aea8cd2e0f0ee1c9c842041b0b214ad1ef99d046f67efd75b4
vcm_val_015303.wav,fil50_05009_ref_tagalog13_LIST_REMINDERS.wav,88b00a272defd1145cab515f8c112bb2c99975eaad155981e8c4303045b5dd67
vcm_val_015304.wav,fil50_06694_ref_tagalog15_LIGHT_OFF.wav,580c454c50019bb3ef467343e0c4ad55a706117604a0e43168dd3cca9e50f4dd
vcm_val_015305.wav,fil50_13310_ref_tagalog8_BRIGHTNESS.wav,6051e35a6c01ddebaa07d66c168face18f84ad03c348c8dce7513a1ab16619f1
vcm_val_015308.wav,fil50_04170_ref_tagalog12_VOLUME_DOWN.wav,cdde4d9d8020e6f8fa7fad99ef5bd3021717bc8afddc09595cdf8e8a93945210
vcm_val_015310.wav,fil50_01657_ref_tagalog1_PLAY_MUSIC.wav,dddda03450d35a58240acb65c1ec213e4ace0b50f531642a6ef6521b9e4a32e0
vcm_val_015312.wav,fil50_05853_ref_tagalog14_PAUSE.wav,654f08e6dcc8701b0f6695de180ef2262c228cb85740b30bda067d61df78e723
vcm_val_015314.wav,fil50_09112_ref_tagalog3_LIGHT_ON.wav,518914e1fab4c8ae714da2bfe25489a2abd5f335c489c1a8ee8479d48c5f2371
vcm_val_015317.wav,fil50_10823_ref_tagalog5_ALARM.wav,75ecdc092e31e48d93c05fd1b440101b24e2be86ce83c96c97bcb26b4e5e82b3
vcm_val_015320.wav,fil50_05010_ref_tagalog13_TIMER.wav,c275240aa599c6428ca4d36c2308fa14889c652435c99a32172762cd9ca2c17b
vcm_val_015322.wav,fil50_13311_ref_tagalog8_BRIGHTNESS.wav,a550b5f82fae459b311035f669a925d822d48992eaf0b8a3f088722f74e21d43
vcm_val_015324.wav,fil50_02514_ref_tagalog10_TIME.wav,0b537d32644a63bb88578817b19470be7a8c9ff5f10d15c48c865158c19889b4
vcm_val_015326.wav,fil50_11644_ref_tagalog6_TEMPERATURE.wav,1f4986042c5abb3f2c29292cf2f58c8f1d2c76ef7256aadf43eeb2a3795a498b
vcm_val_015327.wav,fil50_01659_ref_tagalog1_NEXT.wav,893c04adb72690d1770e1553b626574a90e5c10fbb89382a739cd807f10c6350
vcm_val_015329.wav,fil50_05855_ref_tagalog14_CALL.wav,0d2d835ef349d11818bb555535e96fa975478f4addbbfb194e87ef3c1c7bafb7
vcm_val_015330.wav,fil50_03300_ref_tagalog11_NEXT.wav,03d69ac43f17953f3a0ce970d295c616864d2038d6fb09e9c41f90afdf6ba973
vcm_val_015333.wav,fil50_08263_ref_tagalog2_TIMER.wav,4c322dd7209922d6e841e591bb934b5a36790af2647eb3728b488cfff1b4b250
vcm_val_015334.wav,fil50_10824_ref_tagalog5_LIST_REMINDERS.wav,9348e0762518c70e609478419c6ee56d168dce7ed0a22118b9600389a0d1cb01
vcm_val_015335.wav,fil50_14116_ref_tagalog9_TIME.wav,04ed557613a365af496f7cab4b6dd53184835a08d9a3cf8538c0618eaee4cd22
vcm_val_015336.wav,fil50_00850_ref_ilonggo1_TIMER.wav,1dcc8bb2cf67f671c530e3e3e25d96957b026b63a9a6cd4a018d2258a64cfa7c
vcm_val_015339.wav,fil50_13312_ref_tagalog8_PLAY_MUSIC.wav,2478340423b9dad1c80ad84736ced0d5b8c63316104cbe2f612537f068b172aa
vcm_val_015343.wav,fil50_11645_ref_tagalog6_BRIGHTNESS.wav,70ba5527ce00ad6c28f241c688434b0fa9ec05e6bc3069ebf451480aadd283f6
vcm_val_015346.wav,fil50_05857_ref_tagalog14_CREATE_REMINDER.wav,d4bdadefb3dbe9e1d6ae0fc38698d32eaf8995c92ca5357c1f24a4c3d81dcca0
vcm_val_015347.wav,fil50_03302_ref_tagalog11_BRIGHTNESS.wav,777c194b4175d13dbc8aec5b4da4f8967f3e91c28b5dea8c1beec7606b256463
vcm_val_015350.wav,fil50_08265_ref_tagalog2_COLOR.wav,28a6e6d143d160547c8748a52f6e14dc23a564679041371bc7b304a1e9cae97b
vcm_val_015351.wav,fil50_10825_ref_tagalog5_TIMER.wav,a756d4f3952474d73b8bb785cac3cc5382c540c58cbba1f69b89cc6aa817de44
vcm_val_015352.wav,fil50_14117_ref_tagalog9_ALARM.wav,a801ae28d80d9d7790273cc8606915b1b300953f658212e3cd070c3103b1acc1
vcm_val_015353.wav,fil50_00851_ref_ilonggo1_NEXT.wav,cf6e636b65e1fc4f3b4333bae4ed8527a707633a4a98ad1432e9305f9eca7ed6
vcm_val_015355.wav,fil50_06696_ref_tagalog15_LIGHT_ON.wav,477a1eaef841b598942709cbd66e228d61d153e1c2806e49c91d4a4d70a79a52
vcm_val_015359.wav,fil50_04172_ref_tagalog12_TIME.wav,4092d49a2fb7b880c5f24e32348b127f00fbdf9831ac9b11e3476c15feb48254
vcm_val_015363.wav,fil50_05859_ref_tagalog14_PAUSE.wav,3108aa13165152f5cd42481c726953889e37eb993507ef83e46ae25613b0895e
vcm_val_015365.wav,fil50_09113_ref_tagalog3_TEMPERATURE.wav,e2d7ec00ec4e98098474253df3917aee9fa839eb604690a00c2633a3ed359b2d
vcm_val_015366.wav,fil50_12498_ref_tagalog7_MESSAGE.wav,1531e5281d61668e7318822f8ee656f58a73a2b47a1b52db84c6cb797496a773
vcm_val_015367.wav,fil50_08266_ref_tagalog2_TEMPERATURE.wav,d2ab089d48bc3121bbd1e7613486d4bdfdf21876c9d37ee4d02e4f86e930fdb9
vcm_val_015369.wav,fil50_14118_ref_tagalog9_TEMPERATURE.wav,eaf17b62f6f17c8cd66accd99db1c8b680493770ba86b72c2d213222abd17e0e
vcm_val_015370.wav,fil50_00853_ref_ilonggo1_CREATE_REMINDER.wav,cd9247217da4b8bb2d7d3fe175c6d2ab362509fb68ce3f35a73be6e0e0060227
vcm_val_015372.wav,fil50_06697_ref_tagalog15_MESSAGE.wav,8db85ddaf631bcbed530ffa105f7c1c4ff54ff6a3d1608fd18075895798794d4
vcm_val_015373.wav,fil50_13314_ref_tagalog8_BRIGHTNESS.wav,67c2b28c9ce3fb9336fdc21d344785ac7fb6e1c801a0bc35d24551a45f3afdce
vcm_val_015374.wav,fil50_09951_ref_tagalog4_STOP.wav,09e76aa8bd2acbfbba8dfbbc83cf51f0335bc37dbe0cf0c842f57582ab97981c
vcm_val_015377.wav,fil50_11647_ref_tagalog6_PLAY_MUSIC.wav,e47126dd63c4006bd51d1cb969abe5777b132660f2f8e48f64049d065f09c5f1
vcm_val_015379.wav,fil50_07359_ref_tagalog16_TEMPERATURE.wav,569b0e1aea115ea24f634ece746579f7a70fcba3c7c746b8e58c2e7f9ec24698
vcm_val_015380.wav,fil50_05861_ref_tagalog14_COLOR.wav,a9410d86373c9b42ef47faf67fa09de4a15af189d67830147a0b70eb6d0358f1
vcm_val_015381.wav,fil50_03303_ref_tagalog11_NEXT.wav,9eba0dbb0c9285a83c1677fd804a98df6779b83b58aaaaef3acfaa63d8541b14
vcm_val_015382.wav,fil50_09115_ref_tagalog3_VOLUME_DOWN.wav,4aee1f11f76d965aaf0ea9ce00f61acd49056ef102b85afb053493df5fc23175
vcm_val_015383.wav,fil50_12499_ref_tagalog7_TEMPERATURE.wav,83b47a58d3a58a2fb86ee330367c27eaf8b534b507efb502b8128f6f00da98b5
vcm_val_015385.wav,fil50_10826_ref_tagalog5_VOLUME_DOWN.wav,91250899a2b1a22b8d044b955b2b1ef706b565ec77fabf6711d79ef13ebeeb5f
vcm_val_015389.wav,fil50_06699_ref_tagalog15_ALARM.wav,566e2cda7254e6110fe2feb12efd0d9a8a10ce75ce54ae4f3a9a6dc1dd25352e
vcm_val_015391.wav,fil50_09952_ref_tagalog4_COLOR.wav,12455880108869d2c7ce50f7f6efcda98edf9fa55314b93ac4895a138a0f9563
